"PostOfficeName","Pincode","DistrictsName","City","State"
"Aberdeen Bazar","744104","A&N Islands","Port Blair","Andaman Nicobar"
"Bakultala","744208","A&N Islands","Port Blair","Andaman Nicobar"
"Bambooflat","744107","A&N Islands","Port Blair","Andaman Nicobar"
"Betapur","744201","A&N Islands","Port Blair","Andaman Nicobar"
"Campbell Bay","744302","A&N Islands","Port Blair","Andaman Nicobar"
"Car Nicobar","744301","Car Nicobar","Car Nicobar","Andaman Nicobar"
"Diglipur","744202","A&N Islands","Port Blair","Andaman Nicobar"
"Haddo","744102","A&N Islands","Port Blair","Andaman Nicobar"
"Havelock","744211","A&N Islands","Port Blair","Andaman Nicobar"
"Hut Bay","744207","A&N Islands","Port Blair","Andaman Nicobar"
"Jangli Ghat","744103","A&N Islands","Port Blair","Andaman Nicobar"
"Kadamtala A & N","744209","A&N Islands","Port Blair","Andaman Nicobar"
"Kapanga","744304","A&N Islands","Port Blair","Andaman Nicobar"
"Long Island","744203","A&N Islands","Port Blair","Andaman Nicobar"
"Marine Jetty","744101","A&N Islands","Port Blair","Andaman Nicobar"
"Mayabunder","744204","A&N Islands","Port Blair","Andaman Nicobar"
"N S Building","744101","A&N Islands","Port Blair","Andaman Nicobar"
"Nancowrie","744303","A&N Islands","Port Blair","Andaman Nicobar"
"Neel Island","744104","A&N Islands","Port Blair","Andaman Nicobar"
"New Secretariate Bldg","744105","A&N Islands","Port Blair","Andaman Nicobar"
"Oralkatcha","744210","A&N Islands","Port Blair","Andaman Nicobar"
"Port Blair","744101","A&N Islands","Port Blair","Andaman Nicobar"
"Ranghat","744205","A&N Islands","Port Blair","Andaman Nicobar"
"Shadipur","744106","A&N Islands","Port Blair","Andaman Nicobar"
"Wimberlygunji","744206","A&N Islands","Port Blair","Andaman Nicobar"
"A C Nagar","524002","Nellore","Nellore","Andhra Pradesh"
"A C Palli","508207","Nalgonda","Nalgonda","Andhra Pradesh"
"A G M Colony","504251","Adilabad","Adilabad","Andhra Pradesh"
"A G'S Office","500463","Hyderabad","Hyderabad","Andhra Pradesh"
"A G'S Office Staff","500890","Hyderabad","Hyderabad","Andhra Pradesh"
"A M A L College","531001","Vishakhapatnam","Vishakhapatnam","Andhra Pradesh"
"A P E R L","500030","Hyderabad","Hyderabad","Andhra Pradesh"
"A P S E Board","500049","Hyderabad","Hyderabad","Andhra Pradesh"
"A Raichur","509343","Mahboobnagar","Mahboobnagar","Andhra Pradesh"
"A T Agraharam","522004","Guntur","Guntur","Andhra Pradesh"
"A T P Collectorate","515001","Anantapur","Anantapur","Andhra Pradesh"
"Aallagadda","518543","Kurnool","Kurnool","Andhra Pradesh"
"Abadi Ghanpur","506144","Warangal","Warangal","Andhra Pradesh"
"Abadi Ramagundam","505208","Karimnagar","Karimnagar","Andhra Pradesh"
"Abbinenigunta Palem","522015","Guntur","Guntur","Andhra Pradesh"
"Abburu","522403","Guntur","Guntur","Andhra Pradesh"
"Ac Guards","500004","Hyderabad","Hyderabad","Andhra Pradesh"
"Academy","500252","Hyderabad","Hyderabad","Andhra Pradesh"
"Achampet","509375","Mahboobnagar","Lingotam","Andhra Pradesh"
"Achanta","534123","West Godavari","Achanta","Andhra Pradesh"
"Achutapuram","531011","Vishakhapatnam","Vishakhapatnam","Andhra Pradesh"
"Adarsh Nagar","504001","Adilabad","Adilabad","Andhra Pradesh"
"Adarsh Nagar","500463","Hyderabad","Hyderabad","Andhra Pradesh"
"Addanki","523201","Prakasam","Addanki","Andhra Pradesh"
"Addanki Gate","523001","Prakasam","Prakasam","Andhra Pradesh"
"Addatigala","533428","East Godavari","East Godavari","Andhra Pradesh"
"Adilabad","504001","Adilabad","Adilabad","Andhra Pradesh"
"Adilabad Collecotorate","504002","Adilabad","Adilabad","Andhra Pradesh"
"Adivarampet","505188","Karimnagar","Adivarampet","Andhra Pradesh"
"Adm Bldgs","507101","Khammam","Khammam","Andhra Pradesh"
"Administrative Building","500007","Hyderabad","Hyderabad","Andhra Pradesh"
"Administrative Building","500032","Hyderabad","Hyderabad","Andhra Pradesh"
"Adoni","518301","Kurnool","Adoni","Andhra Pradesh"
"Adoni Arts College","518302","Kurnool","Kurnool","Andhra Pradesh"
"Adoni Cotton Market","518301","Kurnool","Kurnool","Andhra Pradesh"
"Adoni Town","518301","Kurnool","Kurnool","Andhra Pradesh"
"Adsarla Pally","508367","Nalgonda","Nalgonda","Andhra Pradesh"
"Advanced Training Institute","500007","Hyderabad","Hyderabad","Andhra Pradesh"
"Advula Divi","522263","Guntur","Guntur","Andhra Pradesh"
"Afzal Gunj","500012","Hyderabad","Hyderabad","Andhra Pradesh"
"Agadur","516421","Cuddapah","Agadur","Andhra Pradesh"
"Agali","515311","Anantapur","Anantapur","Andhra Pradesh"
"Agnoor","501146","Ranga Reddy","Agnoor","Andhra Pradesh"
"Agraharam","522270","Guntur","Guntur","Andhra Pradesh"
"Agraharam","534196","West Godavari","West Godavari","Andhra Pradesh"
"Agri Market Yard","522004","Guntur","Guntur","Andhra Pradesh"
"Agricultural College Jubilee","500030","Hyderabad","Hyderabad","Andhra Pradesh"
"Ahmed Nagar","500028","Hyderabad","Hyderabad","Andhra Pradesh"
"Ahmed Nagar","523155","Prakasam","Prakasam","Andhra Pradesh"
"Ainapur","501522","Ranga Reddy","Ainapur","Andhra Pradesh"
"Ainavolu","522659","Guntur","Guntur","Andhra Pradesh"
"Air Force Academy","500043","Hyderabad","Hyderabad","Andhra Pradesh"
"Aitipamula","508216","Nalgonda","Nalgonda","Andhra Pradesh"
"Ajit Nagar","520015","Krishna","Krishna","Andhra Pradesh"
"Ajjada","532552","Srikakulam","Ajjada","Andhra Pradesh"
"Ajjaram","534339","West Godavari","West Godavari","Andhra Pradesh"
"Akepadu","516132","Cuddapah","Cuddapah","Andhra Pradesh"
"Akividu","534235","West Godavari","West Godavari","Andhra Pradesh"
"Akividu Bazar","534235","West Godavari","West Godavari","Andhra Pradesh"
"Akkalareddy Palle","516506","Kurnool","Kurnool","Andhra Pradesh"
"Akkayyapelem","530016","Vishakhapatnam","Vishakhapatnam","Andhra Pradesh"
"Akkupalle","532219","Srikakulam","Srikakulam","Andhra Pradesh"
"Akkurti","517536","Chittoor","Chittoor","Andhra Pradesh"
"Akumalla","518196","Kurnool","Kurnool","Andhra Pradesh"
"Akunuru","521245","Krishna","Krishna","Andhra Pradesh"
"Akuthotapally","509362","Mahboobnagar","Mahboobnagar","Andhra Pradesh"
"Alamanda R S","531240","Vizianagaram","Vizianagaram","Andhra Pradesh"
"Alampur","509152","Mahboobnagar","Mahboobnagar","Andhra Pradesh"
"Alamuru","533233","East Godavari","East Godavari","Andhra Pradesh"
"Alamuru","534126","West Godavari","West Godavari","Andhra Pradesh"
"Alcot Gardens","533101","East Godavari","East Godavari","Andhra Pradesh"
"Algunur","505533","Karimnagar","Karimnagar","Andhra Pradesh"
"Alipur","505330","Karimnagar","Karimnagar","Andhra Pradesh"
"Alir","508101","Nalgonda","Nalgonda","Andhra Pradesh"
"Alla Durg","502269","Medak","Medak","Andhra Pradesh"
"Allagadda North","518543","Kurnool","Kurnool","Andhra Pradesh"
"Allavaram","533217","East Godavari","East Godavari","Andhra Pradesh"
"Allipur","502310","Medak","Medak","Andhra Pradesh"
"Allipuram","530004","Vishakhapatnam","Vishakhapatnam","Andhra Pradesh"
"Allor","503214","Nizamabad","Nizamabad","Andhra Pradesh"
"Allur","524315","Nellore","Nellore","Andhra Pradesh"
"Allurpet","524315","Nellore","Nellore","Andhra Pradesh"
"Alluru","509150","Mahboobnagar","Mahboobnagar","Andhra Pradesh"
"Aloor","501514","Ranga Reddy","Ranga Reddy","Andhra Pradesh"
"Alur","518395","Kurnool","Kurnool","Andhra Pradesh"
"Alwal Pahad","509149","Mahboobnagar","Mahboobnagar","Andhra Pradesh"
"Amada Bakula","509388","Mahboobnagar","Mahboobnagar","Andhra Pradesh"
"Amadagur","515566","Anantapur","Anantapur","Andhra Pradesh"
"Amadala Valasa","532185","Srikakulam","Srikakulam","Andhra Pradesh"
"Amadalavalasa Gate","532185","Srikakulam","Srikakulam","Andhra Pradesh"
"Amadapur","501504","Ranga Reddy","Ranga Reddy","Andhra Pradesh"
"Amalapuram","533201","East Godavari","Amalapuram","Andhra Pradesh"
"Amalapuram Bus Complex","533201","East Godavari","East Godavari","Andhra Pradesh"
"Amalla Dinne","515445","Anantapur","Anantapur","Andhra Pradesh"
"Amangal","509321","Mahboobnagar","Mahboobnagar","Andhra Pradesh"
"Amarabad","509201","Mahboobnagar","Mahboobnagar","Andhra Pradesh"
"Amarapuram","515281","Anantapur","Anantapur","Andhra Pradesh"
"Amaravathi Guntur","522020","Guntur","Guntur","Andhra Pradesh"
"Amaravati Road","522007","Guntur","Guntur","Andhra Pradesh"
"Amarchinta","509130","Mahboobnagar","Mahboobnagar","Andhra Pradesh"
"Amarvoi","509142","Mahboobnagar","Mahboobnagar","Andhra Pradesh"
"Ambajipeta","533214","East Godavari","East Godavari","Andhra Pradesh"
"Ambam","503235","Nizamabad","Nizamabad","Andhra Pradesh"
"Ambaripet","505306","Karimnagar","Karimnagar","Andhra Pradesh"
"Ambedkar Nagar","502103","Medak","Medak","Andhra Pradesh"
"Amberpet","500013","Hyderabad","Hyderabad","Andhra Pradesh"
"Ameerpet","500016","Hyderabad","Hyderabad","Andhra Pradesh"
"Amerpeta","509330","Mahboobnagar","Mahboobnagar","Andhra Pradesh"
"Amidyala Mopidi","515822","Anantapur","Anantapur","Andhra Pradesh"
"Ammana Brolu Raparla","523180","Prakasam","Prakasam","Andhra Pradesh"
"Ampole","532015","Srikakulam","Srikakulam","Andhra Pradesh"
"Amrut Nagar","508219","Nalgonda","Nalgonda","Andhra Pradesh"
"Amrutalur","522325","Guntur","Guntur","Andhra Pradesh"
"Anajpur","508290","Nalgonda","Nalgonda","Andhra Pradesh"
"Anakapalle","531001","Vishakhapatnam","Anakapalle","Andhra Pradesh"
"Anakapalle Bazar","531001","Vishakhapatnam","Vishakhapatnam","Andhra Pradesh"
"Anakapalle Bus Stand","531001","Vishakhapatnam","Vishakhapatnam","Andhra Pradesh"
"Anakapalle R S","531001","Vishakhapatnam","Vishakhapatnam","Andhra Pradesh"
"Anand Nagar","500004","Hyderabad","Hyderabad","Andhra Pradesh"
"Anandapeta","522003","Guntur","Guntur","Andhra Pradesh"
"Anandapuram","530042","Vishakhapatnam","Vishakhapatnam","Andhra Pradesh"
"Anantapalli","534111","West Godavari","West Godavari","Andhra Pradesh"
"Anantapur","515001","Anantapur","Anantapur","Andhra Pradesh"
"Anantapur Engineering College","515002","Anantapur","Anantapur","Andhra Pradesh"
"Anantapuram","516357","Cuddapah","Cuddapah","Andhra Pradesh"
"Anantarajupeta","516105","Cuddapah","Cuddapah","Andhra Pradesh"
"Anantarajupuram","516228","Cuddapah","Cuddapah","Andhra Pradesh"
"Anantasagaram","524302","Nellore","Nellore","Andhra Pradesh"
"Anantavaram","533222","East Godavari","East Godavari","Andhra Pradesh"
"Anantavaram","522301","Guntur","Guntur","Andhra Pradesh"
"Anantavarappadu Guntur","522014","Guntur","Guntur","Andhra Pradesh"
"Anantha Giripalle","501105","Ranga Reddy","Ranga Reddy","Andhra Pradesh"
"Ananthaiahgiri Pally","516116","Cuddapah","Cuddapah","Andhra Pradesh"
"Anaparthi","533342","East Godavari","East Godavari","Andhra Pradesh"
"Anaparthi Old Town","533342","East Godavari","East Godavari","Andhra Pradesh"
"Anata Giri","501201","Ranga Reddy","Ranga Reddy","Andhra Pradesh"
"Andhra Kesari Nagar","524004","Nellore","Nellore","Andhra Pradesh"
"Andhra Mahila Sabha","500044","Hyderabad","Hyderabad","Andhra Pradesh"
"Andhra Nagar","503215","Nizamabad","Nizamabad","Andhra Pradesh"
"Andhra University","530003","Vishakhapatnam","Vishakhapatnam","Andhra Pradesh"
"Andole","502273","Medak","Medak","Andhra Pradesh"
"Anemadugu","524203","Nellore","Nellore","Andhra Pradesh"
"Angala Kuduru","522211","Guntur","Guntur","Andhra Pradesh"
"Angalur","521330","Krishna","Krishna","Andhra Pradesh"
"Angara","533307","East Godavari","East Godavari","Andhra Pradesh"
"Anjapur","508290","Nalgonda","Nalgonda","Andhra Pradesh"
"Annanta Giri","508227","Nalgonda","Nalgonda","Andhra Pradesh"
"Annavaram","533406","East Godavari","East Godavari","Andhra Pradesh"
"Annuma Samudrmpeta","524304","Nellore","Nellore","Andhra Pradesh"
"Antarvedipalem","533252","East Godavari","East Godavari","Andhra Pradesh"
"Anthakpet","505466","Karimnagar","Karimnagar","Andhra Pradesh"
"Anthergaon Textiles","505514","Karimnagar","Karimnagar","Andhra Pradesh"
"Anumanchipalli","521176","Krishna","Krishna","Andhra Pradesh"
"Appannapalle","533557","East Godavari","East Godavari","Andhra Pradesh"
"Apparao St","517325","Chittoor","Chittoor","Andhra Pradesh"
"Appecherla","515455","Anantapur","Anantapur","Andhra Pradesh"
"Appi Katla","522310","Guntur","Guntur","Andhra Pradesh"
"Apsp Camp","533005","East Godavari","East Godavari","Andhra Pradesh"
"Apsp Camp","500049","Hyderabad","Hyderabad","Andhra Pradesh"
"Apsp Colony","522503","Guntur","Guntur","Andhra Pradesh"
"Apsp Quarters","531230","Vizianagaram","Vizianagaram","Andhra Pradesh"
"Araku Colony","531149","Vishakhapatnam","Vishakhapatnam","Andhra Pradesh"
"Araku R S","531151","Vishakhapatnam","Vishakhapatnam","Andhra Pradesh"
"Arasa Villi","532401","Srikakulam","Srikakulam","Andhra Pradesh"
"Aravalli","534230","West Godavari","West Godavari","Andhra Pradesh"
"Aravind Nagar","515001","Anantapur","Anantapur","Andhra Pradesh"
"Aremanipadu","524119","Nellore","Nellore","Andhra Pradesh"
"Armoor","503224","Nizamabad","Nizamabad","Andhra Pradesh"
"Armoor Bus Station","503224","Nizamabad","Nizamabad","Andhra Pradesh"
"Armoor Old Town","503224","Nizamabad","Nizamabad","Andhra Pradesh"
"Arogyavaram","517330","Chittoor","Chittoor","Andhra Pradesh"
"Arror","508112","Nalgonda","Nalgonda","Andhra Pradesh"
"Arthavidu","523335","Prakasam","Prakasam","Andhra Pradesh"
"Arugolanu","521114","Krishna","Krishna","Andhra Pradesh"
"Arugolanu","534152","West Godavari","West Godavari","Andhra Pradesh"
"Arugonda","517129","Chittoor","Chittoor","Andhra Pradesh"
"Arundal Pet","520002","Krishna","Krishna","Andhra Pradesh"
"Arundalpet","522002","Guntur","Guntur","Andhra Pradesh"
"Arundalpet","522601","Guntur","Guntur","Andhra Pradesh"
"Arya Nagar","502220","Medak","Medak","Andhra Pradesh"
"Aryapuram","533104","East Godavari","East Godavari","Andhra Pradesh"
"Asappannapet","505173","Karimnagar","Karimnagar","Andhra Pradesh"
"Ashok Nagar","500020","Hyderabad","Hyderabad","Andhra Pradesh"
"Ashok Nagar","518005","Kurnool","Kurnool","Andhra Pradesh"
"Ashok Nagar","506133","Warangal","Warangal","Andhra Pradesh"
"Ashwapur","507116","Khammam","Khammam","Andhra Pradesh"
"Asif Nagar","500028","Hyderabad","Hyderabad","Andhra Pradesh"
"Asifabad","504293","Adilabad","Asifabad","Andhra Pradesh"
"Aspari","518347","Kurnool","Kurnool","Andhra Pradesh"
"Aswaraopet","507301","Khammam","Khammam","Andhra Pradesh"
"Atchampeta","522409","Guntur","Guntur","Andhra Pradesh"
"Atchutapuram","531011","Vishakhapatnam","Vishakhapatnam","Andhra Pradesh"
"Atlur","516501","Cuddapah","Cuddapah","Andhra Pradesh"
"Atmakur","515751","Anantapur","Anantapur","Andhra Pradesh"
"Atmakur","518422","Kurnool","Kurnool","Andhra Pradesh"
"Atmakur","502292","Medak","Medak","Andhra Pradesh"
"Atmakur","508111","Nalgonda","Nalgonda","Andhra Pradesh"
"Atmakur","524322","Nellore","Nellore","Andhra Pradesh"
"Atmakur","506342","Warangal","Warangal","Andhra Pradesh"
"Atmakur Amarchinta","509131","Mahboobnagar","Mahboobnagar","Andhra Pradesh"
"Atreyapuram","533235","East Godavari","East Godavari","Andhra Pradesh"
"Attili","534134","West Godavari","West Godavari","Andhra Pradesh"
"Attili Bazar","534134","West Godavari","West Godavari","Andhra Pradesh"
"Aukiripalli","521211","Krishna","Krishna","Andhra Pradesh"
"Aura Palli","509363","Mahboobnagar","Mahboobnagar","Andhra Pradesh"
"Autonagar","530012","Vishakhapatnam","Vishakhapatnam","Andhra Pradesh"
"Avanigadda","521121","Krishna","Krishna","Andhra Pradesh"
"Avanigadda Bazar","521121","Krishna","Krishna","Andhra Pradesh"
"Avidi","533230","East Godavari","East Godavari","Andhra Pradesh"
"Avn College Road","530001","Vishakhapatnam","Vishakhapatnam","Andhra Pradesh"
"Ayithe Palle","517109","Chittoor","Chittoor","Andhra Pradesh"
"Ayodyanagar","520003","Krishna","Krishna","Andhra Pradesh"
"Ayyavaripalle","517278","Chittoor","Chittoor","Andhra Pradesh"
"Aziz Nagar","501504","Ranga Reddy","Ranga Reddy","Andhra Pradesh"
"B K Guda","500038","Hyderabad","Hyderabad","Andhra Pradesh"
"B T Project","515862","Anantapur","Anantapur","Andhra Pradesh"
"Bacon Factory","521102","Krishna","Krishna","Andhra Pradesh"
"Badvel","516227","Cuddapah","Cuddapah","Andhra Pradesh"
"Badvel Bus Stand","516227","Cuddapah","Cuddapah","Andhra Pradesh"
"Bahadur Purra","500264","Hyderabad","Hyderabad","Andhra Pradesh"
"Baireddi Palle","517415","Chittoor","Chittoor","Andhra Pradesh"
"Bakaram","500048","Hyderabad","Hyderabad","Andhra Pradesh"
"Bakarapet","517194","Chittoor","Chittoor","Andhra Pradesh"
"Bala Nagar","509202","Mahboobnagar","Mahboobnagar","Andhra Pradesh"
"Balaji Nagar","522202","Guntur","Guntur","Andhra Pradesh"
"Balaji Nagar","508206","Nalgonda","Nalgonda","Andhra Pradesh"
"Balaji Nagar","524002","Nellore","Nellore","Andhra Pradesh"
"Balapanur","516484","Cuddapah","Cuddapah","Andhra Pradesh"
"Balaramunipeta","521001","Krishna","Krishna","Andhra Pradesh"
"Balathimmaya Gari","516484","Cuddapah","Cuddapah","Andhra Pradesh"
"Balaya Palli","524129","Nellore","Nellore","Andhra Pradesh"
"Balijapalle","517561","Chittoor","Chittoor","Andhra Pradesh"
"Baliji Peta","532557","Vizianagaram","Vizianagaram","Andhra Pradesh"
"Balkonda","503217","Nizamabad","Balkonda","Andhra Pradesh"
"Balusupadu","521177","Krishna","Balusupadu","Andhra Pradesh"
"Banagana Palle","518124","Kurnool","Kurnool","Andhra Pradesh"
"Banaganapalle","518124","Kurnool","Kurnool","Andhra Pradesh"
"Bandankal","505407","Karimnagar","Bandankal","Andhra Pradesh"
"Bandar Lanka","533221","East Godavari","East Godavari","Andhra Pradesh"
"Bandarupalle","522021","Guntur","Guntur","Andhra Pradesh"
"Bandi Atmakur","518523","Kurnool","Kurnool","Andhra Pradesh"
"Bandi Palem","521179","Krishna","Krishna","Andhra Pradesh"
"Bandla Mottu","522663","Guntur","Guntur","Andhra Pradesh"
"Bandlamudi","523226","Prakasam","Prakasam","Andhra Pradesh"
"Bangaraopet","524404","Nellore","Nellore","Andhra Pradesh"
"Bangaru Palem","517416","Chittoor","Chittoor","Andhra Pradesh"
"Banigandla Pahad","507202","Khammam","Khammam","Andhra Pradesh"
"Banjara Hills Hyderabad","500034","Hyderabad","Hyderabad","Andhra Pradesh"
"Bank Street","508213","Nalgonda","Nalgonda","Andhra Pradesh"
"Banswada","503187","Nizamabad","Banswada","Andhra Pradesh"
"Banswada Bazar","503187","Nizamabad","Nizamabad","Andhra Pradesh"
"Bapuji Nagar","506003","Warangal","Warangal","Andhra Pradesh"
"Bara E Imam","502103","Medak","Medak","Andhra Pradesh"
"Bardipur","503231","Nizamabad","Bardipur","Andhra Pradesh"
"Barkatpura","500027","Hyderabad","Hyderabad","Andhra Pradesh"
"Baruva","532263","Srikakulam","Srikakulam","Andhra Pradesh"
"Baruva R S","532264","Srikakulam","Srikakulam","Andhra Pradesh"
"Basant Nagar","505187","Karimnagar","Karimnagar","Andhra Pradesh"
"Basar","504101","Adilabad","Adilabad","Andhra Pradesh"
"Basavanahalli","515306","Anantapur","Anantapur","Andhra Pradesh"
"Basheer Bagh","500001","Hyderabad","Hyderabad","Andhra Pradesh"
"Basheerabad","501143","Ranga Reddy","Ranga Reddy","Andhra Pradesh"
"Batasingaram","501528","Ranga Reddy","Ranga Reddy","Andhra Pradesh"
"Batchupeta","521001","Krishna","Krishna","Andhra Pradesh"
"Bathala Palle","515661","Anantapur","Anantapur","Andhra Pradesh"
"Battilli","532456","Srikakulam","Srikakulam","Andhra Pradesh"
"Bayanapalle","516164","Cuddapah","Cuddapah","Andhra Pradesh"
"Bayaram","507127","Khammam","Khammam","Andhra Pradesh"
"Bayyaram","507211","Khammam","Khammam","Andhra Pradesh"
"Bazar Ghat","500004","Hyderabad","Hyderabad","Andhra Pradesh"
"Bazole","533242","East Godavari","East Godavari","Andhra Pradesh"
"Beat Bazar","506002","Warangal","Warangal","Andhra Pradesh"
"Beerappagadda","500039","Hyderabad","Hyderabad","Andhra Pradesh"
"Begampet","505188","Karimnagar","Karimnagar","Andhra Pradesh"
"Begum Bazar","500012","Hyderabad","Hyderabad","Andhra Pradesh"
"Begumpet","500016","Hyderabad","Hyderabad","Andhra Pradesh"
"Begumpet Police Lines","500003","Hyderabad","Hyderabad","Andhra Pradesh"
"Bejjanki","505528","Karimnagar","Karimnagar","Andhra Pradesh"
"Bela","504324","Adilabad","Adilabad","Andhra Pradesh"
"Belalgal","518462","Kurnool","Kurnool","Andhra Pradesh"
"Bellam Konda","522411","Guntur","Guntur","Andhra Pradesh"
"Bellam Palli","504251","Adilabad","Adilabad","Andhra Pradesh"
"Bellampalli Basti","504251","Adilabad","Adilabad","Andhra Pradesh"
"Bellampalli R S","504251","Adilabad","Adilabad","Andhra Pradesh"
"Bellavista","500049","Hyderabad","Hyderabad","Andhra Pradesh"
"Belu Guppa","515741","Anantapur","Anantapur","Andhra Pradesh"
"Benarjipeta","534001","West Godavari","West Godavari","Andhra Pradesh"
"Benda Pudi","533409","West Godavari","West Godavari","Andhra Pradesh"
"Bendamur Lanka","533210","East Godavari","East Godavari","Andhra Pradesh"
"Beripet","524126","Nellore","Nellore","Andhra Pradesh"
"Besent Road Civil Court","520002","Krishna","Krishna","Andhra Pradesh"
"Betamcherla","518599","Kurnool","Kurnool","Andhra Pradesh"
"Bethapudi","522279","Guntur","Guntur","Andhra Pradesh"
"Bethavolu","521301","Krishna","Krishna","Andhra Pradesh"
"Bhadrachalam","507111","Khammam","Bhadrachalam","Andhra Pradesh"
"Bhageswaram","534251","West Godavari","West Godavari","Andhra Pradesh"
"Bhagya Nagar","504001","Adilabad","Adilabad","Andhra Pradesh"
"Bhagya Nagar","518004","Kurnool","Kurnool","Andhra Pradesh"
"Bhainsa","504103","Adilabad","Bhainsa","Andhra Pradesh"
"Bhajana Mandir","507101","Khammam","Khammam","Andhra Pradesh"
"Bhaninagar Court Road","517501","Chittoor","Chittoor","Andhra Pradesh"
"Bharat Heavy Plates And V","530012","Vishakhapatnam","Vishakhapatnam","Andhra Pradesh"
"Bharat Nagar","502103","Medak","Medak","Andhra Pradesh"
"Bharpet","518301","Kurnool","Kurnool","Andhra Pradesh"
"Bhaskar Nagar","533003","East Godavari","East Godavari","Andhra Pradesh"
"Bhaskarapuram Bus Stand","521001","Krishna","Krishna","Andhra Pradesh"
"Bhatla Penu Marru","521140","Krishna","Krishna","Andhra Pradesh"
"Bhatti Prolu","522256","Guntur","Guntur","Andhra Pradesh"
"Bhavadevara Palle","521118","Krishna","Krishna","Andhra Pradesh"
"Bhawan Puram","521231","Krishna","Krishna","Andhra Pradesh"
"Bhawani Nagar","500002","Hyderabad","Hyderabad","Andhra Pradesh"
"Bhawanpet","503115","Nizamabad","Nizamabad","Andhra Pradesh"
"Bhee Mali","531241","Vizianagaram","Vizianagaram","Andhra Pradesh"
"Bheemana Palle","533514","East Godavari","East Godavari","Andhra Pradesh"
"Bheemanipatnam","531163","Vishakhapatnam","Vishakhapatnam","Andhra Pradesh"
"Bheemaran","504204","Adilabad","Adilabad","Andhra Pradesh"
"Bhemadeverapalli","505471","Karimnagar","Karimnagar","Andhra Pradesh"
"Bhiknoor","503101","Nizamabad","Nizamabad","Andhra Pradesh"
"Bhimagal","503307","Nizamabad","Nizamabad","Andhra Pradesh"
"Bhimavaram","517106","Chittoor","Chittoor","Andhra Pradesh"
"Bhimavaram","534201","West Godavari","West Godavari","Andhra Pradesh"
"Bhimavaram Bazar","534301","West Godavari","West Godavari","Andhra Pradesh"
"Bhimavaram Railway","534203","West Godavari","West Godavari","Andhra Pradesh"
"Bhimavarapu Kota","533410","East Godavari","East Godavari","Andhra Pradesh"
"Bhimeswarlayam","534301","West Godavari","West Godavari","Andhra Pradesh"
"Bhimgal Bus Stand","503307","Nizamabad","Nizamabad","Andhra Pradesh"
"Bhimpalli","505101","Kurnool","Kurnool","Andhra Pradesh"
"Bhogapuram","531216","Vizianagaram","Vizianagaram","Andhra Pradesh"
"Bhogir R S","508116","Nalgonda","Nalgonda","Andhra Pradesh"
"Bhoiguda","500003","Hyderabad","Hyderabad","Andhra Pradesh"
"Bholakpur","500003","Hyderabad","Hyderabad","Andhra Pradesh"
"Bhongir","508116","Nalgonda","Bhongir","Andhra Pradesh"
"Bhongir Ganj","508116","Nalgonda","Nalgonda","Andhra Pradesh"
"Bhrugu Gadda","508224","Nalgonda","Nalgonda","Andhra Pradesh"
"Bhuktapur","504001","Adilabad","Adilabad","Andhra Pradesh"
"Bhupathirao Colony","507112","Khammam","Khammam","Andhra Pradesh"
"Bhutpur","509382","Mahboobnagar","Mahboobnagar","Andhra Pradesh"
"Bibinagar","508126","Nalgonda","Nalgonda","Andhra Pradesh"
"Bibipet","503125","Nizamabad","Nizamabad","Andhra Pradesh"
"Biccavolu","533343","East Godavari","East Godavari","Andhra Pradesh"
"Bichukonda","503306","Nizamabad","Nizamabad","Andhra Pradesh"
"Bijgirishareef","505475","Karimnagar","Karimnagar","Andhra Pradesh"
"Bijna Palle","509203","Mahboobnagar","Mahboobnagar","Andhra Pradesh"
"Bijnur","505475","Karimnagar","Karimnagar","Andhra Pradesh"
"Bijwar","509145","Mahboobnagar","Mahboobnagar","Andhra Pradesh"
"Bingine Palle","523106","Prakasam","Prakasam","Andhra Pradesh"
"Birkur","503321","Nizamabad","Nizamabad","Andhra Pradesh"
"Bitragunta","524142","Nellore","Nellore","Andhra Pradesh"
"Bitragunta Locoshed","524142","Nellore","Nellore","Andhra Pradesh"
"Boath","504304","Adilabad","Adilabad","Andhra Pradesh"
"Bobbili Bazar","532573","Vizianagaram","Vizianagaram","Andhra Pradesh"
"Bobbili Church Road","532573","Vizianagaram","Vizianagaram","Andhra Pradesh"
"Bobbili R S College Road","532558","Vizianagaram","Vizianagaram","Andhra Pradesh"
"Bobbilli Govt Hospital Rd","532558","Vizianagaram","Vizianagaram","Andhra Pradesh"
"Bobblli","532558","Vizianagaram","Vizianagaram","Andhra Pradesh"
"Bodasakurru","533215","East Godavari","East Godavari","Andhra Pradesh"
"Bodemmanur","518146","Kurnool","Kurnool","Andhra Pradesh"
"Bodhan","503185","Nizamabad","Bodhan","Andhra Pradesh"
"Bodhan R S","503185","Nizamabad","Nizamabad","Andhra Pradesh"
"Bodi Palem","522354","Guntur","Guntur","Andhra Pradesh"
"Bodugullam","522354","Guntur","Guntur","Andhra Pradesh"
"Bogavalu","524142","Nellore","Nellore","Andhra Pradesh"
"Bokkudu Palli","516392","Cuddapah","Cuddapah","Andhra Pradesh"
"Bolarum","500010","Hyderabad","Hyderabad","Andhra Pradesh"
"Bollavaram","516360","Cuddapah","Cuddapah","Andhra Pradesh"
"Bollavaram","518517","Kurnool","Kurnool","Andhra Pradesh"
"Bomma Samudram","517134","Chittoor","Chittoor","Andhra Pradesh"
"Bommagani Palle","515763","Anantapur","Anantapur","Andhra Pradesh"
"Bommakal","505480","Karimnagar","Karimnagar","Andhra Pradesh"
"Bommakal","507204","Khammam","Khammam","Andhra Pradesh"
"Bommalaramaram","508126","Nalgonda","Nalgonda","Andhra Pradesh"
"Bommanapalli","505472","Karimnagar","Karimnagar","Andhra Pradesh"
"Bompally","501502","Ranga Reddy","Ranga Reddy","Andhra Pradesh"
"Bomraspet","509345","Mahboobnagar","Mahboobnagar","Andhra Pradesh"
"Bonangi","531160","Vishakhapatnam","Vishakhapatnam","Andhra Pradesh"
"Bondada","534207","West Godavari","West Godavari","Andhra Pradesh"
"Bondalawada","515427","Anantapur","Anantapur","Andhra Pradesh"
"Bondapalle","531260","Vizianagaram","Vizianagaram","Andhra Pradesh"
"Bondugula","508105","Nalgonda","Nalgonda","Andhra Pradesh"
"Bonthala Koduru","532408","Srikakulam","Srikakulam","Andhra Pradesh"
"Booragammanda","517146","Chittoor","Chittoor","Andhra Pradesh"
"Bopenpalli","505524","Karimnagar","Karimnagar","Andhra Pradesh"
"Bopparaju Palle","517108","Chittoor","Chittoor","Andhra Pradesh"
"Bosenagar","523155","Prakasam","Prakasam","Andhra Pradesh"
"Botla Gudur","523110","Prakasam","Prakasam","Andhra Pradesh"
"Boudha Nagar","500361","Hyderabad","Hyderabad","Andhra Pradesh"
"Bowin Palle","500011","Hyderabad","Hyderabad","Andhra Pradesh"
"Brahma Devam","524346","Nellore","Nellore","Andhra Pradesh"
"Brahma Puram","521370","Krishna","Krishna","Andhra Pradesh"
"Brahmana Kodur","522214","Guntur","Guntur","Andhra Pradesh"
"Brahmana Kotkur","518432","Kurnool","Kurnool","Andhra Pradesh"
"Brahmantarla","532220","Srikakulam","Srikakulam","Andhra Pradesh"
"Brodipet","522002","Guntur","Guntur","Andhra Pradesh"
"Brundavanam","524001","Nellore","Nellore","Andhra Pradesh"
"Buchampalle","501202","Ranga Reddy","Ranga Reddy","Andhra Pradesh"
"Buchinaidu Palle","517111","Chittoor","Chittoor","Andhra Pradesh"
"Buchinnapet","506221","Warangal","Warangal","Andhra Pradesh"
"Buchireddy Palem","524305","Nellore","Nellore","Andhra Pradesh"
"Buckinghampet","520002","Krishna","Krishna","Andhra Pradesh"
"Budam Padu","522013","Guntur","Guntur","Andhra Pradesh"
"Budharam","509213","Mahboobnagar","Mahboobnagar","Andhra Pradesh"
"Budili","515241","Anantapur","Anantapur","Andhra Pradesh"
"Budithi","532427","Srikakulam","Srikakulam","Andhra Pradesh"
"Budwarpet","504106","Adilabad","Adilabad","Andhra Pradesh"
"Buildings Compound","524003","Nellore","Nellore","Andhra Pradesh"
"Bukkapatnam","515144","Anantapur","Anantapur","Andhra Pradesh"
"Bukkaraya","515144","Anantapur","Anantapur","Andhra Pradesh"
"Bungalpet","504106","Adilabad","Adilabad","Andhra Pradesh"
"Burakayala Kota","517351","Chittoor","Chittoor","Andhra Pradesh"
"Buravilli","532417","Srikakulam","Srikakulam","Andhra Pradesh"
"Burgampahad","507114","Khammam","Khammam","Andhra Pradesh"
"Burhanpuram Bus Stn","507001","Khammam","Khammam","Andhra Pradesh"
"Burja","532445","Srikakulam","Srikakulam","Andhra Pradesh"
"Burja","532551","Srikakulam","Srikakulam","Andhra Pradesh"
"Burnpet","522601","Guntur","Guntur","Andhra Pradesh"
"Bus Stand","522201","Guntur","Guntur","Andhra Pradesh"
"Bus Stand","502110","Medak","Medak","Andhra Pradesh"
"Bus Stand","524305","Nellore","Nellore","Andhra Pradesh"
"Bus Stand","532312","Srikakulam","Srikakulam","Andhra Pradesh"
"Bus Stand Complex","503111","Nizamabad","Nizamabad","Andhra Pradesh"
"Bus Stand Guntur","522010","Guntur","Guntur","Andhra Pradesh"
"Bus Stand Jagannadapuram","532502","Vizianagaram","Vizianagaram","Andhra Pradesh"
"Bus Station","500003","Hyderabad","Hyderabad","Andhra Pradesh"
"Butchi Raju Palem Visakha","530006","Vishakhapatnam","Vishakhapatnam","Andhra Pradesh"
"Buthareddigudem","505102","Karimnagar","Karimnagar","Andhra Pradesh"
"Buttaipet","521001","Krishna","Krishna","Andhra Pradesh"
"Buttayagudem","534448","Warangal","Warangal","Andhra Pradesh"
"Buttuguda","508001","Nalgonda","Nalgonda","Andhra Pradesh"
"C C I","501158","Ranga Reddy","Ranga Reddy","Andhra Pradesh"
"C T R Bazar","517001","Chittoor","Chittoor","Andhra Pradesh"
"C T R Court Buildings","517001","Chittoor","Chittoor","Andhra Pradesh"
"C T R Market","517001","Chittoor","Chittoor","Andhra Pradesh"
"C T R South","517002","Chittoor","Chittoor","Andhra Pradesh"
"Calingapatnam","532406","Srikakulam","Srikakulam","Andhra Pradesh"
"Camp Ootpalli","503180","Nizamabad","Nizamabad","Andhra Pradesh"
"Campus","507154","Khammam","Khammam","Andhra Pradesh"
"Canal Campus","508202","Nalgonda","Nalgonda","Andhra Pradesh"
"Cathedral Compound","506381","Warangal","Warangal","Andhra Pradesh"
"Cci","532406","Srikakulam","Srikakulam","Andhra Pradesh"
"Cdp Almaspet","516001","Cuddapah","Cuddapah","Andhra Pradesh"
"Cdp Co-Op Colony","516001","Cuddapah","Cuddapah","Andhra Pradesh"
"Cdp Mandi Bazar","516001","Cuddapah","Cuddapah","Andhra Pradesh"
"Cdp Maruthi Nagar","516001","Cuddapah","Cuddapah","Andhra Pradesh"
"Cdp Masapet","516001","Cuddapah","Cuddapah","Andhra Pradesh"
"Cdp Mochampet","516001","Cuddapah","Cuddapah","Andhra Pradesh"
"Cdp Nagarjupet","516001","Cuddapah","Cuddapah","Andhra Pradesh"
"Cdp Sunnapurallapally","516001","Cuddapah","Cuddapah","Andhra Pradesh"
"Cement Nagar","518206","Kurnool","Kurnool","Andhra Pradesh"
"Cement Works","504209","Adilabad","Adilabad","Andhra Pradesh"
"Central Police Lines","500013","Hyderabad","Hyderabad","Andhra Pradesh"
"Central Secretariat","500022","Hyderabad","Hyderabad","Andhra Pradesh"
"Central Training Institute","500768","Hyderabad","Hyderabad","Andhra Pradesh"
"Central University Campus","500134","Ranga Reddy","Ranga Reddy","Andhra Pradesh"
"Ch Agraharam","534196","West Godavari","West Godavari","Andhra Pradesh"
"Chabala","515813","Anantapur","Anantapur","Andhra Pradesh"
"Chada","508111","Nalgonda","Nalgonda","Andhra Pradesh"
"Chagal","506301","Warangal","Warangal","Andhra Pradesh"
"Chagalamarri","518553","Kurnool","Kurnool","Andhra Pradesh"
"Chagallu","534342","West Godavari","West Godavari","Andhra Pradesh"
"Chaitanya Bharati","500171","Hyderabad","Hyderabad","Andhra Pradesh"
"Chaitanyapuri Colony","500036","Hyderabad","Hyderabad","Andhra Pradesh"
"Chakalakonda","524221","Nellore","Nellore","Andhra Pradesh"
"Chakrayapeta","516260","Cuddapah","Cuddapah","Andhra Pradesh"
"Chalakurthi","508350","Nalgonda","Nalgonda","Andhra Pradesh"
"Challa Palli","533503","East Godavari","East Godavari","Andhra Pradesh"
"Challa Palli","521126","Krishna","Krishna","Andhra Pradesh"
"Challapeta","532581","Vizianagaram","Vizianagaram","Andhra Pradesh"
"Challavari Palli","515419","Anantapur","Anantapur","Andhra Pradesh"
"Challore","505505","Karimnagar","Karimnagar","Andhra Pradesh"
"Chanchalguda","500024","Hyderabad","Hyderabad","Andhra Pradesh"
"Chandampet","508259","Nalgonda","Nalgonda","Andhra Pradesh"
"Chandana","515458","Anantapur","Anantapur","Andhra Pradesh"
"Chandapur","509115","Mahboobnagar","Mahboobnagar","Andhra Pradesh"
"Chandarla Padu","521182","Krishna","Krishna","Andhra Pradesh"
"Chandole","522311","Guntur","Guntur","Andhra Pradesh"
"Chandra Mouli Nagar","522007","Guntur","Guntur","Andhra Pradesh"
"Chandragiri","517101","Chittoor","Chittoor","Andhra Pradesh"
"Chandragiri Fort","517101","Chittoor","Chittoor","Andhra Pradesh"
"Chandramoulipuram Punnam","520010","Krishna","Krishna","Andhra Pradesh"
"Chandrapuram","507135","Khammam","Khammam","Andhra Pradesh"
"Chandulal Baradari","500264","Hyderabad","Hyderabad","Andhra Pradesh"
"Chandupatla","508116","Nalgonda","Nalgonda","Andhra Pradesh"
"Chandur Vattikodu","508255","Nalgonda","Nalgonda","Andhra Pradesh"
"Chanmukla","505505","Karimnagar","Karimnagar","Andhra Pradesh"
"Chapara","532216","Srikakulam","Srikakulam","Andhra Pradesh"
"Chapi Revula","518675","Kurnool","Kurnool","Andhra Pradesh"
"Charak Palli","502221","Medak","Medak","Andhra Pradesh"
"Charala","517260","Chittoor","Chittoor","Andhra Pradesh"
"Charla","507133","Khammam","Khammam","Andhra Pradesh"
"Chata Parru","534004","West Godavari","West Godavari","Andhra Pradesh"
"Chatragadda","522274","Guntur","Guntur","Andhra Pradesh"
"Chavali","522277","Guntur","Guntur","Andhra Pradesh"
"Chavata Palem","523188","Prakasam","Prakasam","Andhra Pradesh"
"Chayapuram","515843","Anantapur","Anantapur","Andhra Pradesh"
"Chebrole","533449","East Godavari","East Godavari","Andhra Pradesh"
"Chebrole","522212","Guntur","Guntur","Andhra Pradesh"
"Cheerlavancha","505412","Karimnagar","Karimnagar","Andhra Pradesh"
"Chegunta","502255","Medak","Medak","Andhra Pradesh"
"Chegur","509333","Mahboobnagar","Mahboobnagar","Andhra Pradesh"
"Chekur","509332","Mahboobnagar","Mahboobnagar","Andhra Pradesh"
"Chelkur","501516","Ranga Reddy","Ranga Reddy","Andhra Pradesh"
"Chelluru","533261","East Godavari","East Godavari","Andhra Pradesh"
"Chelpur","505468","Karimnagar","Karimnagar","Andhra Pradesh"
"Chelpur","506168","Warangal","Warangal","Andhra Pradesh"
"Chembakur","517417","Chittoor","Chembakur","Andhra Pradesh"
"Chendra Sekhara","517417","Chittoor","Chittoor","Andhra Pradesh"
"Chengalrao Pet","530001","Vishakhapatnam","Vishakhapatnam","Andhra Pradesh"
"Chenna Kotha Palli","515101","Anantapur","Anantapur","Andhra Pradesh"
"Chennam Palle","516502","Cuddapah","Cuddapah","Andhra Pradesh"
"Chennarao Peta","506332","Warangal","Warangal","Andhra Pradesh"
"Chennarayuni","506332","Warangal","Warangal","Andhra Pradesh"
"Chennur","516162","Cuddapah","Cuddapah","Andhra Pradesh"
"Chennur","524406","Nellore","Nellore","Andhra Pradesh"
"Chepur","503228","Nizamabad","Nizamabad","Andhra Pradesh"
"Cherla Palli","508013","Nalgonda","Nalgonda","Andhra Pradesh"
"Cherlo Palle","517305","Chittoor","Chittoor","Andhra Pradesh"
"Cheruku Ganuma","517305","Chittoor","Chittoor","Andhra Pradesh"
"Cheruku Palle","522309","Guntur","Guntur","Andhra Pradesh"
"Cherukupalli","508258","Nalgonda","Nalgonda","Andhra Pradesh"
"Cheruru R S","517390","Chittoor","Chittoor","Andhra Pradesh"
"Cheruvu Mundara","507169","Khammam","Khammam","Andhra Pradesh"
"Cheruvuumadharam","507169","Khammam","Khammam","Andhra Pradesh"
"Chevela","501503","Ranga Reddy","Ranga Reddy","Andhra Pradesh"
"Cheyyeru","533225","East Godavari","East Godavari","Andhra Pradesh"
"Chiguruvada","517517","Chittoor","Chittoor","Andhra Pradesh"
"Chikkadapalli Market","500020","Hyderabad","Hyderabad","Andhra Pradesh"
"Chikul","502374","Medak","Medak","Andhra Pradesh"
"Chilakala Pudi","521002","Krishna","Krishna","Andhra Pradesh"
"Chilamakur","516310","Cuddapah","Cuddapah","Andhra Pradesh"
"Chilamathur","515341","Anantapur","Anantapur","Andhra Pradesh"
"Chilkalguda","500025","Hyderabad","Hyderabad","Andhra Pradesh"
"Chilkoor","508230","Nalgonda","Nalgonda","Andhra Pradesh"
"Chilla Kallu","521178","Krishna","Krishna","Andhra Pradesh"
"Chillakur","524412","Nellore","Nellore","Andhra Pradesh"
"Chiluvur","522332","Guntur","Guntur","Andhra Pradesh"
"Chima Kurthi","523226","Prakasam","Prakasam","Andhra Pradesh"
"Chimala Kondur","508116","Nalgonda","Nalgonda","Andhra Pradesh"
"China Bazar","532001","Srikakulam","Srikakulam","Andhra Pradesh"
"China Bazar","531163","Vishakhapatnam","Vishakhapatnam","Andhra Pradesh"
"China Ganjam","523135","Prakasam","Prakasam","Andhra Pradesh"
"China Golconda","509218","Mahboobnagar","Mahboobnagar","Andhra Pradesh"
"China Gottiga","501143","Ranga Reddy","Ranga Reddy","Andhra Pradesh"
"China Jatram","509243","Mahboobnagar","Mahboobnagar","Andhra Pradesh"
"China Kandukuru","508287","Nalgonda","Nalgonda","Andhra Pradesh"
"China Mangalaram","501512","Ranga Reddy","Ranga Reddy","Andhra Pradesh"
"China Waltair","530023","Vishakhapatnam","Vishakhapatnam","Andhra Pradesh"
"Chinaoram Padu","516109","Cuddapah","Cuddapah","Andhra Pradesh"
"Chinapalem","522299","Guntur","Guntur","Andhra Pradesh"
"Chinaravuru","522201","Guntur","Guntur","Andhra Pradesh"
"Chincholi","504110","Adilabad","Adilabad","Andhra Pradesh"
"Chinna Gottigallu","517193","Chittoor","Chittoor","Andhra Pradesh"
"Chinna Komarla","516433","Cuddapah","Cuddapah","Andhra Pradesh"
"Chinna Machupalle","516165","Cuddapah","Cuddapah","Andhra Pradesh"
"Chinna Mandem","516214","Cuddapah","Cuddapah","Andhra Pradesh"
"Chinna Pola Mada","515422","Anantapur","Anantapur","Andhra Pradesh"
"Chinna Tipa","509141","Mahboobnagar","Mahboobnagar","Andhra Pradesh"
"Chinnava Gudem","534486","West Godavari","West Godavari","Andhra Pradesh"
"Chinnoor","504201","Adilabad","Adilabad","Andhra Pradesh"
"Chinta Palli","522620","Guntur","Guntur","Andhra Pradesh"
"Chinta Palli","508250","Nalgonda","Nalgonda","Andhra Pradesh"
"Chinta Palli","531111","Vishakhapatnam","Vishakhapatnam","Andhra Pradesh"
"Chinta Parti","517277","Chittoor","Chittoor","Andhra Pradesh"
"Chintakani","507208","Khammam","Khammam","Andhra Pradesh"
"Chintakunta Khurd","509111","Mahboobnagar","Mahboobnagar","Andhra Pradesh"
"Chintala Pudi","534460","West Godavari","West Godavari","Andhra Pradesh"
"Chintalcheru","502299","Medak","Medak","Andhra Pradesh"
"Chintaluru","533232","East Godavari","East Godavari","Andhra Pradesh"
"Chintauntapalem","521001","Krishna","Krishna","Andhra Pradesh"
"Chinturu","507126","Khammam","Khammam","Andhra Pradesh"
"Chipuru Palli","532128","Srikakulam","Srikakulam","Andhra Pradesh"
"Chira Mohalla","502220","Medak","Medak","Andhra Pradesh"
"Chirala","523155","Prakasam","Chirala","Andhra Pradesh"
"Chirala Bazar","523155","Prakasam","Prakasam","Andhra Pradesh"
"Chirikura Padu","523124","Prakasam","Prakasam","Andhra Pradesh"
"Chirra Kunta","504294","Adilabad","Adilabad","Andhra Pradesh"
"Chiruvolu Lanka","521128","Krishna","Krishna","Andhra Pradesh"
"Chiryal","506223","Warangal","Warangal","Andhra Pradesh"
"Chitti Gadda","501113","Ranga Reddy","Ranga Reddy","Andhra Pradesh"
"Chitti Valasa","531162","Vishakhapatnam","Vishakhapatnam","Andhra Pradesh"
"Chitticherla","517198","Chittoor","Chittoor","Andhra Pradesh"
"Chittinagar","520009","Krishna","Krishna","Andhra Pradesh"
"Chittoor","517001","Chittoor","Chittoor","Andhra Pradesh"
"Chittoor Collectorate","517002","Chittoor","Chittoor","Andhra Pradesh"
"Chittoor North","517004","Chittoor","Chittoor","Andhra Pradesh"
"Chittoor Sugar Factory","517003","Chittoor","Chittoor","Andhra Pradesh"
"Chitvel","516104","Cuddapah","Cuddapah","Andhra Pradesh"
"Chityal","508114","Nalgonda","Nalgonda","Andhra Pradesh"
"Chityal","506356","Warangal","Warangal","Andhra Pradesh"
"Chityala","509109","Mahboobnagar","Mahboobnagar","Andhra Pradesh"
"Chivalur","522298","Guntur","Guntur","Andhra Pradesh"
"Choda Varam","521117","Krishna","Krishna","Andhra Pradesh"
"Chodavaram","523285","Prakasam","Prakasam","Andhra Pradesh"
"Chodavaram","531036","Vishakhapatnam","Vishakhapatnam","Andhra Pradesh"
"Chodaya Palem","522264","Guntur","Guntur","Andhra Pradesh"
"Choppa Dandi","505415","Karimnagar","Karimnagar","Andhra Pradesh"
"Choragudi","521251","Krishna","Krishna","Andhra Pradesh"
"Choringa","533461","East Godavari","East Godavari","Andhra Pradesh"
"Choudaripet","522006","Guntur","Guntur","Andhra Pradesh"
"Chout Uppal","508252","Nalgonda","Nalgonda","Andhra Pradesh"
"Choutra Guntur","522003","Guntur","Guntur","Andhra Pradesh"
"Chowdepalle","517257","Chittoor","Chittoor","Andhra Pradesh"
"Christurajapuram","520005","Krishna","Krishna","Andhra Pradesh"
"Chukkalur","515415","Anantapur","Anantapur","Andhra Pradesh"
"Church Road","507001","Khammam","Khammam","Andhra Pradesh"
"Church Squrare","533002","East Godavari","East Godavari","Andhra Pradesh"
"Circlepet","521001","Krishna","Krishna","Andhra Pradesh"
"Clock Tower","515001","Anantapur","Anantapur","Andhra Pradesh"
"Clock Tower","515004","Anantapur","Anantapur","Andhra Pradesh"
"Clock Tower","522403","Guntur","Guntur","Andhra Pradesh"
"Clock Tower","508002","Nalgonda","Nalgonda","Andhra Pradesh"
"Clough Peta","523001","Prakasam","Prakasam","Andhra Pradesh"
"Cnanapuram","518202","Kurnool","Kurnool","Andhra Pradesh"
"Co Op Colony","524201","Nellore","Nellore","Andhra Pradesh"
"Collectorate","532001","Srikakulam","Srikakulam","Andhra Pradesh"
"College","533203","East Godavari","East Godavari","Andhra Pradesh"
"College Campus","504001","Adilabad","Adilabad","Andhra Pradesh"
"College Street","534275","West Godavari","West Godavari","Andhra Pradesh"
"Coop Colony","534211","West Godavari","West Godavari","Andhra Pradesh"
"Cooperative Ind Est","500037","Hyderabad","Hyderabad","Andhra Pradesh"
"Cotton Market","504001","Adilabad","Adilabad","Andhra Pradesh"
"Courtpeta","532284","Srikakulam","Srikakulam","Andhra Pradesh"
"Crp Camp","500005","Hyderabad","Hyderabad","Andhra Pradesh"
"Cuddapah","516001","Cuddapah","Cuddapah","Andhra Pradesh"
"Cuddapah Co-Op Sugars","516163","Cuddapah","Cuddapah","Andhra Pradesh"
"Cuddapah R S","516004","Cuddapah","Cuddapah","Andhra Pradesh"
"Cumbum","523333","Prakasam","Prakasam","Andhra Pradesh"
"Cumbum East","523333","Prakasam","Prakasam","Andhra Pradesh"
"Cunjapadugu","505184","Karimnagar","Karimnagar","Andhra Pradesh"
"D Muppavaram Dronamraju","534390","West Godavari","West Godavari","Andhra Pradesh"
"Daba Gardens","530020","Vishakhapatnam","Vishakhapatnam","Andhra Pradesh"
"Dabala Bazar","507003","Khammam","Khammam","Andhra Pradesh"
"Dabirpura","500023","Hyderabad","Hyderabad","Andhra Pradesh"
"Damal Cheruvu","517152","Chittoor","Chittoor","Andhra Pradesh"
"Damar Gidda","509407","Mahboobnagar","Mahboobnagar","Andhra Pradesh"
"Damarcherla","508375","Nalgonda","Nalgonda","Andhra Pradesh"
"Damavaram","524152","Nellore","Nellore","Andhra Pradesh"
"Damera","505476","Karimnagar","Karimnagar","Andhra Pradesh"
"Dammapeta","507306","Khammam","Dammapeta","Andhra Pradesh"
"Danavaipeta","533103","East Godavari","East Godavari","Andhra Pradesh"
"Dandepalli","504206","Adilabad","Adilabad","Andhra Pradesh"
"Dangeru","533263","East Godavari","Dangeru","Andhra Pradesh"
"Dantalur","522297","Guntur","Guntur","Andhra Pradesh"
"Darga Mitta","524003","Nellore","Nellore","Andhra Pradesh"
"Darju Sahifa","500024","Hyderabad","Hyderabad","Andhra Pradesh"
"Darpalli","503165","Nizamabad","Nizamabad","Andhra Pradesh"
"Darsi Agraharam","523267","Prakasam","Prakasam","Andhra Pradesh"
"Darsi Nsc Colony","523247","Prakasam","Prakasam","Andhra Pradesh"
"Dasannapeta","531202","Vizianagaram","Vizianagaram","Andhra Pradesh"
"Dathala Palli","506315","Warangal","Warangal","Andhra Pradesh"
"Datta Treya Colony","500028","Hyderabad","Hyderabad","Andhra Pradesh"
"Deebaguntla","518669","Kurnool","Kurnool","Andhra Pradesh"
"Delta Gannavaram","533240","East Godavari","East Godavari","Andhra Pradesh"
"Dema Kethe Palli","515332","Anantapur","Anantapur","Andhra Pradesh"
"Demi","503124","Nizamabad","Nizamabad","Andhra Pradesh"
"Dendukur","507206","Khammam","Khammam","Andhra Pradesh"
"Dep Vijayawada","520050","Krishna","Krishna","Andhra Pradesh"
"Depot","530009","Vishakhapatnam","Vishakhapatnam","Andhra Pradesh"
"Desaipet","521001","Krishna","Krishna","Andhra Pradesh"
"Deshaipet","506006","Warangal","Warangal","Andhra Pradesh"
"Det Guntur","522050","Guntur","Guntur","Andhra Pradesh"
"Devagudi","516441","Cuddapah","Cuddapah","Andhra Pradesh"
"Devagudur","523277","Prakasam","Prakasam","Andhra Pradesh"
"Deval Hazar Sutoon","506011","Warangal","Warangal","Andhra Pradesh"
"Devanakonda","518465","Karimnagar","Karimnagar","Andhra Pradesh"
"Devapur","504218","Adilabad","Adilabad","Andhra Pradesh"
"Devar Konda","508248","Nalgonda","Nalgonda","Andhra Pradesh"
"Devara Kadra","509204","Mahboobnagar","Mahboobnagar","Andhra Pradesh"
"Devara Palle","531030","Vishakhapatnam","Vishakhapatnam","Andhra Pradesh"
"Devara Palli","534313","West Godavari","West Godavari","Andhra Pradesh"
"Devaruppala","506302","Warangal","Warangal","Andhra Pradesh"
"Devipatnam","533339","East Godavari","East Godavari","Andhra Pradesh"
"Dhanora","502305","Medak","Medak","Andhra Pradesh"
"Dhanwada","509205","Mahboobnagar","Mahboobnagar","Andhra Pradesh"
"Dharamapuri","505425","Karimnagar","Karimnagar","Andhra Pradesh"
"Dharamaram","503230","Nizamabad","Nizamabad","Andhra Pradesh"
"Dharamraopet","503145","Nizamabad","Nizamabad","Andhra Pradesh"
"Dharma Rao Cheruvu","506330","Warangal","Warangal","Andhra Pradesh"
"Dharmaji Gudem","534462","West Godavari","West Godavari","Andhra Pradesh"
"Dharmaram","506330","Warangal","Warangal","Andhra Pradesh"
"Dharmavaram","515671","Anantapur","Dharmavaram","Andhra Pradesh"
"Dharmavaram","533430","East Godavari","Dharmavaram","Andhra Pradesh"
"Dharmavaram","531148","Vishakhapatnam","Dharmavaram","Andhra Pradesh"
"Dharmavaram Bazar","515671","Anantapur","Anantapur","Andhra Pradesh"
"Dharmavaram Bazar","515672","Anantapur","Anantapur","Andhra Pradesh"
"Dharur","509133","Mahboobnagar","Mahboobnagar","Andhra Pradesh"
"Dharur","501121","Ranga Reddy","Ranga Reddy","Andhra Pradesh"
"Dhone","518222","Kurnool","Kurnool","Andhra Pradesh"
"Dhone Bazar","518222","Kurnool","Kurnool","Andhra Pradesh"
"Dhoolpet","500006","Hyderabad","Hyderabad","Andhra Pradesh"
"Dhulipudi","522258","Guntur","Guntur","Andhra Pradesh"
"Dichpalli","503175","Nizamabad","Nizamabad","Andhra Pradesh"
"Digwal","502321","Medak","Medak","Andhra Pradesh"
"Dilsukhanagarcoly","500036","Hyderabad","Hyderabad","Andhra Pradesh"
"Dilwarpur","504306","Adilabad","Adilabad","Andhra Pradesh"
"Dimli","531061","Vishakhapatnam","Vishakhapatnam","Andhra Pradesh"
"Dindi","522276","Guntur","Guntur","Andhra Pradesh"
"Dindi Project","508258","Nalgonda","Nalgonda","Andhra Pradesh"
"Dinne Devara Padu","518021","Kurnool","Kurnool","Andhra Pradesh"
"Dippakayalapudu","534314","West Godavari","West Godavari","Andhra Pradesh"
"Dirsih Cherla","508333","Nalgonda","Nalgonda","Andhra Pradesh"
"Dirusu Marru","534239","West Godavari","West Godavari","Andhra Pradesh"
"Dist Court Bldgs","505002","Karimnagar","Karimnagar","Andhra Pradesh"
"Dist Court Bldgs","530002","Vishakhapatnam","Vishakhapatnam","Andhra Pradesh"
"District Court","521002","Krishna","Krishna","Andhra Pradesh"
"Divisional Office","520001","Krishna","Krishna","Andhra Pradesh"
"Dnr College","534202","West Godavari","West Godavari","Andhra Pradesh"
"Doddi Patla","534266","West Godavari","West Godavari","Andhra Pradesh"
"Doki Parru","521332","Karimnagar","Karimnagar","Andhra Pradesh"
"Doma","501525","Ranga Reddy","Ranga Reddy","Andhra Pradesh"
"Domakonda","503123","Nizamabad","Domakonda","Andhra Pradesh"
"Dommara Nandyala","516431","Cuddapah","Cuddapah","Andhra Pradesh"
"Dommeru","534351","West Godavari","Dommeru","Andhra Pradesh"
"Dona Banda","504207","Adilabad","Adilabad","Andhra Pradesh"
"Dona Konda R S","523305","Prakasam","Prakasam","Andhra Pradesh"
"Dona Podu","508272","Nalgonda","Nalgonda","Andhra Pradesh"
"Donboscu Premiias","522503","Guntur","Guntur","Andhra Pradesh"
"Dondapathi Railway Colony","530004","Vishakhapatnam","Vishakhapatnam","Andhra Pradesh"
"Dondapudi","531135","Vishakhapatnam","Vishakhapatnam","Andhra Pradesh"
"Donka Board","522002","Guntur","Guntur","Andhra Pradesh"
"Donka Rayi","531110","Vishakhapatnam","Vishakhapatnam","Andhra Pradesh"
"Donka Road","522002","Guntur","Guntur","Andhra Pradesh"
"Donkal","503314","Nizamabad","Nizamabad","Andhra Pradesh"
"Donkina Valasa","532578","Vizianagaram","Vizianagaram","Andhra Pradesh"
"Donthi","502334","Medak","Medak","Andhra Pradesh"
"Dornakal","506381","Warangal","Warangal","Andhra Pradesh"
"Dornakambala","517110","Chittoor","Chittoor","Andhra Pradesh"
"Dorni Padu","518135","Kurnool","Kurnool","Andhra Pradesh"
"Dosakayala Palli","533292","East Godavari","East Godavari","Andhra Pradesh"
"Dowliswaram","533125","West Godavari","West Godavari","Andhra Pradesh"
"Dr A S Raonagar Colony","500762","Hyderabad","Hyderabad","Andhra Pradesh"
"Dr Court","532001","Srikakulam","Srikakulam","Andhra Pradesh"
"Draksha Ramam","533262","East Godavari","East Godavari","Andhra Pradesh"
"Dt Court Premises","523002","Prakasam","Prakasam","Andhra Pradesh"
"Dubbak","502108","Medak","Medak","Andhra Pradesh"
"Dudheda","502277","Medak","Medak","Andhra Pradesh"
"Dudur Polytechnic","524102","Nellore","Nellore","Andhra Pradesh"
"Duggirala","522330","Guntur","Guntur","Andhra Pradesh"
"Dumdum Garden","521202","Krishna","Krishna","Andhra Pradesh"
"Dummagudem","507137","Khammam","Khammam","Andhra Pradesh"
"Dupadu","523330","Prakasam","Prakasam","Andhra Pradesh"
"Durga Agraharam","520002","Krishna","Krishna","Andhra Pradesh"
"Durga Samudram","517583","Chittoor","Chittoor","Andhra Pradesh"
"Durgapuram","520003","Krishna","Krishna","Andhra Pradesh"
"Durgi","522612","Guntur","Guntur","Andhra Pradesh"
"Dusi R S","532484","Srikakulam","Srikakulam","Andhra Pradesh"
"Duthalur","524222","Nellore","Nellore","Andhra Pradesh"
"Duwa","534156","West Godavari","West Godavari","Andhra Pradesh"
"Duwur","516175","Cuddapah","Cuddapah","Andhra Pradesh"
"Duwur","524306","Nellore","Nellore","Andhra Pradesh"
"Dwara Pudi","533341","East Godavari","East Godavari","Andhra Pradesh"
"Dwaraka Tirumala","534426","West Godavari","West Godavari","Andhra Pradesh"
"Dwarakanagar","530016","Vishakhapatnam","Vishakhapatnam","Andhra Pradesh"
"East Maredpalli","500026","Hyderabad","Hyderabad","Andhra Pradesh"
"Eastern Street","534001","West Godavari","West Godavari","Andhra Pradesh"
"Echoda","504307","Adilabad","Adilabad","Andhra Pradesh"
"Ecil Hyderabad","500762","Hyderabad","Hyderabad","Andhra Pradesh"
"Edavalli","523356","Prakasam","Prakasam","Andhra Pradesh"
"Edganpalli","509307","Mahboobnagar","Mahboobnagar","Andhra Pradesh"
"Edi Bazar","500023","Hyderabad","Hyderabad","Andhra Pradesh"
"Edla Padu","522233","Guntur","Guntur","Andhra Pradesh"
"Edla Palli","522340","Guntur","Guntur","Andhra Pradesh"
"Edpalli","503202","Nizamabad","Nizamabad","Andhra Pradesh"
"Edupugallu","521144","Krishna","Krishna","Andhra Pradesh"
"Edururu","518017","Kurnool","Kurnool","Andhra Pradesh"
"Eguvagottiveedu","516271","Cuddapah","Cuddapah","Andhra Pradesh"
"Eidgaon","504106","Adilabad","Adilabad","Andhra Pradesh"
"Ekambara Kuppam","517592","Chittoor","Ekambara kuppam","Andhra Pradesh"
"Ekmamidi","501103","Ranga Reddy","Ranga Reddy","Andhra Pradesh"
"Elammarru","521148","Krishna","Krishna","Andhra Pradesh"
"Elgaid","505525","Karimnagar","Karimnagar","Andhra Pradesh"
"Elgandal","505401","Karimnagar","Karimnagar","Andhra Pradesh"
"Elkalapalli","505188","Karimnagar","Karimnagar","Andhra Pradesh"
"Ellamanchili","534268","West Godavari","West Godavari","Andhra Pradesh"
"Eluru","534001","West Godavari","Eluru","Andhra Pradesh"
"Eluru Bazar","534001","West Godavari","West Godavari","Andhra Pradesh"
"Eluru Bus Station","534006","West Godavari","West Godavari","Andhra Pradesh"
"Eluru Collectorate","534006","West Godavari","West Godavari","Andhra Pradesh"
"Eluru Industrial Estate","534006","West Godavari","West Godavari","Andhra Pradesh"
"Eluru P&T Colony","534006","West Godavari","West Godavari","Andhra Pradesh"
"Eluru R S","534005","West Godavari","West Godavari","Andhra Pradesh"
"Eluru State Bank Colony","534006","West Godavari","West Godavari","Andhra Pradesh"
"Emani","522308","Guntur","Guntur","Andhra Pradesh"
"Eme Records","500021","Hyderabad","Hyderabad","Andhra Pradesh"
"Endapalli","505526","Karimnagar","Karimnagar","Andhra Pradesh"
"Engineering College","533003","East Godavari","East Godavari","Andhra Pradesh"
"Engineering College","500007","Hyderabad","Hyderabad","Andhra Pradesh"
"Englishpalem","521001","Krishna","Krishna","Andhra Pradesh"
"Enkur","507168","Khammam","Khammam","Andhra Pradesh"
"Erra Kota Palle","517240","Chittoor","Chittoor","Andhra Pradesh"
"Erragadda","500018","Hyderabad","Hyderabad","Andhra Pradesh"
"Erragonda Palem","523327","Prakasam","Prakasam","Andhra Pradesh"
"Erram Manzil Colony","500004","Hyderabad","Hyderabad","Andhra Pradesh"
"Esamia Bazar","500027","Hyderabad","Hyderabad","Andhra Pradesh"
"Eta Mukkala","523280","Prakasam","Prakasam","Andhra Pradesh"
"Etikoppaka","531082","Vishakhapatnam","Vishakhapatnam","Andhra Pradesh"
"Etkur","522017","Guntur","Guntur","Andhra Pradesh"
"Etukuru Road","522003","Guntur","Guntur","Andhra Pradesh"
"Eturnagaram","506165","Warangal","Warangal","Andhra Pradesh"
"Factories Ward","522003","Guntur","Guntur","Andhra Pradesh"
"Falaknuma Hyd","500253","Hyderabad","Hyderabad","Andhra Pradesh"
"Fateh Darwaza","500265","Hyderabad","Hyderabad","Andhra Pradesh"
"Fatehnagar","500018","Hyderabad","Hyderabad","Andhra Pradesh"
"Fatehnagar","502110","Medak","Medak","Andhra Pradesh"
"Fathepur","503220","Nizamabad","Nizamabad","Andhra Pradesh"
"Fatherkhanpet","524003","Nellore","Nellore","Andhra Pradesh"
"Fatimanagar","506003","Warangal","Warangal","Andhra Pradesh"
"Ferry Road","534275","West Godavari","West Godavari","Andhra Pradesh"
"Fertilizer City","505210","Karimnagar","Karimnagar","Andhra Pradesh"
"Fort","502110","Medak","Medak","Andhra Pradesh"
"Fort Gate","533101","East Godavari","East Godavari","Andhra Pradesh"
"Fort Warangal","506008","Warangal","Warangal","Andhra Pradesh"
"Fort Ward","530001","Vishakhapatnam","Vishakhapatnam","Andhra Pradesh"
"G D R Chowk","524101","Nellore","Nellore","Andhra Pradesh"
"G D R East","524101","Nellore","Nellore","Andhra Pradesh"
"G Kothapalli","533285","East Godavari","East Godavari","Andhra Pradesh"
"G M Telephones","500004","Hyderabad","Hyderabad","Andhra Pradesh"
"G T R College Road","522001","Guntur","Guntur","Andhra Pradesh"
"G T R Govt General Hospital","522001","Guntur","Guntur","Andhra Pradesh"
"G T R Kothapet","522001","Guntur","Guntur","Andhra Pradesh"
"G T R Nehrunagar","522001","Guntur","Guntur","Andhra Pradesh"
"G T R Railpet","522001","Guntur","Guntur","Andhra Pradesh"
"G T R Tabacco Colony","522001","Guntur","Guntur","Andhra Pradesh"
"G Varam Centre","521101","Krishna","Krishna","Andhra Pradesh"
"G Varam College Centre","521101","Krishna","Krishna","Andhra Pradesh"
"Gachibowli","500032","Hyderabad","Hyderabad","Andhra Pradesh"
"Gachibowli","500032","Hyderabad","Hyderabad","Andhra Pradesh"
"Gadde Kallu","515844","Anantapur","Anantapur","Andhra Pradesh"
"Gadwal","509125","Mahboobnagar","Gadwal","Andhra Pradesh"
"Gagan Pahad","509323","Mahboobnagar","Mahboobnagar","Andhra Pradesh"
"Gaganmahal","500029","Hyderabad","Hyderabad","Andhra Pradesh"
"Gajapati Nagaram","531270","Vizianagaram","Vizianagaram","Andhra Pradesh"
"Gajjala Konda","523315","Prakasam","Prakasam","Andhra Pradesh"
"Gajul Pet","503001","Nizamabad","Nizamabad","Andhra Pradesh"
"Gajula Palle","518583","Kurnool","Kurnool","Andhra Pradesh"
"Gajula Palli","517141","Chittoor","Chittoor","Andhra Pradesh"
"Gajula Rega","531201","Vizianagaram","Vizianagaram","Andhra Pradesh"
"Gajuvaka","530026","Vishakhapatnam","Vishakhapatnam","Andhra Pradesh"
"Gali Gopuram","521109","Krishna","Krishna","Andhra Pradesh"
"Galivari Palle","516120","Cuddapah","Cuddapah","Andhra Pradesh"
"Galivedu","516267","Cuddapah","Cuddapah","Andhra Pradesh"
"Gampalagudem","521403","Krishna","Krishna","Andhra Pradesh"
"Ganapavaram","534198","West Godavari","West Godavari","Andhra Pradesh"
"Gandavaram","524317","Nellore","Nellore","Andhra Pradesh"
"Gandhari","503114","Nizamabad","Nizamabad","Andhra Pradesh"
"Gandhi Bazar","515001","Anantapur","Anantapur","Andhra Pradesh"
"Gandhi Bazar","533201","East Godavari","East Godavari","Andhra Pradesh"
"Gandhi Bhawan","500001","Hyderabad","Hyderabad","Andhra Pradesh"
"Gandhi Chowk","504001","Adilabad","Adilabad","Andhra Pradesh"
"Gandhi Chowk","522403","Guntur","Guntur","Andhra Pradesh"
"Gandhi Chowk","505301","Karimnagar","Karimnagar","Andhra Pradesh"
"Gandhi Chowk","507003","Khammam","Khammam","Andhra Pradesh"
"Gandhi Chowk","509103","Mahboobnagar","Mahboobnagar","Andhra Pradesh"
"Gandhi Gram","530005","Vishakhapatnam","Vishakhapatnam","Andhra Pradesh"
"Gandhi Gunj","503001","Nizamabad","Nizamabad","Andhra Pradesh"
"Gandhi Hospital","500003","Hyderabad","Hyderabad","Andhra Pradesh"
"Gandhi Keshtram","521123","Krishna","Krishna","Andhra Pradesh"
"Gandhi Market","531001","Vishakhapatnam","Vishakhapatnam","Andhra Pradesh"
"Gandhi Nagar","533004","East Godavari","East Godavari","Andhra Pradesh"
"Gandhi Nagar","522201","Guntur","Guntur","Andhra Pradesh"
"Gandhi Nagar","500380","Hyderabad","Hyderabad","Andhra Pradesh"
"Gandhi Nagar","508248","Nalgonda","Nalgonda","Andhra Pradesh"
"Gandhi Nagar Centre","520003","Krishna","Krishna","Andhra Pradesh"
"Gandhi Nagaram","520003","Krishna","Krishna","Andhra Pradesh"
"Gandhi Nagaram","521202","Krishna","Krishna","Andhra Pradesh"
"Gandhi Nagaram","531001","Vishakhapatnam","Vishakhapatnam","Andhra Pradesh"
"Gandhi Nagaram","534002","West Godavari","West Godavari","Andhra Pradesh"
"Gandhi Place","530003","Vishakhapatnam","Vishakhapatnam","Andhra Pradesh"
"Gandhi Puram","533103","East Godavari","East Godavari","Andhra Pradesh"
"Gandhi Road","517325","Chittoor","Chittoor","Andhra Pradesh"
"Gandhi Road","505001","Karimnagar","Karimnagar","Andhra Pradesh"
"Gandi Nagaram","521201","Krishna","Krishna","Andhra Pradesh"
"Gandi Palem","524236","Nellore","Nellore","Andhra Pradesh"
"Gandla Penta","515521","Anantapur","Anantapur","Andhra Pradesh"
"Gangadhara","505445","Karimnagar","Karimnagar","Andhra Pradesh"
"Gangadhara Nellore","517125","Chittoor","Chittoor","Andhra Pradesh"
"Gangadi Palem","522271","Guntur","Guntur","Andhra Pradesh"
"Gangapur","509306","Mahboobnagar","Mahboobnagar","Andhra Pradesh"
"Gangaraj Madugula","531029","Vishakhapatnam","Vishakhapatnam","Andhra Pradesh"
"Gangaram","501115","Ranga Reddy","Ranga Reddy","Andhra Pradesh"
"Gangi Reddy Palle","517564","Chittoor","Chittoor","Andhra Pradesh"
"Gangi Reddy Palle","516319","Cuddapah","Cuddapah","Andhra Pradesh"
"Gangipalli","505474","Karimnagar","Karimnagar","Andhra Pradesh"
"Gannavaram","521101","Krishna","Krishna","Andhra Pradesh"
"Gantyada","531215","Vizianagaram","Vizianagaram","Andhra Pradesh"
"Gara","532405","Srikakulam","Srikakulam","Andhra Pradesh"
"Garbham","532102","Srikakulam","Srikakulam","Andhra Pradesh"
"Garedepalli","508201","Nalgonda","Nalgonda","Andhra Pradesh"
"Gargeyapuram","518452","Kurnool","Kurnool","Andhra Pradesh"
"Garla","507210","Khammam","Khammam","Andhra Pradesh"
"Garla Dinne","515731","Anantapur","Anantapur","Andhra Pradesh"
"Garre Palli","505186","Karimnagar","Karimnagar","Andhra Pradesh"
"Garugu Billi","532463","Srikakulam","Srikakulam","Andhra Pradesh"
"Gatla Narsingapur","505471","Karimnagar","Karimnagar","Andhra Pradesh"
"Gavaravaram","531075","Vishakhapatnam","Vishakhapatnam","Andhra Pradesh"
"George Pet","515004","Anantapur","Anantapur","Andhra Pradesh"
"Ghanpur","506345","Warangal","Warangal","Andhra Pradesh"
"Ghanpur R S","506143","Warangal","Warangal","Andhra Pradesh"
"Ghantasala","521133","Krishna","Krishna","Andhra Pradesh"
"Ghatkesar","501301","Ranga Reddy","Ranga Reddy","Andhra Pradesh"
"Ghatt","509173","Mahboobnagar","Mahboobnagar","Andhra Pradesh"
"Giddalur","523357","Prakasam","Prakasam","Andhra Pradesh"
"Giddalur Bazar","523357","Prakasam","Prakasam","Andhra Pradesh"
"Giddalur West","523357","Prakasam","Prakasam","Andhra Pradesh"
"Gingurthi","501151","Ranga Reddy","Ranga Reddy","Andhra Pradesh"
"Giriraj College","503001","Nizamabad","Nizamabad","Andhra Pradesh"
"Gobbeta","506244","Warangal","Warangal","Andhra Pradesh"
"Godamguda","501102","Ranga Reddy","Ranga Reddy","Andhra Pradesh"
"Godavari Khani","505209","Karimnagar","Karimnagar","Andhra Pradesh"
"Godugupet","521001","Krishna","Krishna","Andhra Pradesh"
"Gokanapalle","507158","Khammam","Khammam","Andhra Pradesh"
"Gokaram","533286","East Godavari","East Godavari","Andhra Pradesh"
"Golankonda","508286","Nalgonda","Nalgonda","Andhra Pradesh"
"Golconda","500008","Hyderabad","Hyderabad","Andhra Pradesh"
"Golconda Chowrasta","500020","Hyderabad","Hyderabad","Andhra Pradesh"
"Golla Palem","533468","East Godavari","East Godavari","Andhra Pradesh"
"Golla Palle","517147","Chittoor","Chittoor","Andhra Pradesh"
"Golla Palle","521111","Krishna","Krishna","Andhra Pradesh"
"Golla Palli","515866","Anantapur","Anantapur","Andhra Pradesh"
"Golla Palli","505532","Karimnagar","Karimnagar","Andhra Pradesh"
"Golla Palli","509303","Mahboobnagar","Mahboobnagar","Andhra Pradesh"
"Golla Prolu","533445","East Godavari","East Godavari","Andhra Pradesh"
"Golla Pudi","507174","Khammam","Khammam","Andhra Pradesh"
"Golladurthy","518138","Kurnool","Kurnool","Andhra Pradesh"
"Gollala Mamidada","533344","East Godavari","East Godavari","Andhra Pradesh"
"Gollavani Tippa","534362","West Godavari","West Godavari","Andhra Pradesh"
"Golve Palli","521322","Krishna","Krishna","Andhra Pradesh"
"Gondrial","508381","Nalgonda","Nalgonda","Andhra Pradesh"
"Gone Gondla","518463","Kurnool","Kurnool","Andhra Pradesh"
"Gooty","515401","Anantapur","Gooty","Andhra Pradesh"
"Gooty Bazar","515401","Anantapur","Anantapur","Andhra Pradesh"
"Gooty Extn","515401","Anantapur","Anantapur","Andhra Pradesh"
"Gooty R S","515402","Anantapur","Anantapur","Andhra Pradesh"
"Gopal Nagar","523001","Prakasam","Prakasam","Andhra Pradesh"
"Gopal Pet","509206","Mahboobnagar","Mahboobnagar","Andhra Pradesh"
"Gopala Patnam","530027","Vishakhapatnam","Vishakhapatnam","Andhra Pradesh"
"Gopala Puram","533274","East Godavari","East Godavari","Andhra Pradesh"
"Gopala Puram","534316","West Godavari","West Godavari","Andhra Pradesh"
"Gopanna Palem","534450","West Godavari","West Godavari","Andhra Pradesh"
"Gopathi","507214","Khammam","Khammam","Andhra Pradesh"
"Gopavaram Project Site","516233","Cuddapah","Cuddapah","Andhra Pradesh"
"Gopuram Street","534260","West Godavari","West Godavari","Andhra Pradesh"
"Gorantla","515231","Anantapur","Anantapur","Andhra Pradesh"
"Gotla Gattu","523246","Prakasam","Prakasam","Andhra Pradesh"
"Gough Lines","500015","Hyderabad","Hyderabad","Andhra Pradesh"
"Gouri Devi Peta","507134","Khammam","Khammam","Andhra Pradesh"
"Govada","531023","Vishakhapatnam","Vishakhapatnam","Andhra Pradesh"
"Govinda Puram","515292","Anantapur","Anantapur","Andhra Pradesh"
"Govinda Rao Pet","506344","Warangal","Warangal","Andhra Pradesh"
"Govt College","533105","East Godavari","East Godavari","Andhra Pradesh"
"Govt Diary Farm","530040","Vishakhapatnam","Vishakhapatnam","Andhra Pradesh"
"Govt General Hospital Kda","530040","Vishakhapatnam","Vishakhapatnam","Andhra Pradesh"
"Govt Hospital","533450","East Godavari","East Godavari","Andhra Pradesh"
"Gowda Valli","501403","Ranga Reddy","Ranga Reddy","Andhra Pradesh"
"Gownivari Palli","515233","Anantapur","Anantapur","Andhra Pradesh"
"Gowtami Nagar","534350","West Godavari","West Godavari","Andhra Pradesh"
"Gowtampur","507138","Khammam","Khammam","Andhra Pradesh"
"Grain Market","504208","Adilabad","Adilabad","Andhra Pradesh"
"Grain Market","506002","Warangal","Warangal","Andhra Pradesh"
"Gtl Market","515801","Anantapur","Anantapur","Andhra Pradesh"
"Guazi Pura","500265","Hyderabad","Hyderabad","Andhra Pradesh"
"Gudi Banda","515271","Anantapur","Anantapur","Andhra Pradesh"
"Gudi Banda","508238","Nalgonda","Nalgonda","Andhra Pradesh"
"Gudi Palli","508257","Nalgonda","Nalgonda","Andhra Pradesh"
"Gudihatnur","504308","Adilabad","Adilabad","Andhra Pradesh"
"Gudivada","521301","Krishna","Gudivada","Andhra Pradesh"
"Gudivada Bazar","521301","Krishna","Krishna","Andhra Pradesh"
"Gudivada Old Town","521301","Krishna","Krishna","Andhra Pradesh"
"Gudla Nerva","509221","Mahboobnagar","Mahboobnagar","Andhra Pradesh"
"Gudlavalleru","521356","Krishna","Krishna","Andhra Pradesh"
"Gudluru","523281","Prakasam","Prakasam","Andhra Pradesh"
"Gudur","518466","Kurnool","Gudur","Andhra Pradesh"
"Gudur","508127","Nalgonda","Gudur","Andhra Pradesh"
"Gudur","524101","Nellore","Gudur","Andhra Pradesh"
"Gudur","506134","Warangal","Gudur","Andhra Pradesh"
"Gudyanam Palle","517161","Chittoor","Chittoor","Andhra Pradesh"
"Gujratipeta","532005","Srikakulam","Srikakulam","Andhra Pradesh"
"Gujvail","502278","Medak","Medak","Andhra Pradesh"
"Gujvail Bus Stand","502278","Medak","Medak","Andhra Pradesh"
"Gujvail Old Town","502278","Medak","Medak","Andhra Pradesh"
"Gulimcherla","524407","Nellore","Nellore","Andhra Pradesh"
"Gumbhirao Pet","505304","Karimnagar","Karimnagar","Andhra Pradesh"
"Gumma","504309","Adilabad","Adilabad","Andhra Pradesh"
"Gummadavalli","508257","Nalgonda","Nalgonda","Andhra Pradesh"
"Gummaghatta","515863","Anantapur","Anantapur","Andhra Pradesh"
"Gummalaxmipuram","532523","Vizianagaram","Vizianagaram","Andhra Pradesh"
"Gummaluru","534267","West Godavari","West Godavari","Andhra Pradesh"
"Gumperla Padu","524234","Nellore","Nellore","Andhra Pradesh"
"Gun Foundry","500001","Hyderabad","Hyderabad","Andhra Pradesh"
"Gunadala","520005","Krishna","Krishna","Andhra Pradesh"
"Gunda Volu","524414","Nellore","Nellore","Andhra Pradesh"
"Gundal","501515","Ranga Reddy","Ranga Reddy","Andhra Pradesh"
"Gunde Palli","534116","West Godavari","West Godavari","Andhra Pradesh"
"Gundla Samudram","523240","Prakasam","Prakasam","Andhra Pradesh"
"Gundla Samudram","523243","Prakasam","Prakasam","Andhra Pradesh"
"Gundlagunta","516438","Cuddapah","Cuddapah","Andhra Pradesh"
"Gundmal","509342","Mahboobnagar","Gundmal","Andhra Pradesh"
"Gundugolanu","534427","West Godavari","Gundugolanu","Andhra Pradesh"
"Gundupapala","518150","Kurnool","Gundupapala","Andhra Pradesh"
"Gundveed","509341","Mahboobnagar","Mahboobnagar","Andhra Pradesh"
"Gungal","501521","Ranga Reddy","Ranga Reddy","Andhra Pradesh"
"Guntakal","515801","Anantapur","Guntakal","Andhra Pradesh"
"Guntur","522024","Guntur","Guntur","Andhra Pradesh"
"Guntur","522026","Guntur","Guntur","Andhra Pradesh"
"Guntur","522036","Guntur","Guntur","Andhra Pradesh"
"Guntur","522001","Guntur","Guntur","Andhra Pradesh"
"Guntur Bazar","522003","Guntur","Guntur","Andhra Pradesh"
"Guntur Collectorate","522004","Guntur","Guntur","Andhra Pradesh"
"Guntur Medical College","522004","Guntur","Guntur","Andhra Pradesh"
"Guraj Mannur","504322","Adilabad","Adilabad","Andhra Pradesh"
"Gurazawada","502211","Medak","Medak","Andhra Pradesh"
"Gurbabadi","503001","Nizamabad","Nizamabad","Andhra Pradesh"
"Gurla","531303","Vizianagaram","Vizianagaram","Andhra Pradesh"
"Gurram Konda","517297","Chittoor","Chittoor","Andhra Pradesh"
"Gurukulam Road","533101","East Godavari","East Godavari","Andhra Pradesh"
"Gurunadhar Nagar","522281","Guntur","Guntur","Andhra Pradesh"
"Gurzanapalli","533014","East Godavari","East Godavari","Andhra Pradesh"
"Gutala","534343","West Godavari","West Godavari","Andhra Pradesh"
"Guttala Bazar","507003","Khammam","Khammam","Andhra Pradesh"
"Guttur","515164","Anantapur","Anantapur","Andhra Pradesh"
"Guwala Kunta","518426","Kurnool","Kurnool","Andhra Pradesh"
"Gyaranpalle Kothapalle","517213","Chittoor","Chittoor","Andhra Pradesh"
"Gynanpuram","530004","Vishakhapatnam","Vishakhapatnam","Andhra Pradesh"
"Haig Lines","500010","Hyderabad","Hyderabad","Andhra Pradesh"
"Hajipur","504344","Adilabad","Adilabad","Andhra Pradesh"
"Hala Harvi","518348","Kurnool","Kurnool","Andhra Pradesh"
"Halakur","515282","Anantapur","Anantapur","Andhra Pradesh"
"Halvi","518333","Kurnool","Kurnool","Andhra Pradesh"
"Hamayatnagar","500029","Hyderabad","Hyderabad","Andhra Pradesh"
"Hanamakur","508116","Nalgonda","Nalgonda","Andhra Pradesh"
"Hanamkonda","506001","Warangal","Warangal","Andhra Pradesh"
"Hanamkonda Bus Stn","506011","Warangal","Warangal","Andhra Pradesh"
"Handnoor","502251","Medak","Medak","Andhra Pradesh"
"Handri Khairwadi","518470","Kurnool","Kurnool","Andhra Pradesh"
"Hankimpet","500014","Hyderabad","Hyderabad","Andhra Pradesh"
"Hanmanpura","509001","Mahboobnagar","Mahboobnagar","Andhra Pradesh"
"Hanuman Jn","521105","Krishna","Krishna","Andhra Pradesh"
"Hanuman Nagar","502001","Medak","Medak","Andhra Pradesh"
"Hanumantharaopet","534211","West Godavari","West Godavari","Andhra Pradesh"
"Hanumanthuni Padu","523227","Prakasam","Prakasam","Andhra Pradesh"
"Hanumanulapeta","520003","Krishna","Krishna","Andhra Pradesh"
"Hanumes Nagar","515801","Anantapur","Anantapur","Andhra Pradesh"
"Hari Puram","532243","Srikakulam","Srikakulam","Andhra Pradesh"
"Harial","515872","Anantapur","Anantapur","Andhra Pradesh"
"Haridivalasa","532550","Srikakulam","Srikakulam","Andhra Pradesh"
"Hasanparthi","506371","Warangal","Warangal","Andhra Pradesh"
"Hatnoor","504305","Adilabad","Adilabad","Andhra Pradesh"
"Hatnura","502297","Medak","Medak","Andhra Pradesh"
"Havoli Ghanapur","502113","Medak","Medak","Andhra Pradesh"
"Hayatnagar","501505","Ranga Reddy","Ranga Reddy","Andhra Pradesh"
"Hazipur","508126","Nalgonda","Nalgonda","Andhra Pradesh"
"Hemavathi","515286","Anantapur","Anantapur","Andhra Pradesh"
"High Court Hyderabad","500266","Hyderabad","Hyderabad","Andhra Pradesh"
"Hill Colony","508202","Nalgonda","Nalgonda","Andhra Pradesh"
"Himayat Nagar","501504","Ranga Reddy","Ranga Reddy","Andhra Pradesh"
"Himayat Nagar East","500029","Hyderabad","Hyderabad","Andhra Pradesh"
"Himmat Nagar","500029","Hyderabad","Hyderabad","Andhra Pradesh"
"Hindi Bhavan","500001","Hyderabad","Hyderabad","Andhra Pradesh"
"Hindupur","515201","Anantapur","Hindupur","Andhra Pradesh"
"Hindupur Extension","515202","Anantapur","Anantapur","Andhra Pradesh"
"Hindupur Sevamandir","515212","Anantapur","Anantapur","Andhra Pradesh"
"Hindustan Aeronautics Hyd","500042","Hyderabad","Hyderabad","Andhra Pradesh"
"Hindustan Cables","500051","Hyderabad","Hyderabad","Andhra Pradesh"
"Hindustan Machine","500051","Hyderabad","Hyderabad","Andhra Pradesh"
"Hiramandalam","532459","Srikakulam","Srikakulam","Andhra Pradesh"
"Holala Gondi","518346","Kurnool","Kurnool","Andhra Pradesh"
"Holmespet","516361","Cuddapah","Cuddapah","Andhra Pradesh"
"Hosur","518382","Kurnool","Kurnool","Andhra Pradesh"
"Housing Board Colony","500003","Hyderabad","Hyderabad","Andhra Pradesh"
"Housing Board Colony","530022","Vishakhapatnam","Vishakhapatnam","Andhra Pradesh"
"Humayun Nagar","500028","Hyderabad","Hyderabad","Andhra Pradesh"
"Hunwada","509334","Mahboobnagar","Mahboobnagar","Andhra Pradesh"
"Husnabad","505467","Karimnagar","Husnabad","Andhra Pradesh"
"Husnabad","509350","Mahboobnagar","Mahboobnagar","Andhra Pradesh"
"Hussain Puram","518011","Kurnool","Kurnool","Andhra Pradesh"
"Hussaini Alam","500264","Hyderabad","Hyderabad","Andhra Pradesh"
"Huzurnagar","508204","Nalgonda","Huzurnagar","Andhra Pradesh"
"Hyderabad","500001","Hyderabad","Hyderabad","Andhra Pradesh"
"Hyderabad","505468","Karimnagar","Hyderabad","Andhra Pradesh"
"Hyderabad City Bus Station","500012","Hyderabad","Hyderabad","Andhra Pradesh"
"Hyderabad G P O","500001","Hyderabad","Hyderabad","Andhra Pradesh"
"Hyderabad Public School","500013","Hyderabad","Hyderabad","Andhra Pradesh"
"Hyderabad R S","500001","Hyderabad","Hyderabad","Andhra Pradesh"
"Hyderabad Race Club","500036","Hyderabad","Hyderabad","Andhra Pradesh"
"I E Gudivada","521301","Krishna","Krishna","Andhra Pradesh"
"I R I S E T","500017","Hyderabad","Hyderabad","Andhra Pradesh"
"Ibrahim Bagh Lines Hyderabad","500031","Hyderabad","Hyderabad","Andhra Pradesh"
"Ibrahim Nagar","502267","Medak","Medak","Andhra Pradesh"
"Ibrahimbad","509347","Mahboobnagar","Mahboobnagar","Andhra Pradesh"
"Ibrahimpathnam","505450","Karimnagar","Karimnagar","Andhra Pradesh"
"Ibrahimpatnam","521226","Krishna","Krishna","Andhra Pradesh"
"Ibrahimpatnam","501506","Ranga Reddy","Ibrahimpatnam","Andhra Pradesh"
"Ichapuram","532312","Srikakulam","Ichapuram","Andhra Pradesh"
"Icrisat","502324","Medak","Medak","Andhra Pradesh"
"Idapasham","502307","Medak","Medak","Andhra Pradesh"
"Idumudi","523194","Prakasam","Prakasam","Andhra Pradesh"
"Idupulapadu","523190","Prakasam","Prakasam","Andhra Pradesh"
"Iiavaripalle","517148","Chittoor","Chittoor","Andhra Pradesh"
"Illuri Kothapeta","518186","Kurnool","Kurnool","Andhra Pradesh"
"Ind Dev Are Jeed Hyd","500855","Hyderabad","Hyderabad","Andhra Pradesh"
"Ind Estate D W E G Dt","533124","East Godavari","East Godavari","Andhra Pradesh"
"Indalwai R S","503164","Nizamabad","Nizamabad","Andhra Pradesh"
"Indarpalli","504342","Adilabad","Adilabad","Andhra Pradesh"
"Indervalli","504346","Adilabad","Adilabad","Andhra Pradesh"
"Indira Nagar","503111","Nizamabad","Nizamabad","Andhra Pradesh"
"Indira Nagar Colony","502103","Medak","Medak","Andhra Pradesh"
"Indloor","508346","Nalgonda","Nalgonda","Andhra Pradesh"
"Indoor","501152","Ranga Reddy","Ranga Reddy","Andhra Pradesh"
"Indra Nagar","504106","Adilabad","Adilabad","Andhra Pradesh"
"Indrakal","509226","Mahboobnagar","Mahboobnagar","Andhra Pradesh"
"Indrakannu","502330","Medak","Medak","Andhra Pradesh"
"Indrapalem","533006","East Godavari","East Godavari","Andhra Pradesh"
"Indukurpet","524314","Nellore","Nellore","Andhra Pradesh"
"Indupalli","521311","Krishna","Krishna","Andhra Pradesh"
"Indurthi","505530","Kurnool","Kurnool","Andhra Pradesh"
"Industrial Area","504296","Adilabad","Adilabad","Andhra Pradesh"
"Industrial Estate","530007","Vishakhapatnam","Vishakhapatnam","Andhra Pradesh"
"Industrial Estate","531211","Vizianagaram","Vizianagaram","Andhra Pradesh"
"Industrial Estate","506007","Warangal","Warangal","Andhra Pradesh"
"Industrial Estate Gtr","522034","Guntur","Guntur","Andhra Pradesh"
"Industrial Estate Mbn","509002","Mahboobnagar","Mahboobnagar","Andhra Pradesh"
"Industrial Estate Moulali","500040","Hyderabad","Hyderabad","Andhra Pradesh"
"Ingala Palli","531211","Vizianagaram","Vizianagaram","Andhra Pradesh"
"Injapur","500035","Hyderabad","Hyderabad","Andhra Pradesh"
"Injedu","518157","Kurnool","Kurnool","Andhra Pradesh"
"Inkriyala","508288","Nalgonda","Nalgonda","Andhra Pradesh"
"Ins Satavahana","530014","Vishakhapatnam","Vishakhapatnam","Andhra Pradesh"
"Inugudurpet","521001","Krishna","Krishna","Andhra Pradesh"
"Ippaguda","506252","Warangal","Warangal","Andhra Pradesh"
"Ipur","522296","Guntur","Guntur","Andhra Pradesh"
"Ipur","522658","Guntur","Guntur","Andhra Pradesh"
"Ipurupalem","523166","Prakasam","Prakasam","Andhra Pradesh"
"Iragavaram","534217","West Godavari","West Godavari","Andhra Pradesh"
"Iral","517130","Chittoor","Chittoor","Andhra Pradesh"
"Irellpadu","521170","Krishna","Krishna","Andhra Pradesh"
"Irkode","502114","Medak","Medak","Andhra Pradesh"
"Iruvaram","517128","Chittoor","Chittoor","Andhra Pradesh"
"Isakathota Visakha","530010","Vishakhapatnam","Vishakhapatnam","Andhra Pradesh"
"Isala Takkalapalli","505187","Karimnagar","Karimnagar","Andhra Pradesh"
"Iskapalle","524324","Nellore","Nellore","Andhra Pradesh"
"Islampura","503111","Nizamabad","Nizamabad","Andhra Pradesh"
"Island Polvaram","533219","East Godavari","East Godavari","Andhra Pradesh"
"Ismail Khan Pet","502296","Medak","Medak","Andhra Pradesh"
"Isukapalli","522265","Guntur","Guntur","Andhra Pradesh"
"J N T U Hyd","500028","Hyderabad","Hyderabad","Andhra Pradesh"
"Jagadevpur","502281","Medak","Medak","Andhra Pradesh"
"Jagajivan Ramnagar","503111","Nizamabad","Nizamabad","Andhra Pradesh"
"Jagamguda","500014","Hyderabad","Hyderabad","Andhra Pradesh"
"Jagannadapuram","521301","Krishna","Krishna","Andhra Pradesh"
"Jagannaickpur","532407","Srikakulam","Srikakulam","Andhra Pradesh"
"Jagannathapuram","517501","Chittoor","Chittoor","Andhra Pradesh"
"Jaggampeta","533435","East Godavari","East Godavari","Andhra Pradesh"
"Jaggayapeth","521175","Krishna","Krishna","Andhra Pradesh"
"Jagtial","505327","Karimnagar","Jagtial","Andhra Pradesh"
"Jai Jawahar Nagar","500587","Hyderabad","Hyderabad","Andhra Pradesh"
"Jainad","504325","Adilabad","Adilabad","Andhra Pradesh"
"Jainur","504313","Adilabad","Adilabad","Andhra Pradesh"
"Jaipur Adilabad","504216","Adilabad","Adilabad","Andhra Pradesh"
"Jajapur","509211","Mahboobnagar","Mahboobnagar","Andhra Pradesh"
"Jaklair","509353","Mahboobnagar","Mahboobnagar","Andhra Pradesh"
"Jakora","503201","Nizamabad","Nizamabad","Andhra Pradesh"
"Jaladanki","524223","Nellore","Nellore","Andhra Pradesh"
"Jaladurgan","518220","Kurnool","Kurnool","Andhra Pradesh"
"Jalapur","508126","Nalgonda","Nalgonda","Andhra Pradesh"
"Jallaram","505184","Karimnagar","Karimnagar","Andhra Pradesh"
"Jalli Palli","515712","Anantapur","Anantapur","Andhra Pradesh"
"Jalum Uru","532432","Srikakulam","Srikakulam","Andhra Pradesh"
"Jama I Osmania Hyderabad","500007","Hyderabad","Hyderabad","Andhra Pradesh"
"Jami","531250","Vizianagaram","Vizianagaram","Andhra Pradesh"
"Jammalamudugu East","516434","Cuddapah","Cuddapah","Andhra Pradesh"
"Jammalamudugu North","516434","Cuddapah","Cuddapah","Andhra Pradesh"
"Jammikunta","505122","Karimnagar","Karimnagar","Andhra Pradesh"
"Jampani","522266","Guntur","Guntur","Andhra Pradesh"
"Janampet","507152","Khammam","Khammam","Andhra Pradesh"
"Janardhanapuram","521321","Krishna","Krishna","Andhra Pradesh"
"Janathapet","524202","Nellore","Nellore","Andhra Pradesh"
"Jandla","517217","Chittoor","Chittoor","Andhra Pradesh"
"Jandrapet","523165","Prakasam","Prakasam","Andhra Pradesh"
"Janga Reddi Gudem","534447","Karimnagar","Karimnagar","Andhra Pradesh"
"Jangalapalli","506352","Warangal","Warangal","Andhra Pradesh"
"Jangampalli","503102","Nizamabad","Nizamabad","Andhra Pradesh"
"Jangaon","501142","Ranga Reddy","Jangaon","Andhra Pradesh"
"Jangaon","505547","Warangal","Jangaon","Andhra Pradesh"
"Jangaon","506167","Warangal","Jangaon","Andhra Pradesh"
"Jangaon Bazar","506167","Warangal","Warangal","Andhra Pradesh"
"Jangareddi Gudem Bazar","534447","Karimnagar","Karimnagar","Andhra Pradesh"
"Jankampet R S","503193","Nizamabad","Nizamabad","Andhra Pradesh"
"Jannaram","504205","Adilabad","Adilabad","Andhra Pradesh"
"Jannepalli","503246","Nizamabad","Nizamabad","Andhra Pradesh"
"Janpahad","508355","Nalgonda","Nalgonda","Andhra Pradesh"
"Japal","501508","Ranga Reddy","Ranga Reddy","Andhra Pradesh"
"Jawahar Nagar","505002","Karimnagar","Karimnagar","Andhra Pradesh"
"Jawahar Road","503001","Nizamabad","Nizamabad","Andhra Pradesh"
"Jayampu","524131","Nellore","Nellore","Andhra Pradesh"
"Jayanthi","521171","Krishna","Krishna","Andhra Pradesh"
"Jayanthi","521171","Krishna","Krishna","Andhra Pradesh"
"Jayavaram","523297","Prakasam","Prakasam","Andhra Pradesh"
"Jeela Cheruvu","507177","Khammam","Khammam","Andhra Pradesh"
"Jeelgula","505498","Karimnagar","Karimnagar","Andhra Pradesh"
"Jeelugu Milli","534456","West Godavari","West Godavari","Andhra Pradesh"
"Jgp Bazar","521175","Krishna","Krishna","Andhra Pradesh"
"Jgp Bus Stand","521175","Krishna","Krishna","Andhra Pradesh"
"Jiaguda","500006","Hyderabad","Hyderabad","Andhra Pradesh"
"Jillella","505410","Karimnagar","Karimnagar","Andhra Pradesh"
"Jinnuru","534265","West Godavari","West Godavari","Andhra Pradesh"
"Jogipet","502270","Medak","Medak","Andhra Pradesh"
"Jogipet Clock Tower","502270","Medak","Medak","Andhra Pradesh"
"Jogipet Town","502270","Medak","Medak","Andhra Pradesh"
"Johrapuram","518016","Kurnool","Kurnool","Andhra Pradesh"
"Jubilee","500002","Hyderabad","Hyderabad","Andhra Pradesh"
"Jubilee Kaman","505001","Karimnagar","Karimnagar","Andhra Pradesh"
"Jukal","503305","Nizamabad","Nizamabad","Andhra Pradesh"
"Julaikal","509140","Mahboobnagar","Mahboobnagar","Andhra Pradesh"
"Julapalli","505188","Karimnagar","Karimnagar","Andhra Pradesh"
"Jule Palli","518596","Kurnool","Kurnool","Andhra Pradesh"
"Julur","508289","Nalgonda","Nalgonda","Andhra Pradesh"
"Jummerat Bazar","503001","Nizamabad","Nizamabad","Andhra Pradesh"
"Junta Palli","501154","Ranga Reddy","Ranga Reddy","Andhra Pradesh"
"Junuthala","508262","Nalgonda","Nalgonda","Andhra Pradesh"
"Juzzuru","521181","Krishna","Krishna","Andhra Pradesh"
"K Bheemunipalle","508248","Nalgonda","Nalgonda","Andhra Pradesh"
"K C Campus","505498","Karimnagar","Karimnagar","Andhra Pradesh"
"K Nagar Bus Stand","505001","Karimnagar","Karimnagar","Andhra Pradesh"
"Kachapur","505470","Karimnagar","Karimnagar","Andhra Pradesh"
"Kacharam","508115","Nalgonda","Nalgonda","Andhra Pradesh"
"Kadava Kuduru","523181","Prakasam","Prakasam","Andhra Pradesh"
"Kadiri","515591","Anantapur","Kadiri","Andhra Pradesh"
"Kadium","533126","East Godavari","East Godavari","Andhra Pradesh"
"Kadivedu","524410","Nellore","Nellore","Andhra Pradesh"
"Kadivella","518350","Kurnool","Kurnool","Andhra Pradesh"
"Kadthal","509358","Mahboobnagar","Mahboobnagar","Andhra Pradesh"
"Kadu Kuntla","509383","Mahboobnagar","Mahboobnagar","Andhra Pradesh"
"Kaikaram","534416","West Godavari","West Godavari","Andhra Pradesh"
"Kailasapuram","530024","Vishakhapatnam","Vishakhapatnam","Andhra Pradesh"
"Kaite Palle","522273","Guntur","Guntur","Andhra Pradesh"
"Kajoor","517002","Chittoor","Chittoor","Andhra Pradesh"
"Kakara Parru","534331","West Godavari","West Godavari","Andhra Pradesh"
"Kakatiya Canal Colony Wgl","506015","Warangal","Warangal","Andhra Pradesh"
"Kakatiya Medical College","506007","Warangal","Warangal","Andhra Pradesh"
"Kakinada","533001","East Godavari","Kakinada","Andhra Pradesh"
"Kakinada Bazar","533001","East Godavari","East Godavari","Andhra Pradesh"
"Kakinada Port","533007","East Godavari","East Godavari","Andhra Pradesh"
"Kakula","533007","East Godavari","East Godavari","Andhra Pradesh"
"Kakumanu","522112","Guntur","Guntur","Andhra Pradesh"
"Kala Kota","507313","Khammam","Khammam","Andhra Pradesh"
"Kalakada","517236","Chittoor","Chittoor","Andhra Pradesh"
"Kalas Pad","516217","Cuddapah","Cuddapah","Andhra Pradesh"
"Kali Chedu","524409","Nellore","Nellore","Andhra Pradesh"
"Kali Cherla","517301","Chittoor","Chittoor","Andhra Pradesh"
"Kali Dindi","521344","Krishna","Krishna","Andhra Pradesh"
"Kaligiri","524224","Nellore","Nellore","Andhra Pradesh"
"Kalikiri","517234","Chittoor","Chittoor","Andhra Pradesh"
"Kalkoda","501106","Ranga Reddy","Ranga Reddy","Andhra Pradesh"
"Kalla","534237","West Godavari","West Godavari","Andhra Pradesh"
"Kallklur","521333","Krishna","Krishna","Andhra Pradesh"
"Kallu Marri","515303","Anantapur","Anantapur","Andhra Pradesh"
"Kallur","517113","Chittoor","Kallur","Andhra Pradesh"
"Kallur","507209","Khammam","Kallur","Andhra Pradesh"
"Kalluru","524441","Nellore","Nellore","Andhra Pradesh"
"Kalluru R S","515774","Anantapur","Anantapur","Andhra Pradesh"
"Kalmal Cheruvu","508347","Nalgonda","Nalgonda","Andhra Pradesh"
"Kalu Voya","524343","Nellore","Nellore","Andhra Pradesh"
"Kalva Gunta","517151","Chittoor","Chittoor","Andhra Pradesh"
"Kalva Kunta","502001","Medak","Medak","Andhra Pradesh"
"Kalvacherla","505188","Karimnagar","Karimnagar","Andhra Pradesh"
"Kalwa Kurthy","509324","Mahboobnagar","Mahboobnagar","Andhra Pradesh"
"Kalwakole","509117","Mahboobnagar","Mahboobnagar","Andhra Pradesh"
"Kalyan Durg","515761","Anantapur","Anantapur","Andhra Pradesh"
"Kalyanamantapam","507111","Khammam","Khammam","Andhra Pradesh"
"Kalyandrug Bazar","515761","Anantapur","Anantapur","Andhra Pradesh"
"Kalyani Khani","504231","Adilabad","Adilabad","Andhra Pradesh"
"Kamaeddy Arts & Scie Coll","503111","Nizamabad","Nizamabad","Andhra Pradesh"
"Kamagutta Palle","517166","Chittoor","Chittoor","Andhra Pradesh"
"Kamakoti Nagar","520012","Krishna","Krishna","Andhra Pradesh"
"Kamala Padu","515835","Anantapur","Anantapur","Andhra Pradesh"
"Kamalanagar","515001","Anantapur","Anantapur","Andhra Pradesh"
"Kamalapur","505102","Karimnagar","Karimnagar","Andhra Pradesh"
"Kamalapuram","516289","Cuddapah","Cuddapah","Andhra Pradesh"
"Kamanpur","505188","Karimnagar","Karimnagar","Andhra Pradesh"
"Kamareddy","503111","Nizamabad","Kamareddy","Andhra Pradesh"
"Kamareddy Gunj","503111","Nizamabad","Nizamabad","Andhra Pradesh"
"Kamavarapu Kota","534449","West Godavari","West Godavari","Andhra Pradesh"
"Kambadur","515765","Anantapur","Anantapur","Andhra Pradesh"
"Kambampadu","521227","Karimnagar","Karimnagar","Andhra Pradesh"
"Kambham Vari Palle","517216","Chittoor","Chittoor","Andhra Pradesh"
"Kamereddy Rs","503111","Nizamabad","Nizamabad","Andhra Pradesh"
"Kami Palli","523271","Prakasam","Prakasam","Andhra Pradesh"
"Kammala Padu","523303","Prakasam","Prakasam","Andhra Pradesh"
"Kammampalli","505184","Karimnagar","Karimnagar","Andhra Pradesh"
"Kammapali","517565","Chittoor","Chittoor","Andhra Pradesh"
"Kanagal","508002","Nalgonda","Nalgonda","Andhra Pradesh"
"Kanagala","522259","Guntur","Guntur","Andhra Pradesh"
"Kanagana Palle","515641","Anantapur","Anantapur","Andhra Pradesh"
"Kanagarthi","505152","Karimnagar","Karimnagar","Andhra Pradesh"
"Kanakamamdi","501504","Ranga Reddy","Ranga Reddy","Andhra Pradesh"
"Kanala","518593","Kurnool","Kurnool","Andhra Pradesh"
"Kanchan Bagh","500258","Hyderabad","Hyderabad","Andhra Pradesh"
"Kanchan Pally","508281","Nalgonda","Nalgonda","Andhra Pradesh"
"Kanchanapalli","506244","Warangal","Warangal","Andhra Pradesh"
"Kanchara Palem Visakha","530008","Vishakhapatnam","Vishakhapatnam","Andhra Pradesh"
"Kanchika Cherla","522180","Guntur","Guntur","Andhra Pradesh"
"Kanchikacherla Bazar","522180","Guntur","Guntur","Andhra Pradesh"
"Kanchili","532290","Srikakulam","Srikakulam","Andhra Pradesh"
"Kandanhalli","501147","Ranga Reddy","Ranga Reddy","Andhra Pradesh"
"Kandaswamy Bagh","500001","Hyderabad","Hyderabad","Andhra Pradesh"
"Kandi","502285","Medak","Medak","Andhra Pradesh"
"Kandi Banda","508265","Nalgonda","Nalgonda","Andhra Pradesh"
"Kandimallayapalle","516503","Cuddapah","Cuddapah","Andhra Pradesh"
"Kandukur","515721","Anantapur","Kandukur","Andhra Pradesh"
"Kandukur","509359","Mahboobnagar","Kandukur","Andhra Pradesh"
"Kandukur Cutchery","523105","Prakasam","Prakasam","Andhra Pradesh"
"Kandukur South","523105","Prakasam","Prakasam","Andhra Pradesh"
"Kandukuru","523105","Prakasam","Prakasam","Andhra Pradesh"
"Kandukuru Bazar","523105","Prakasam","Prakasam","Andhra Pradesh"
"Kanduru","517241","Chittoor","Chittoor","Andhra Pradesh"
"Kangiri","523230","Prakasam","Prakasam","Andhra Pradesh"
"Kanigiri Bazar","523230","Prakasam","Prakasam","Andhra Pradesh"
"Kanipakam","517131","Chittoor","Chittoor","Andhra Pradesh"
"Kanipakam","523230","Prakasam","Prakasam","Andhra Pradesh"
"Kanithi Visakha","530025","Vishakhapatnam","Vishakhapatnam","Andhra Pradesh"
"Kanki Padu","521151","Krishna","Krishna","Andhra Pradesh"
"Kannal","505184","Karimnagar","Karimnagar","Andhra Pradesh"
"Kannapuram","534311","West Godavari","West Godavari","Andhra Pradesh"
"Kannavari Thota","522004","Guntur","Guntur","Andhra Pradesh"
"Kannur","505101","Kurnool","Kurnool","Andhra Pradesh"
"Kantaka Palli","531242","Vizianagaram","Vizianagaram","Andhra Pradesh"
"Kanteshwar","503002","Nizamabad","Nizamabad","Andhra Pradesh"
"Kanugula Valasa","532485","Srikakulam","Srikakulam","Andhra Pradesh"
"Kanumolu","521106","Krishna","Krishna","Andhra Pradesh"
"Kanuparthi","523195","Prakasam","Prakasam","Andhra Pradesh"
"Kanuru","534329","West Godavari","Kanuru","Andhra Pradesh"
"Kapila Theertham Road","517501","Chittoor","Chittoor","Andhra Pradesh"
"Kapileswara Puram","533309","East Godavari","East Godavari","Andhra Pradesh"
"Kapileswara Puram","521246","Krishna","Krishna","Andhra Pradesh"
"Kapugal","508352","Nalgonda","Nalgonda","Andhra Pradesh"
"Karam Chedu","523168","Prakasam","Prakasam","Andhra Pradesh"
"Karan Kot","501141","Ranga Reddy","Ranga Reddy","Andhra Pradesh"
"Karapa","533462","East Godavari","East Godavari","Andhra Pradesh"
"Karatampadu","524307","Nellore","Nellore","Andhra Pradesh"
"Karavadi","523182","Prakasam","Prakasam","Andhra Pradesh"
"Karempudi","522614","Guntur","Guntur","Andhra Pradesh"
"Karempudi Nsc Colony","522614","Guntur","Guntur","Andhra Pradesh"
"Karepalli","507122","Khammam","Khammam","Andhra Pradesh"
"Karimabad","506002","Warangal","Warangal","Andhra Pradesh"
"Karimnagar","505001","Karimnagar","Karimnagar","Andhra Pradesh"
"Karkal Pahad","509361","Mahboobnagar","Mahboobnagar","Andhra Pradesh"
"Karla Palem","522111","Guntur","Guntur","Andhra Pradesh"
"Karpagam","532001","Srikakulam","Srikakulam","Andhra Pradesh"
"Karwan Sahu","500006","Hyderabad","Hyderabad","Andhra Pradesh"
"Kasba","504106","Adilabad","Adilabad","Andhra Pradesh"
"Kasi Bugga","532222","Srikakulam","Srikakulam","Andhra Pradesh"
"Kasibugga","506002","Warangal","Warangal","Andhra Pradesh"
"Kasimkota","531031","Vishakhapatnam","Vishakhapatnam","Andhra Pradesh"
"Kasipet","504232","Adilabad","Adilabad","Andhra Pradesh"
"Kaspajagannadhapuram","531028","Vishakhapatnam","Vishakhapatnam","Andhra Pradesh"
"Kataram","505503","Karimnagar","Karimnagar","Andhra Pradesh"
"Katedhan Ie","500252","Hyderabad","Hyderabad","Andhra Pradesh"
"Kathevaram","522295","Guntur","Guntur","Andhra Pradesh"
"Katkreni Padu","533258","East Godavari","East Godavari","Andhra Pradesh"
"Katrenikona","533212","East Godavari","East Godavari","Andhra Pradesh"
"Kattakinda Venkatapuram","517561","Chittoor","Chittoor","Andhra Pradesh"
"Kattal Guda","500024","Hyderabad","Hyderabad","Andhra Pradesh"
"Kattamanchi","517001","Chittoor","Chittoor","Andhra Pradesh"
"Kattangur","508205","Nalgonda","Nalgonda","Andhra Pradesh"
"Katur","521164","Krishna","Krishna","Andhra Pradesh"
"Kaukuntla","509219","Mahboobnagar","Mahboobnagar","Andhra Pradesh"
"Kautalam","518344","Kurnool","Kurnool","Andhra Pradesh"
"Kavadiguda","500003","Hyderabad","Hyderabad","Andhra Pradesh"
"Kavali","524201","Nellore","Kavali","Andhra Pradesh"
"Kaviti","532322","Srikakulam","Srikakulam","Andhra Pradesh"
"Kavur","522611","Guntur","Guntur","Andhra Pradesh"
"Kavutaram","521331","Krishna","Krishna","Andhra Pradesh"
"Kawad Palli","501536","Ranga Reddy","Ranga Reddy","Andhra Pradesh"
"Kaza","521150","Krishna","Krishna","Andhra Pradesh"
"Kazipet","506003","Warangal","Warangal","Andhra Pradesh"
"Kda Collectorate","533001","East Godavari","East Godavari","Andhra Pradesh"
"Kda Kutturu","533001","East Godavari","East Godavari","Andhra Pradesh"
"Kda Suryarao Peta","533001","East Godavari","East Godavari","Andhra Pradesh"
"Kedhareswaripeta","520003","Krishna","Krishna","Andhra Pradesh"
"Keerpandharpur","521002","Krishna","Krishna","Andhra Pradesh"
"Kesamudram","506112","Warangal","Warangal","Andhra Pradesh"
"Kesanakurru Palem","533220","East Godavari","East Godavari","Andhra Pradesh"
"Kesaram","501106","Ranga Reddy","Ranga Reddy","Andhra Pradesh"
"Kesavapatnam","505490","Karimnagar","Karimnagar","Andhra Pradesh"
"Kesavapur","505102","Karimnagar","Karimnagar","Andhra Pradesh"
"Kesepalli","515426","Anantapur","Anantapur","Andhra Pradesh"
"Keshampet","509408","Mahboobnagar","Mahboobnagar","Andhra Pradesh"
"Keshorigi","500005","Hyderabad","Hyderabad","Andhra Pradesh"
"Khadeemabadi","505122","Karimnagar","Karimnagar","Andhra Pradesh"
"Khaderabad","516362","Cuddapah","Cuddapah","Andhra Pradesh"
"Khairatabad","500004","Hyderabad","Hyderabad","Andhra Pradesh"
"Khaji Peta","516203","Cuddapah","Cuddapah","Andhra Pradesh"
"Khammam","507001","Khammam","Khammam","Andhra Pradesh"
"Khammam","507002","Khammam","Khammam","Andhra Pradesh"
"Khammam Fort","507001","Khammam","Khammam","Andhra Pradesh"
"Khanapur","504203","Adilabad","Adilabad","Andhra Pradesh"
"Khanda Valli","534330","West Godavari","West Godavari","Andhra Pradesh"
"Khapraipalli","508111","Nalgonda","Nalgonda","Andhra Pradesh"
"Khodad","504318","Adilabad","Adilabad","Andhra Pradesh"
"Kila Jagtial","505327","Karimnagar","Karimnagar","Andhra Pradesh"
"King George Hospital","530002","Vishakhapatnam","Vishakhapatnam","Andhra Pradesh"
"King Koti Complex","500001","Hyderabad","Hyderabad","Andhra Pradesh"
"Kingsway","500003","Hyderabad","Hyderabad","Andhra Pradesh"
"Kinnerasani Project","507131","Khammam","Khammam","Andhra Pradesh"
"Kintada Kota Padu","531034","Vishakhapatnam","Vishakhapatnam","Andhra Pradesh"
"Kirekera","515211","Anantapur","Anantapur","Andhra Pradesh"
"Kirlampudi","533431","East Godavari","East Godavari","Andhra Pradesh"
"Kishandaspet","505303","Karimnagar","Karimnagar","Andhra Pradesh"
"Kissan Nagar","503218","Nizamabad","Nizamabad","Andhra Pradesh"
"Knl Bazar","518001","Kurnool","Kurnool","Andhra Pradesh"
"Knl Chowk","518001","Kurnool","Kurnool","Andhra Pradesh"
"Knl Dist Court","518001","Kurnool","Kurnool","Andhra Pradesh"
"Knl Fort","518001","Kurnool","Kurnool","Andhra Pradesh"
"Knl Osmania College","518001","Kurnool","Kurnool","Andhra Pradesh"
"Kodad","508206","Nalgonda","Nalgonda","Andhra Pradesh"
"Kodakandla","502312","Medak","Medak","Andhra Pradesh"
"Kodakondla","506222","Warangal","Warangal","Andhra Pradesh"
"Kodali","521132","Karimnagar","Karimnagar","Andhra Pradesh"
"Kodamanchili","534269","West Godavari","West Godavari","Andhra Pradesh"
"Kodangal","509338","Mahboobnagar","Mahboobnagar","Andhra Pradesh"
"Kodavlur","524316","Nellore","Nellore","Andhra Pradesh"
"Kodgal","509305","Mahboobnagar","Mahboobnagar","Andhra Pradesh"
"Kodikonda","515601","Anantapur","Anantapur","Andhra Pradesh"
"Kodmial","505501","Karimnagar","Karimnagar","Andhra Pradesh"
"Kodumuru","518464","Kurnool","Kurnool","Andhra Pradesh"
"Kodur","516101","Cuddapah","Cuddapah","Andhra Pradesh"
"Kodur Khurd","502276","Medak","Medak","Andhra Pradesh"
"Kodur R S","516101","Cuddapah","Cuddapah","Andhra Pradesh"
"Kodurpak","505402","Karimnagar","Karimnagar","Andhra Pradesh"
"Koduru","531022","Vishakhapatnam","Vishakhapatnam","Andhra Pradesh"
"Kohir","502210","Medak","Medak","Andhra Pradesh"
"Kohir Town","502210","Medak","Medak","Andhra Pradesh"
"Koil Konda","509371","Mahboobnagar","Mahboobnagar","Andhra Pradesh"
"Koil Kuntla","518134","Kurnool","Kurnool","Andhra Pradesh"
"Koilkuntla Bus Stand","518134","Kurnool","Kurnool","Andhra Pradesh"
"Kokkanti","515572","Anantapur","Anantapur","Andhra Pradesh"
"Kokkireni","508268","Nalgonda","Nalgonda","Andhra Pradesh"
"Kolagatla","524333","Nellore","Nellore","Andhra Pradesh"
"Kolakalur","522307","Guntur","Guntur","Andhra Pradesh"
"Kolamasana Palle","517432","Chittoor","Chittoor","Andhra Pradesh"
"Kolanpaka","508102","Nalgonda","Nalgonda","Andhra Pradesh"
"Kolanur","505162","Karimnagar","Karimnagar","Andhra Pradesh"
"Kolavennu","521153","Karimnagar","Karimnagar","Andhra Pradesh"
"Kolimi Gundla","518123","Kurnool","Kurnool","Andhra Pradesh"
"Kollam Pally","509224","Mahboobnagar","Mahboobnagar","Andhra Pradesh"
"Kollapur","509102","Mahboobnagar","Mahboobnagar","Andhra Pradesh"
"Kollapur Bazar","509102","Mahboobnagar","Mahboobnagar","Andhra Pradesh"
"Kollipara","522304","Guntur","Guntur","Andhra Pradesh"
"Kollur","508101","Nalgonda","Nalgonda","Andhra Pradesh"
"Kolluru","522324","Guntur","Guntur","Andhra Pradesh"
"Komadla","506244","Warangal","Warangal","Andhra Pradesh"
"Komarole","523373","Prakasam","Prakasam","Andhra Pradesh"
"Komaticherru","502103","Medak","Medak","Andhra Pradesh"
"Kommarada","532521","Vizianagaram","Vizianagaram","Andhra Pradesh"
"Komminapalli","507182","Khammam","Khammam","Andhra Pradesh"
"Kommireddi Palli","509348","Mahboobnagar","Mahboobnagar","Andhra Pradesh"
"Kona","517238","Chittoor","Chittoor","Andhra Pradesh"
"Konada","531213","Vizianagaram","Vizianagaram","Andhra Pradesh"
"Konakana Metla","523241","Prakasam","Prakasam","Andhra Pradesh"
"Konakondla","515842","Anantapur","Anantapur","Andhra Pradesh"
"Konarao Pet","505309","Karimnagar","Karimnagar","Andhra Pradesh"
"Konda Palli","521228","Krishna","Krishna","Andhra Pradesh"
"Kondagadapa","508282","Nalgonda","Nalgonda","Andhra Pradesh"
"Kondaigudem","507117","Khammam","Khammam","Andhra Pradesh"
"Kondakamerla","515531","Anantapur","Anantapur","Andhra Pradesh"
"Kondamachupalle","516248","Cuddapah","Cuddapah","Andhra Pradesh"
"Kondamalle Palle","508243","Nalgonda","Nalgonda","Andhra Pradesh"
"Kondapak","505502","Karimnagar","Karimnagar","Andhra Pradesh"
"Kondapak","502372","Medak","Medak","Andhra Pradesh"
"Kondapalkala","505474","Karimnagar","Karimnagar","Andhra Pradesh"
"Kondapauram","516444","Cuddapah","Cuddapah","Andhra Pradesh"
"Kondapi","532270","Srikakulam","Srikakulam","Andhra Pradesh"
"Kondapur","502289","Medak","Medak","Andhra Pradesh"
"Kondrapole","508357","Nalgonda","Nalgonda","Andhra Pradesh"
"Kondru Prole","534160","West Godavari","West Godavari","Andhra Pradesh"
"Kondrukota","534483","Warangal","Warangal","Andhra Pradesh"
"Kondur","521421","Karimnagar","Karimnagar","Andhra Pradesh"
"Kondurg","509207","Mahboobnagar","Mahboobnagar","Andhra Pradesh"
"Konduru","521229","Krishna","Krishna","Andhra Pradesh"
"Konetiraju Kondriga","516103","Cuddapah","Cuddapah","Andhra Pradesh"
"Kongara Raviryal","501510","Ranga Reddy","Ranga Reddy","Andhra Pradesh"
"Koni Dela","518411","Kurnool","Kurnool","Andhra Pradesh"
"Konidena","522631","Guntur","Guntur","Andhra Pradesh"
"Konitiwada","534240","West Godavari","West Godavari","Andhra Pradesh"
"Konjerla","507312","Khammam","Khammam","Andhra Pradesh"
"Koppole","508256","Nalgonda","Nalgonda","Andhra Pradesh"
"Koragunta Palle","516486","Cuddapah","Cuddapah","Andhra Pradesh"
"Korapalli","505122","Karimnagar","Karimnagar","Andhra Pradesh"
"Korasawada","532214","Srikakulam","Srikakulam","Andhra Pradesh"
"Koratla","505326","Karimnagar","Koratla","Andhra Pradesh"
"Koratlabazar","505326","Karimnagar","Karimnagar","Andhra Pradesh"
"Korene Padu","522022","Guntur","Guntur","Andhra Pradesh"
"Korite Padu","522007","Guntur","Guntur","Andhra Pradesh"
"Korla Kota","532189","Srikakulam","Srikakulam","Andhra Pradesh"
"Korlagunta","517501","Chittoor","Chittoor","Andhra Pradesh"
"Korra Padu","516359","Cuddapah","Cuddapah","Andhra Pradesh"
"Korukollu","521343","Krishna","Krishna","Andhra Pradesh"
"Korukonda","533289","East Godavari","East Godavari","Andhra Pradesh"
"Kosapet V L R","532001","Srikakulam","Srikakulam","Andhra Pradesh"
"Kosgi","509339","Mahboobnagar","Mahboobnagar","Andhra Pradesh"
"Kota","517370","Chittoor","Chittoor","Andhra Pradesh"
"Kota","524411","Nellore","Nellore","Andhra Pradesh"
"Kota Bommali","532195","Srikakulam","Srikakulam","Andhra Pradesh"
"Kota Gandredu","531220","Vizianagaram","Vizianagaram","Andhra Pradesh"
"Kota Konda","509225","Mahboobnagar","Mahboobnagar","Andhra Pradesh"
"Kota Nanduru","533407","East Godavari","East Godavari","Andhra Pradesh"
"Kotakandukuru","518550","Kurnool","Kurnool","Andhra Pradesh"
"Kotala","517105","Chittoor","Chittoor","Andhra Pradesh"
"Kotapalli","504214","Adilabad","Adilabad","Andhra Pradesh"
"Kotapolur","524123","Nellore","Nellore","Andhra Pradesh"
"Kotavratla","531085","Vizianagaram","Vizianagaram","Andhra Pradesh"
"Kotgalli","503001","Nizamabad","Nizamabad","Andhra Pradesh"
"Kotgir","503207","Nizamabad","Nizamabad","Andhra Pradesh"
"Kotha Ahraharam","531201","Vizianagaram","Vizianagaram","Andhra Pradesh"
"Kotha Cheruvu","515133","Anantapur","Anantapur","Andhra Pradesh"
"Kotha Kota","531114","Vizianagaram","Vizianagaram","Andhra Pradesh"
"Kotha Valasa","531183","Vizianagaram","Vizianagaram","Andhra Pradesh"
"Kothagadi","501108","Ranga Reddy","Ranga Reddy","Andhra Pradesh"
"Kothagudem Bazar","507101","Khammam","Khammam","Andhra Pradesh"
"Kothagudem Bus Station","507101","Khammam","Khammam","Andhra Pradesh"
"Kothagudem Colleries","507101","Khammam","Khammam","Andhra Pradesh"
"Kothakonda","505471","Karimnagar","Karimnagar","Andhra Pradesh"
"Kothakota","509381","Mahboobnagar","Mahboobnagar","Andhra Pradesh"
"Kothapalli","517167","Chittoor","Chittoor","Andhra Pradesh"
"Kothapalli","533447","East Godavari","East Godavari","Andhra Pradesh"
"Kothapalli","505451","Karimnagar","Karimnagar","Andhra Pradesh"
"Kothapalli","502304","Medak","Medak","Andhra Pradesh"
"Kothapalli","532209","Srikakulam","Srikakulam","Andhra Pradesh"
"Kothapatnam","523286","Prakasam","Prakasam","Andhra Pradesh"
"Kothapet","533450","East Godavari","East Godavari","Andhra Pradesh"
"Kothapet","522201","Guntur","Guntur","Andhra Pradesh"
"Kothapeta","515812","Anantapur","Anantapur","Andhra Pradesh"
"Kothapeta","517325","Chittoor","Chittoor","Andhra Pradesh"
"Kothapeta","517644","Chittoor","Chittoor","Andhra Pradesh"
"Kothapeta","533223","East Godavari","East Godavari","Andhra Pradesh"
"Kothapeta","522503","Guntur","Guntur","Andhra Pradesh"
"Kothapeta","520001","Krishna","Krishna","Andhra Pradesh"
"Kothapeta","521333","Krishna","Krishna","Andhra Pradesh"
"Kothapeta","523002","Prakasam","Prakasam","Andhra Pradesh"
"Kothapeta","523230","Prakasam","Prakasam","Andhra Pradesh"
"Kothapeta","531202","Vizianagaram","Vizianagaram","Andhra Pradesh"
"Kothapeta","534260","West Godavari","West Godavari","Andhra Pradesh"
"Kothapeta Knl","518004","Kurnool","Kurnool","Andhra Pradesh"
"Kothulapur","501201","Ranga Reddy","Ranga Reddy","Andhra Pradesh"
"Kothur","509228","Mahboobnagar","Mahboobnagar","Andhra Pradesh"
"Kothuru","523240","Prakasam","Prakasam","Andhra Pradesh"
"Kothuru","531036","Vishakhapatnam","Vishakhapatnam","Andhra Pradesh"
"Koti Kesavaram","533290","East Godavari","East Godavari","Andhra Pradesh"
"Koti Palli","533306","East Godavari","East Godavari","Andhra Pradesh"
"Kotmarpalli","501202","Ranga Reddy","Ranga Reddy","Andhra Pradesh"
"Kotnur","515213","Anantapur","Anantapur","Andhra Pradesh"
"Kotpalli","501106","Ranga Reddy","Ranga Reddy","Andhra Pradesh"
"Kotrakona","517149","Chittoor","Chittoor","Andhra Pradesh"
"Kottabelagam","532501","Vizianagaram","Vizianagaram","Andhra Pradesh"
"Kottakki","532579","Vizianagaram","Vizianagaram","Andhra Pradesh"
"Kottala","515814","Anantapur","Anantapur","Andhra Pradesh"
"Kottala","518515","Kurnool","Kurnool","Andhra Pradesh"
"Kottur","500014","Hyderabad","Hyderabad","Andhra Pradesh"
"Kovanur","517643","Chittoor","Chittoor","Andhra Pradesh"
"Kovur","524137","Nellore","Nellore","Andhra Pradesh"
"Kovur Cutchery","524137","Nellore","Nellore","Andhra Pradesh"
"Kovvur","534350","West Godavari","Kovvur","Andhra Pradesh"
"Kovvur Old Town","534350","West Godavari","West Godavari","Andhra Pradesh"
"Koya Chelka","507002","Khammam","Khammam","Andhra Pradesh"
"Koyyala Gudem","534312","West Godavari","West Godavari","Andhra Pradesh"
"Koyyuru","531087","Vizianagaram","Vizianagaram","Andhra Pradesh"
"Krishi Raksha","500030","Hyderabad","Hyderabad","Andhra Pradesh"
"Krishna","521149","Krishna","Krishna","Andhra Pradesh"
"Krishna","521372","Krishna","Krishna","Andhra Pradesh"
"Krishna","509352","Mahboobnagar","Krishna","Andhra Pradesh"
"Krishna Bazar","531116","Vizianagaram","Vizianagaram","Andhra Pradesh"
"Krishna Cement Works","522502","Guntur","Guntur","Andhra Pradesh"
"Krishna Nagar","509125","Mahboobnagar","Mahboobnagar","Andhra Pradesh"
"Krishna Nagar","532001","Srikakulam","Srikakulam","Andhra Pradesh"
"Krishnadevi Peta","531084","Vizianagaram","Vizianagaram","Andhra Pradesh"
"Krishnalanka","520013","Krishna","Krishna","Andhra Pradesh"
"Krishnam Shettipalle","523345","Prakasam","Prakasam","Andhra Pradesh"
"Krishnapur","502322","Medak","Medak","Andhra Pradesh"
"Krishnapuram","515159","Anantapur","Anantapur","Andhra Pradesh"
"Krishnapuram","517153","Chittoor","Chittoor","Andhra Pradesh"
"Kristipadu","515457","Anantapur","Anantapur","Andhra Pradesh"
"Krosur","522410","Guntur","Guntur","Andhra Pradesh"
"Kuchanpally","502130","Medak","Medak","Andhra Pradesh"
"Kuchinapudi","522262","Guntur","Guntur","Andhra Pradesh"
"Kuchipudi","522313","Guntur","Guntur","Andhra Pradesh"
"Kuchipudi Centre","521136","Krishna","Krishna","Andhra Pradesh"
"Kudakuda Road","508220","Nalgonda","Nalgonda","Andhra Pradesh"
"Kuderu","515711","Anantapur","Anantapur","Andhra Pradesh"
"Kudikilla","509108","Mahboobnagar","Mahboobnagar","Andhra Pradesh"
"Kukatpalli","500872","Hyderabad","Hyderabad","Andhra Pradesh"
"Kuknoorpalli","502301","Medak","Medak","Andhra Pradesh"
"Kukumpet","531077","Vishakhapatnam","Vishakhapatnam","Andhra Pradesh"
"Kulak Cherla","509335","Mahboobnagar","Mahboobnagar","Andhra Pradesh"
"Kulkulpally","509432","Mahboobnagar","Mahboobnagar","Andhra Pradesh"
"Kulsumpura","500267","Hyderabad","Hyderabad","Andhra Pradesh"
"Kumar Palli","503308","Nizamabad","Nizamabad","Andhra Pradesh"
"Kumara Bomma Raju","500267","Hyderabad","Hyderabad","Andhra Pradesh"
"Kumaradevam","534352","West Godavari","West Godavari","Andhra Pradesh"
"Kunavaram","507121","Khammam","Khammam","Andhra Pradesh"
"Kundaram","506303","Warangal","Warangal","Andhra Pradesh"
"Kundurpi","515766","Anantapur","Anantapur","Andhra Pradesh"
"Kunoor","508293","Nalgonda","Nalgonda","Andhra Pradesh"
"Kuntala","504109","Adilabad","Adilabad","Andhra Pradesh"
"Kuntimaddi","515102","Anantapur","Anantapur","Andhra Pradesh"
"Kuntloor","501511","Ranga Reddy","Ranga Reddy","Andhra Pradesh"
"Kuppam","517425","Chittoor","Kuppam","Andhra Pradesh"
"Kuppam Badur","517566","Chittoor","Chittoor","Andhra Pradesh"
"Kurabalakota","517350","Chittoor","Chittoor","Andhra Pradesh"
"Kurella","508111","Nalgonda","Nalgonda","Andhra Pradesh"
"Kurichedu","523304","Prakasam","Prakasam","Andhra Pradesh"
"Kurnapalli","503202","Nizamabad","Nizamabad","Andhra Pradesh"
"Kurnool","518115","Kurnool","Kurnool","Andhra Pradesh"
"Kurnool","518219","Kurnool","Kurnool","Andhra Pradesh"
"Kurnool","518402","Kurnool","Kurnool","Andhra Pradesh"
"Kurnool","518001","Kurnool","Kurnool","Andhra Pradesh"
"Kurnool Camp B","518002","Kurnool","Kurnool","Andhra Pradesh"
"Kurnool Medical College","518002","Kurnool","Kurnool","Andhra Pradesh"
"Kurnool Narsasimharaopet","518001","Kurnool","Kurnool","Andhra Pradesh"
"Kurnool Road","523002","Prakasam","Prakasam","Andhra Pradesh"
"Kurnool Sap Camp","518003","Kurnool","Kurnool","Andhra Pradesh"
"Kurupam","532524","Vizianagaram","Vizianagaram","Andhra Pradesh"
"Kurupam Market","530001","Vishakhapatnam","Vishakhapatnam","Andhra Pradesh"
"Kuruvangala Puram","518467","Kurnool","Kurnool","Andhra Pradesh"
"Kurvi","506105","Warangal","Warangal","Andhra Pradesh"
"Kushmanchi","507159","Khammam","Khammam","Andhra Pradesh"
"Kutugulla","515541","Anantapur","Anantapur","Andhra Pradesh"
"Kutukuluru","533264","East Godavari","East Godavari","Andhra Pradesh"
"Kvl Bazar","524201","Nellore","Nellore","Andhra Pradesh"
"Kvl Cutcherry","524201","Nellore","Nellore","Andhra Pradesh"
"Kyathur","509154","Mahboobnagar","Mahboobnagar","Andhra Pradesh"
"L B Cherla","534291","West Godavari","West Godavari","Andhra Pradesh"
"L I C Dn Hyd","500463","Hyderabad","Hyderabad","Andhra Pradesh"
"Ladnapur","505188","Karimnagar","Karimnagar","Andhra Pradesh"
"Ladnoor","506224","Warangal","Warangal","Andhra Pradesh"
"Lajpathi Roy Peta","534261","West Godavari","West Godavari","Andhra Pradesh"
"Lake View Colony","524003","Nellore","Nellore","Andhra Pradesh"
"Lakkavaram","533541","East Godavari","East Godavari","Andhra Pradesh"
"Lakkavaram","531075","Vishakhapatnam","Vishakhapatnam","Andhra Pradesh"
"Lakkavaram","534451","West Godavari","West Godavari","Andhra Pradesh"
"Lakkavarapu Kota","531161","Vishakhapatnam","Vishakhapatnam","Andhra Pradesh"
"Lakki Reddi Palle","516257","Cuddapah","Cuddapah","Andhra Pradesh"
"Lakshminagar","520011","Krishna","Krishna","Andhra Pradesh"
"Lakshmipuram","524002","Nellore","Nellore","Andhra Pradesh"
"Lal Bahadur Nagar","500963","Hyderabad","Hyderabad","Andhra Pradesh"
"Lalitha Colony","530020","Vishakhapatnam","Vishakhapatnam","Andhra Pradesh"
"Lali-Thanagar Colony","500044","Hyderabad","Hyderabad","Andhra Pradesh"
"Lalithanagaram","530016","Vishakhapatnam","Vishakhapatnam","Andhra Pradesh"
"Lalkota","509409","Mahboobnagar","Mahboobnagar","Andhra Pradesh"
"Lallaguda","500017","Hyderabad","Hyderabad","Andhra Pradesh"
"Lallapet","500017","Hyderabad","Hyderabad","Andhra Pradesh"
"Lalugardens","517001","Chittoor","Chittoor","Andhra Pradesh"
"Lam","522008","Guntur","Guntur","Andhra Pradesh"
"Langar House","500008","Hyderabad","Hyderabad","Andhra Pradesh"
"Lankala Koderu","522008","Guntur","Guntur","Andhra Pradesh"
"Lankala Koderu","534250","West Godavari","West Godavari","Andhra Pradesh"
"Lashkar Bazar","506001","Warangal","Warangal","Andhra Pradesh"
"Lavanur","516464","Cuddapah","Cuddapah","Andhra Pradesh"
"Lawsons Bay Colony Visakh","530017","Vishakhapatnam","Vishakhapatnam","Andhra Pradesh"
"Lawyerpeta","523002","Prakasam","Prakasam","Andhra Pradesh"
"Laxmanraopalle","524322","Nellore","Nellore","Andhra Pradesh"
"Laxmidevi Palli","507106","Khammam","Khammam","Andhra Pradesh"
"Laxminarasupeta","532458","Srikakulam","Srikakulam","Andhra Pradesh"
"Laxmipur","506013","Warangal","Warangal","Andhra Pradesh"
"Laxmipuram","521131","Krishna","Krishna","Andhra Pradesh"
"Laxmipuram Water Works","522007","Guntur","Guntur","Andhra Pradesh"
"Laxshotti Pet","504215","Adilabad","Adilabad","Andhra Pradesh"
"Leeja","509127","Mahboobnagar","Mahboobnagar","Andhra Pradesh"
"Lemalle","522016","Guntur","Guntur","Andhra Pradesh"
"Lepakshi","515331","Anantapur","Anantapur","Andhra Pradesh"
"Lic Bldg","530004","Vishakhapatnam","Vishakhapatnam","Andhra Pradesh"
"Lingal","509401","Mahboobnagar","Mahboobnagar","Andhra Pradesh"
"Lingala","516396","Cuddapah","Cuddapah","Andhra Pradesh"
"Lingam Palli","500133","Hyderabad","Hyderabad","Andhra Pradesh"
"Lingamguntla","522407","Guntur","Guntur","Andhra Pradesh"
"Lingampet","503124","Nizamabad","Nizamabad","Andhra Pradesh"
"Linganguntla","522407","Guntur","Guntur","Andhra Pradesh"
"Lingasamudram","523114","Prakasam","Prakasam","Andhra Pradesh"
"Llapavulur","523263","Prakasam","Prakasam","Andhra Pradesh"
"Lower Manair Dam Colony","505527","Karimnagar","Karimnagar","Andhra Pradesh"
"Lthanagar Appadu","522201","Guntur","Guntur","Andhra Pradesh"
"M B N R R S","509001","Mahboobnagar","Mahboobnagar","Andhra Pradesh"
"M C Eme","500015","Hyderabad","Hyderabad","Andhra Pradesh"
"M G Rd","500003","Hyderabad","Hyderabad","Andhra Pradesh"
"M G Road","504296","Adilabad","Adilabad","Andhra Pradesh"
"M G Road","502110","Medak","Medak","Andhra Pradesh"
"M G Road","506012","Warangal","Warangal","Andhra Pradesh"
"M Nagula Palli","534429","West Godavari","West Godavari","Andhra Pradesh"
"M S N Charities","533002","East Godavari","East Godavari","Andhra Pradesh"
"Machavaram","522315","Guntur","Guntur","Andhra Pradesh"
"Machavaram","520004","Krishna","Krishna","Andhra Pradesh"
"Machavaram","502109","Medak","Medak","Andhra Pradesh"
"Macherla","522426","Guntur","Macherla","Andhra Pradesh"
"Macherla","509129","Mahboobnagar","Macherla","Andhra Pradesh"
"Macherla R S","522426","Guntur","Guntur","Andhra Pradesh"
"Machilipatnam","521001","Krishna","Machilipatnam","Andhra Pradesh"
"Machilipatnam Bazar","521001","Krishna","Krishna","Andhra Pradesh"
"Machilipatnam Port","521003","Krishna","Krishna","Andhra Pradesh"
"Machupalli","516005","Cuddapah","Cuddapah","Andhra Pradesh"
"Madakasira","515301","Anantapur","Anantapur","Andhra Pradesh"
"Madakasira Bazar","515301","Anantapur","Anantapur","Andhra Pradesh"
"Madanapalle","517325","Chittoor","Madanapalle","Andhra Pradesh"
"Madanapalle","517327","Chittoor","Madanapalle","Andhra Pradesh"
"Madanapalle Bazar","517325","Chittoor","Chittoor","Andhra Pradesh"
"Madanapalle College","517327","Chittoor","Chittoor","Andhra Pradesh"
"Madanapalli Bus Station","517327","Chittoor","Chittoor","Andhra Pradesh"
"Madanapuram","509110","Mahboobnagar","Mahboobnagar","Andhra Pradesh"
"Madanur","523280","Prakasam","Prakasam","Andhra Pradesh"
"Madaram Town Shop","504220","Adilabad","Adilabad","Andhra Pradesh"
"Maddi Padu","523211","Prakasam","Prakasam","Andhra Pradesh"
"Maddikere","518385","Kurnool","Kurnool","Andhra Pradesh"
"Maddinavani Palle","517115","Chittoor","Chittoor","Andhra Pradesh"
"Maddurnagar","518002","Kurnool","Kurnool","Andhra Pradesh"
"Madgul","509327","Mahboobnagar","Mahboobnagar","Andhra Pradesh"
"Madhapur","508116","Nalgonda","Nalgonda","Andhra Pradesh"
"Madhavaram","516247","Cuddapah","Cuddapah","Andhra Pradesh"
"Madhavaram","518349","Kurnool","Kurnool","Andhra Pradesh"
"Madhavaram","534145","West Godavari","West Godavari","Andhra Pradesh"
"Madhira","507203","Khammam","Khammam","Andhra Pradesh"
"Madhira Bazar","507203","Khammam","Khammam","Andhra Pradesh"
"Madhu Nagar","502228","Medak","Medak","Andhra Pradesh"
"Madikonda","506142","Warangal","Warangal","Andhra Pradesh"
"Madireddi Palli","501114","Ranga Reddy","Ranga Reddy","Andhra Pradesh"
"Madithadu","516133","Cuddapah","Cuddapah","Andhra Pradesh"
"Madka","505152","Karimnagar","Karimnagar","Andhra Pradesh"
"Madnoor","503309","Nizamabad","Nizamabad","Andhra Pradesh"
"Madpalli","505209","Karimnagar","Karimnagar","Andhra Pradesh"
"Madugula","531027","Vishakhapatnam","Vishakhapatnam","Andhra Pradesh"
"Madugulapalli","508374","Nalgonda","Nalgonda","Andhra Pradesh"
"Mahabubabad","506101","Warangal","Warangal","Andhra Pradesh"
"Mahabubnagar","509001","Mahboobnagar","Mahboobnagar","Andhra Pradesh"
"Mahadeopur","505504","Karimnagar","Karimnagar","Andhra Pradesh"
"Mahal","517235","Chittoor","Chittoor","Andhra Pradesh"
"Maharanipeta","530002","Vishakhapatnam","Vishakhapatnam","Andhra Pradesh"
"Mahasamudran","517140","Chittoor","Chittoor","Andhra Pradesh"
"Mahatma Gandhi Cloth Mkt","523156","Prakasam","Prakasam","Andhra Pradesh"
"Mahidpur Lines Alwal","500010","Hyderabad","Hyderabad","Andhra Pradesh"
"Mailaram","501534","Ranga Reddy","Ranga Reddy","Andhra Pradesh"
"Mailwar","501148","Ranga Reddy","Ranga Reddy","Andhra Pradesh"
"Maisaram","509365","Mahboobnagar","Mahboobnagar","Andhra Pradesh"
"Majeru","521129","Krishna","Krishna","Andhra Pradesh"
"Makavarapalem","531113","Vishakhapatnam","Vishakhapatnam","Andhra Pradesh"
"Makkarajpet","502247","Medak","Medak","Andhra Pradesh"
"Makkuva","532547","Vizianagaram","Vizianagaram","Andhra Pradesh"
"Makloor","503213","Nizamabad","Nizamabad","Andhra Pradesh"
"Makthal","509208","Mahboobnagar","Mahboobnagar","Andhra Pradesh"
"Malaka Vemula","515502","Anantapur","Anantapur","Andhra Pradesh"
"Malakapatnam","521001","Krishna","Krishna","Andhra Pradesh"
"Malakpet Colony","500036","Hyderabad","Hyderabad","Andhra Pradesh"
"Malaparru","521391","Krishna","Krishna","Andhra Pradesh"
"Malavyanagar","524102","Nellore","Nellore","Andhra Pradesh"
"Malkajgiri","500047","Hyderabad","Malkajgiri","Andhra Pradesh"
"Malkapur","501157","Ranga Reddy","Ranga Reddy","Andhra Pradesh"
"Malkapur","506145","Warangal","Warangal","Andhra Pradesh"
"Malkapuram Visakhal","530011","Vishakhapatnam","Vishakhapatnam","Andhra Pradesh"
"Malki Mohammad","530011","Vishakhapatnam","Vishakhapatnam","Andhra Pradesh"
"Malla Reddi Kalan","503103","Nizamabad","Nizamabad","Andhra Pradesh"
"Mallam","533433","East Godavari","East Godavari","Andhra Pradesh"
"Mallam","524403","Nellore","Nellore","Andhra Pradesh"
"Mallam Palli","505548","East Godavari","East Godavari","Andhra Pradesh"
"Mallampalli","506349","Warangal","Warangal","Andhra Pradesh"
"Mallaram","507151","Khammam","Khammam","Andhra Pradesh"
"Mallareddy Vedanagar","518543","Kurnool","Kurnool","Andhra Pradesh"
"Mallepalli","533439","East Godavari","East Godavari","Andhra Pradesh"
"Mallial","505452","Karimnagar","Karimnagar","Andhra Pradesh"
"Mallikaddur","506368","Warangal","Warangal","Andhra Pradesh"
"Mallikipuram","533253","East Godavari","East Godavari","Andhra Pradesh"
"Malyanvantham","515662","Anantapur","Anantapur","Andhra Pradesh"
"Mamda","504310","Adilabad","Adilabad","Andhra Pradesh"
"Mamidala Padu","518020","Kurnool","Kurnool","Andhra Pradesh"
"Mamidi Palli","500005","Hyderabad","Hyderabad","Andhra Pradesh"
"Mamidi Palli","532593","Vizianagaram","Vizianagaram","Andhra Pradesh"
"Mamnoor","506166","Warangal","Warangal","Andhra Pradesh"
"Mana Kondur","505469","Karimnagar","Karimnagar","Andhra Pradesh"
"Managapaka","531033","Vishakhapatnam","Vishakhapatnam","Andhra Pradesh"
"Manchal","509320","Mahboobnagar","Mahboobnagar","Andhra Pradesh"
"Mancherial Bus Stand","504208","Adilabad","Adilabad","Andhra Pradesh"
"Mancherial Bzr","504208","Adilabad","Adilabad","Andhra Pradesh"
"Mancherial Civil Hospital","504208","Adilabad","Adilabad","Andhra Pradesh"
"Manchikalapudi","522329","Guntur","Guntur","Andhra Pradesh"
"Manchili","534137","West Godavari","West Godavari","Andhra Pradesh"
"Manchiriyal","504208","Adilabad","Adilabad","Andhra Pradesh"
"Manchiriyal","534137","West Godavari","West Godavari","Andhra Pradesh"
"Manda Paka","534218","West Godavari","West Godavari","Andhra Pradesh"
"Manda Palle","516153","Cuddapah","Cuddapah","Andhra Pradesh"
"Manda Peta","533308","East Godavari","East Godavari","Andhra Pradesh"
"Manda Valli Station Road","521345","Krishna","Krishna","Andhra Pradesh"
"Mandamarri Bus Stand","504231","Adilabad","Adilabad","Andhra Pradesh"
"Mandamarri Coll","504231","Adilabad","Adilabad","Andhra Pradesh"
"Mandapeta Bazar","533308","East Godavari","East Godavari","Andhra Pradesh"
"Mandasa","532242","Srikakulam","Srikakulam","Andhra Pradesh"
"Mandi Bazar","506012","Warangal","Warangal","Andhra Pradesh"
"Mandi Mir Alam Motigalli","500002","Hyderabad","Hyderabad","Andhra Pradesh"
"Manduvari Palem","523265","Prakasam","Prakasam","Andhra Pradesh"
"Manepalli","533551","East Godavari","East Godavari","Andhra Pradesh"
"Mangalagiri","522503","Guntur","Mangalagiri","Andhra Pradesh"
"Mangalagiri Bazar","522511","Guntur","Guntur","Andhra Pradesh"
"Mangalam Pet","517172","Chittoor","Chittoor","Andhra Pradesh"
"Mangalgiri Bus Stand","522503","Guntur","Guntur","Andhra Pradesh"
"Mangalhat","500006","Hyderabad","Hyderabad","Andhra Pradesh"
"Mangalpalli","501510","Ranga Reddy","Ranga Reddy","Andhra Pradesh"
"Mangalpet","502286","Medak","Medak","Andhra Pradesh"
"Mangampet","516106","Cuddapah","Cuddapah","Andhra Pradesh"
"Mangamur Donka","523002","Prakasam","Prakasam","Andhra Pradesh"
"Manguru","507117","Khammam","Khammam","Andhra Pradesh"
"Maniar Palli","502213","Medak","Medak","Andhra Pradesh"
"Manidi Palli","504343","Adilabad","Adilabad","Andhra Pradesh"
"Manikonda","521260","Krishna","Krishna","Andhra Pradesh"
"Manikyapuram","532292","Srikakulam","Srikakulam","Andhra Pradesh"
"Manjeera Barriage","502294","Medak","Medak","Andhra Pradesh"
"Mankhal","509359","Mahboobnagar","Mahboobnagar","Andhra Pradesh"
"Mannanur","509241","Mahboobnagar","Mahboobnagar","Andhra Pradesh"
"Manneguda","501109","Ranga Reddy","Ranga Reddy","Andhra Pradesh"
"Mannur","516126","Cuddapah","Cuddapah","Andhra Pradesh"
"Manopad","509128","Mahboobnagar","Mahboobnagar","Andhra Pradesh"
"Mantada","521256","Krishna","Krishna","Andhra Pradesh"
"Mantapam Palle","516152","Cuddapah","Cuddapah","Andhra Pradesh"
"Manthangod","501149","Ranga Reddy","Ranga Reddy","Andhra Pradesh"
"Manthani","505184","Karimnagar","Karimnagar","Andhra Pradesh"
"Manthani","503226","Nizamabad","Nizamabad","Andhra Pradesh"
"Manthena","521265","Krishna","Krishna","Andhra Pradesh"
"Mantralaya","518345","Kurnool","Kurnool","Andhra Pradesh"
"Manu Bolu","524405","Nellore","Nellore","Andhra Pradesh"
"Manyam Chalka","508001","Nalgonda","Nalgonda","Andhra Pradesh"
"Marala","515161","Anantapur","Anantapur","Andhra Pradesh"
"Maredumilli","533295","East Godavari","East Godavari","Andhra Pradesh"
"Markapur","523316","Prakasam","Markapur","Andhra Pradesh"
"Markapur Bazar","523316","Prakasam","Prakasam","Andhra Pradesh"
"Markapur East","523316","Prakasam","Prakasam","Andhra Pradesh"
"Markapur South","523316","Prakasam","Prakasam","Andhra Pradesh"
"Market","500003","Hyderabad","Hyderabad","Andhra Pradesh"
"Market","532001","Srikakulam","Srikakulam","Andhra Pradesh"
"Market Vard","504296","Adilabad","Adilabad","Andhra Pradesh"
"Market Yard","517408","Chittoor","Chittoor","Andhra Pradesh"
"Marpallikalan","501203","Ranga Reddy","Ranga Reddy","Andhra Pradesh"
"Marratipalem","517001","Chittoor","Chittoor","Andhra Pradesh"
"Marrepalle","505403","Karimnagar","Karimnagar","Andhra Pradesh"
"Marri Padu","524312","Nellore","Nellore","Andhra Pradesh"
"Marri Palem","530018","Vishakhapatnam","Vishakhapatnam","Andhra Pradesh"
"Marriguda","508245","Nalgonda","Nalgonda","Andhra Pradesh"
"Marrikal","509351","Mahboobnagar","Mahboobnagar","Andhra Pradesh"
"Marrikal","508245","Nalgonda","Nalgonda","Andhra Pradesh"
"Marrimuchal","506355","Warangal","Warangal","Andhra Pradesh"
"Marripadu","517292","Chittoor","Chittoor","Andhra Pradesh"
"Marripeda","506315","Warangal","Warangal","Andhra Pradesh"
"Marrur","508364","Nalgonda","Nalgonda","Andhra Pradesh"
"Maruteru","534122","West Godavari","West Godavari","Andhra Pradesh"
"Maruthinagar","520004","Krishna","Krishna","Andhra Pradesh"
"Maruturu","523301","Prakasam","Prakasam","Andhra Pradesh"
"Maryala","508121","Nalgonda","Nalgonda","Andhra Pradesh"
"Masapet Bazar","516270","Cuddapah","Cuddapah","Andhra Pradesh"
"Matoor","508286","Nalgonda","Nalgonda","Andhra Pradesh"
"Mattam Sari Palli","532291","Vizianagaram","Vizianagaram","Andhra Pradesh"
"Matwada","506002","Warangal","Warangal","Andhra Pradesh"
"Matyam","517150","Chittoor","Chittoor","Andhra Pradesh"
"Medak","502110","Medak","Medak","Andhra Pradesh"
"Medapuram","515651","Anantapur","Anantapur","Andhra Pradesh"
"Medara Metla","523212","Prakasam","Prakasam","Andhra Pradesh"
"Medarametla Trunk Rd","523212","Prakasam","Prakasam","Andhra Pradesh"
"Medchal","501401","Ranga Reddy","Ranga Reddy","Andhra Pradesh"
"Medicherla","521112","Krishna","Krishna","Andhra Pradesh"
"Medikurti","517237","Chittoor","Chittoor","Andhra Pradesh"
"Medivada","531025","Vishakhapatnam","Vishakhapatnam","Andhra Pradesh"
"Medlacheruvu","508246","Nalgonda","Nalgonda","Andhra Pradesh"
"Medpalli","505453","Karimnagar","Karimnagar","Andhra Pradesh"
"Medpalli","501533","Ranga Reddy","Ranga Reddy","Andhra Pradesh"
"Meedivemula","518022","Kurnool","Kurnool","Andhra Pradesh"
"Meenavolu","507207","Khammam","Khammam","Andhra Pradesh"
"Mehar Nagar","533003","East Godavari","East Godavari","Andhra Pradesh"
"Mehdipatnam","500028","Hyderabad","Hyderabad","Andhra Pradesh"
"Melavoy","515302","Anantapur","Anantapur","Andhra Pradesh"
"Mellaputti","532215","Srikakulam","Srikakulam","Andhra Pradesh"
"Menakur","524421","Nellore","Nellore","Andhra Pradesh"
"Mentada","531273","Vizianagaram","Vizianagaram","Andhra Pradesh"
"Merangi","532526","Vizianagaram","Vizianagaram","Andhra Pradesh"
"Metpalli","505325","Karimnagar","Karimnagar","Andhra Pradesh"
"Metpalli","505468","Karimnagar","Karimnagar","Andhra Pradesh"
"Metpalli Bazar","505325","Karimnagar","Karimnagar","Andhra Pradesh"
"Metta Palli","532125","Srikakulam","Srikakulam","Andhra Pradesh"
"Mettampalli","508225","Nalgonda","Nalgonda","Andhra Pradesh"
"Mettuguda","500017","Hyderabad","Hyderabad","Andhra Pradesh"
"Mgm Hospital","506007","Warangal","Warangal","Andhra Pradesh"
"Midjil","509357","Mahboobnagar","Mahboobnagar","Andhra Pradesh"
"Midthur","518405","Kurnool","Kurnool","Andhra Pradesh"
"Milk Project","520009","Krishna","Krishna","Andhra Pradesh"
"Mindhi","530042","Vishakhapatnam","Vishakhapatnam","Andhra Pradesh"
"Miralaguda","508207","Nalgonda","Nalgonda","Andhra Pradesh"
"Mirasi Palli","509390","Mahboobnagar","Mahboobnagar","Andhra Pradesh"
"Miryalguda Bazar","508207","Nalgonda","Nalgonda","Andhra Pradesh"
"Mirzapur","502249","Medak","Medak","Andhra Pradesh"
"Mirzapur","503301","Nizamabad","Nizamabad","Andhra Pradesh"
"Mirzapuram","521113","Krishna","Krishna","Andhra Pradesh"
"Mittoor","517001","Chittoor","Chittoor","Andhra Pradesh"
"Moberlypeta","533202","East Godavari","East Godavari","Andhra Pradesh"
"Modameedipalle","516361","Cuddapah","Cuddapah","Andhra Pradesh"
"Modinabad","515801","Anantapur","Anantapur","Andhra Pradesh"
"Modtad","503225","Nizamabad","Nizamabad","Andhra Pradesh"
"Modukuru","522321","Guntur","Guntur","Andhra Pradesh"
"Mogalgidda","509410","Mahboobnagar","Mahboobnagar","Andhra Pradesh"
"Mogallapalli","506366","Warangal","Warangal","Andhra Pradesh"
"Mogallu","534209","West Godavari","West Godavari","Andhra Pradesh"
"Mogallur","523223","Prakasam","Prakasam","Andhra Pradesh"
"Mogalpura","500002","Hyderabad","Hyderabad","Andhra Pradesh"
"Mogalthur","534281","West Godavari","West Godavari","Andhra Pradesh"
"Mogarala","517154","Chittoor","Chittoor","Andhra Pradesh"
"Mogili Venkatagiri","517429","Chittoor","Chittoor","Andhra Pradesh"
"Mohammadabad","509337","Mahboobnagar","Mahboobnagar","Andhra Pradesh"
"Mohammedi Lines","500008","Hyderabad","Hyderabad","Andhra Pradesh"
"Mohiddin Puram","523338","Prakasam","Prakasam","Andhra Pradesh"
"Moida","531280","Vizianagaram","Vizianagaram","Andhra Pradesh"
"Moinabad","501518","Ranga Reddy","Ranga Reddy","Andhra Pradesh"
"Molagavalli","518398","Kurnool","Kurnool","Andhra Pradesh"
"Molangur","505470","Karimnagar","Karimnagar","Andhra Pradesh"
"Mominpet","501202","Ranga Reddy","Ranga Reddy","Andhra Pradesh"
"Mondemkhallu","532534","Vizianagaram","Vizianagaram","Andhra Pradesh"
"Mondrai","506302","Warangal","Warangal","Andhra Pradesh"
"Moosaram Bagh","500036","Hyderabad","Hyderabad","Andhra Pradesh"
"Mopidevi","521125","Krishna","Krishna","Andhra Pradesh"
"Morampalli","507130","Khammam","Khammam","Andhra Pradesh"
"Mori","533250","East Godavari","East Godavari","Andhra Pradesh"
"Morrispet","522202","Guntur","Guntur","Andhra Pradesh"
"Mortha","534227","West Godavari","West Godavari","Andhra Pradesh"
"Mosra","503206","Nizamabad","Nizamabad","Andhra Pradesh"
"Motakondur","508286","Nalgonda","Nalgonda","Andhra Pradesh"
"Mothcore","508277","Nalgonda","Nalgonda","Andhra Pradesh"
"Mothe","508337","Nalgonda","Nalgonda","Andhra Pradesh"
"Mothugudem","507113","Khammam","Khammam","Andhra Pradesh"
"Motilal St","515004","Anantapur","Anantapur","Andhra Pradesh"
"Moturu","521323","Krishna","Krishna","Andhra Pradesh"
"Mowa","521135","Krishna","Krishna","Andhra Pradesh"
"Mozampura","500001","Hyderabad","Hyderabad","Andhra Pradesh"
"Mozamzahi Market","500001","Hyderabad","Hyderabad","Andhra Pradesh"
"Mpr Site","515736","Anantapur","Anantapur","Andhra Pradesh"
"Mrutyunjayanagaram","532522","Vizianagaram","Vizianagaram","Andhra Pradesh"
"Muchukota","515446","Anantapur","Anantapur","Andhra Pradesh"
"Mud Fort","500003","Hyderabad","Hyderabad","Andhra Pradesh"
"Mudakal","509132","Mahboobnagar","Mahboobnagar","Andhra Pradesh"
"Muddanur","516380","Cuddapah","Cuddapah","Andhra Pradesh"
"Muddi Reddi Palli","515214","Anantapur","Anantapur","Andhra Pradesh"
"Muddur","509411","Mahboobnagar","Mahboobnagar","Andhra Pradesh"
"Muddur","506367","Warangal","Warangal","Andhra Pradesh"
"Mudhivin","509364","Mahboobnagar","Mahboobnagar","Andhra Pradesh"
"Mudhole","504102","Adilabad","Adilabad","Andhra Pradesh"
"Mudhole Bus Stand","504102","Adilabad","Adilabad","Andhra Pradesh"
"Mudigolam","517162","Chittoor","Chittoor","Andhra Pradesh"
"Mudigonda","507162","Khammam","Khammam","Andhra Pradesh"
"Mudigubba","515511","Anantapur","Anantapur","Andhra Pradesh"
"Mudine Palle","521325","Krishna","Krishna","Andhra Pradesh"
"Mudteswaram","533211","East Godavari","East Godavari","Andhra Pradesh"
"Mudunuru","521261","Krishna","Krishna","Andhra Pradesh"
"Mukarampura","505002","Karimnagar","Karimnagar","Andhra Pradesh"
"Mukhalingam","532428","Vizianagaram","Vizianagaram","Andhra Pradesh"
"Mukkamala","533241","East Godavari","East Godavari","Andhra Pradesh"
"Mukkavari Palle","516112","Cuddapah","Cuddapah","Andhra Pradesh"
"Muktyala","521184","Krishna","Krishna","Andhra Pradesh"
"Mulakala","521184","Krishna","Krishna","Andhra Pradesh"
"Mulamalle","509146","Mahboobnagar","Mahboobnagar","Andhra Pradesh"
"Mulaparru","521391","Krishna","Krishna","Andhra Pradesh"
"Mulaparru","534127","West Godavari","West Godavari","Andhra Pradesh"
"Mulapeta","524003","Nellore","Nellore","Andhra Pradesh"
"Mullangi","503177","Nizamabad","Nizamabad","Andhra Pradesh"
"Mulug","506343","Warangal","Warangal","Andhra Pradesh"
"Muluknur","505471","Karimnagar","Karimnagar","Andhra Pradesh"
"Mumbapur","501153","Ranga Reddy","Ranga Reddy","Andhra Pradesh"
"Mummidivaram","533216","East Godavari","East Godavari","Andhra Pradesh"
"Munagala","508233","Nalgonda","Nalgonda","Andhra Pradesh"
"Mundlapadu","523367","Prakasam","Prakasam","Andhra Pradesh"
"Mungala Palem","517527","Chittoor","Chittoor","Andhra Pradesh"
"Munganda","533224","East Godavari","East Godavari","Andhra Pradesh"
"Mungili Pattu","517107","Chittoor","Chittoor","Andhra Pradesh"
"Mungode","508244","Nalgonda","Nalgonda","Andhra Pradesh"
"Municipal House Coly","503002","Nizamabad","Nizamabad","Andhra Pradesh"
"Municipal Office","522003","Guntur","Guntur","Andhra Pradesh"
"Munjuluru","521369","Krishna","Krishna","Andhra Pradesh"
"Munnangi","522294","Guntur","Guntur","Andhra Pradesh"
"Mupalla","521183","Krishna","Krishna","Andhra Pradesh"
"Mupkal","503222","Nizamabad","Nizamabad","Andhra Pradesh"
"Muppalla","522408","Guntur","Guntur","Andhra Pradesh"
"Muppalla","522661","Guntur","Guntur","Andhra Pradesh"
"Muppavaram","523261","Prakasam","Prakasam","Andhra Pradesh"
"Muppidi Colony","530002","Vishakhapatnam","Vishakhapatnam","Andhra Pradesh"
"Muradnagar","500028","Hyderabad","Hyderabad","Andhra Pradesh"
"Murakambattu","517127","Chittoor","Chittoor","Andhra Pradesh"
"Muramanda","533133","East Godavari","East Godavari","Andhra Pradesh"
"Murapaka","532403","Vizianagaram","Vizianagaram","Andhra Pradesh"
"Murikipudi","522626","Guntur","Guntur","Andhra Pradesh"
"Musapet","509380","Mahboobnagar","Mahboobnagar","Andhra Pradesh"
"Mushirabad","500020","Hyderabad","Hyderabad","Andhra Pradesh"
"Musi Project","508210","Nalgonda","Nalgonda","Andhra Pradesh"
"Mustabad","505404","Karimnagar","Karimnagar","Andhra Pradesh"
"Mustabada","521107","Krishna","Krishna","Andhra Pradesh"
"Mustial","506224","Warangal","Warangal","Andhra Pradesh"
"Musunuru","521207","Krishna","Krishna","Andhra Pradesh"
"Muthugudem","507175","Khammam","Khammam","Andhra Pradesh"
"Muthuku Vari Palle","517114","Chittoor","Chittoor","Andhra Pradesh"
"Muthukur","517248","Chittoor","Chittoor","Andhra Pradesh"
"Muthukuru","524344","Nellore","Nellore","Andhra Pradesh"
"Muthyalampadu","520011","Krishna","Krishna","Andhra Pradesh"
"Muthyampet","505331","Krishna","Krishna","Andhra Pradesh"
"Mutluru","522215","Guntur","Guntur","Andhra Pradesh"
"Mutrajpalli","502325","Medak","Medak","Andhra Pradesh"
"Mutyalapad","518555","Kurnool","Kurnool","Andhra Pradesh"
"Muvvalavanipalem","530017","Vishakhapatnam","Vishakhapatnam","Andhra Pradesh"
"Mydaram","505416","Karimnagar","Karimnagar","Andhra Pradesh"
"Mydekur","516172","Cuddapah","Cuddapah","Andhra Pradesh"
"Mylavaram","516439","Cuddapah","Cuddapah","Andhra Pradesh"
"Mylavaram","521230","Krishna","Krishna","Andhra Pradesh"
"Mypadu","524313","Nellore","Nellore","Andhra Pradesh"
"N G R I","500007","Hyderabad","Hyderabad","Andhra Pradesh"
"N Kotha Palli","533226","East Godavari","East Godavari","Andhra Pradesh"
"N Raopet Bazar","522601","Guntur","Guntur","Andhra Pradesh"
"N S C Colony","523226","Prakasam","Prakasam","Andhra Pradesh"
"N S Colony","522601","Guntur","Guntur","Andhra Pradesh"
"N S Colony","521175","Krishna","Krishna","Andhra Pradesh"
"Nachan Yellapur","504340","Adilabad","Adilabad","Andhra Pradesh"
"Nacharam Industrial Estat","508214","Nalgonda","Nalgonda","Andhra Pradesh"
"Nadamanuru","521104","Krishna","Krishna","Andhra Pradesh"
"Nadanam Doddi","531002","Vishakhapatnam","Vishakhapatnam","Andhra Pradesh"
"Nadavalur","517567","Chittoor","Chittoor","Andhra Pradesh"
"Nadavanore","508278","Nalgonda","Nalgonda","Andhra Pradesh"
"Nadendla","522234","Guntur","Guntur","Andhra Pradesh"
"Nadepalli","503176","Nizamabad","Nizamabad","Andhra Pradesh"
"Nadigudem","508234","Nalgonda","Nalgonda","Andhra Pradesh"
"Nadikuda","506391","Warangal","Warangal","Andhra Pradesh"
"Nagalapuram","517589","Chittoor","Chittoor","Andhra Pradesh"
"Nagar Kurnool","509209","Mahboobnagar","Mahboobnagar","Andhra Pradesh"
"Nagaram","533247","East Godavari","East Godavari","Andhra Pradesh"
"Nagaram","522268","Guntur","Guntur","Andhra Pradesh"
"Nagaram","505184","Karimnagar","Karimnagar","Andhra Pradesh"
"Nagaram","507115","Khammam","Khammam","Andhra Pradesh"
"Nagaram","509218","Mahboobnagar","Mahboobnagar","Andhra Pradesh"
"Nagari","517590","Chittoor","Nagari","Andhra Pradesh"
"Nagarjunanagar","522510","Guntur","Guntur","Andhra Pradesh"
"Nagaruru","515456","Anantapur","Anantapur","Andhra Pradesh"
"Nagasamudram","515404","Anantapur","Anantapur","Andhra Pradesh"
"Nagayalanka","521120","Krishna","Krishna","Andhra Pradesh"
"Nagayalanka East","521120","Krishna","Krishna","Andhra Pradesh"
"Nagi Reddi Palli","521120","Krishna","Krishna","Andhra Pradesh"
"Nagi Reddi Pet","502308","Medak","Medak","Andhra Pradesh"
"Nagnoor","505417","Karimnagar","Karimnagar","Andhra Pradesh"
"Nagula Palle Padu","523183","Prakasam","Prakasam","Andhra Pradesh"
"Nagula Vancha","507213","Khammam","Khammam","Andhra Pradesh"
"Naidugudem","534437","West Godavari","West Godavari","Andhra Pradesh"
"Nakarikallu","522615","Guntur","Guntur","Andhra Pradesh"
"Nakkala Dinne","516356","Cuddapah","Cuddapah","Andhra Pradesh"
"Nakkapalli","531081","Vizianagaram","Vizianagaram","Andhra Pradesh"
"Nakrekal","508211","Nalgonda","Nalgonda","Andhra Pradesh"
"Nalgonda","508001","Nalgonda","Nalgonda","Andhra Pradesh"
"Nallabanda Gudem","508353","Nalgonda","Nalgonda","Andhra Pradesh"
"Nallacheruvu","515551","Anantapur","Anantapur","Andhra Pradesh"
"Nallajerla","534112","West Godavari","West Godavari","Andhra Pradesh"
"Nallakunta","500044","Hyderabad","Hyderabad","Andhra Pradesh"
"Nallapadu","522005","Guntur","Guntur","Andhra Pradesh"
"Nalluru Palem","522280","Guntur","Guntur","Andhra Pradesh"
"Nalsabgadda","502001","Medak","Medak","Andhra Pradesh"
"Namburu","522508","Guntur","Guntur","Andhra Pradesh"
"Namdewada","503002","Nizamabad","Nizamabad","Andhra Pradesh"
"Nampalli","508373","Nalgonda","Nalgonda","Andhra Pradesh"
"Nanajpur","509218","Mahboobnagar","Mahboobnagar","Andhra Pradesh"
"Nanasahebpet","517247","Chittoor","Chittoor","Andhra Pradesh"
"Nancherla","509344","Mahboobnagar","Mahboobnagar","Andhra Pradesh"
"Nanda Muru","534154","West Godavari","West Godavari","Andhra Pradesh"
"Nandalur","516150","Cuddapah","Cuddapah","Andhra Pradesh"
"Nandalur Bazar","516150","Cuddapah","Cuddapah","Andhra Pradesh"
"Nandanavaram","523121","Prakasam","Prakasam","Andhra Pradesh"
"Nandi Kandi","502306","Medak","Medak","Andhra Pradesh"
"Nandi Kotkur","518401","Kurnool","Kurnool","Andhra Pradesh"
"Nandi Padu","524230","Nellore","Nellore","Andhra Pradesh"
"Nandi Pet","503212","Nizamabad","Nizamabad","Andhra Pradesh"
"Nandi Vanaparthi","501531","Ranga Reddy","Ranga Reddy","Andhra Pradesh"
"Nandi Vargam","518176","Kurnool","Kurnool","Andhra Pradesh"
"Nandi Velugu","522306","Guntur","Guntur","Andhra Pradesh"
"Nandigam","532206","Srikakulam","Srikakulam","Andhra Pradesh"
"Nandigam","532206","Srikakulam","Srikakulam","Andhra Pradesh"
"Nandigama","521185","Krishna","Krishna","Andhra Pradesh"
"Nandigama Bazar","521185","Krishna","Krishna","Andhra Pradesh"
"Nandigaon","509223","Mahboobnagar","Mahboobnagar","Andhra Pradesh"
"Nandikotkur Bazar","518401","Kurnool","Kurnool","Andhra Pradesh"
"Nandimandalam","516218","Cuddapah","Cuddapah","Andhra Pradesh"
"Nandinne","509139","Mahboobnagar","Mahboobnagar","Andhra Pradesh"
"Nandyal","518501","Kurnool","Nandyal","Andhra Pradesh"
"Nandyal Bazar","518501","Kurnool","Kurnool","Andhra Pradesh"
"Nandyal Fort","518501","Kurnool","Kurnool","Andhra Pradesh"
"Nandyal R S","518202","Kurnool","Kurnool","Andhra Pradesh"
"Nangamangalam","517132","Chittoor","Chittoor","Andhra Pradesh"
"Nangigadda","521116","Krishna","Krishna","Andhra Pradesh"
"Napier Lines","500003","Hyderabad","Hyderabad","Andhra Pradesh"
"Narahari Pet","517136","Chittoor","Chittoor","Andhra Pradesh"
"Narakoduru","522222","Guntur","Guntur","Andhra Pradesh"
"Narasannapeta","532421","Srikakulam","Srikakulam","Andhra Pradesh"
"Narasannapeta Market","532421","Srikakulam","Srikakulam","Andhra Pradesh"
"Narasarao Pet","522601","Guntur","Guntur","Andhra Pradesh"
"Narasayapalem","522116","Guntur","Guntur","Andhra Pradesh"
"Narasimharao Peta","534006","West Godavari","West Godavari","Andhra Pradesh"
"Narasingaraya Pettah","517419","Chittoor","Chittoor","Andhra Pradesh"
"Narayana Puram","534407","West Godavari","West Godavari","Andhra Pradesh"
"Narayana Varam","517581","Chittoor","Chittoor","Andhra Pradesh"
"Narayanguda","500029","Hyderabad","Hyderabad","Andhra Pradesh"
"Narayankhed","502286","Medak","Medak","Andhra Pradesh"
"Narayanpet","509210","Mahboobnagar","Narayanpet","Andhra Pradesh"
"Narayanpet Bazar","509210","Mahboobnagar","Mahboobnagar","Andhra Pradesh"
"Narayanpur","508253","Nalgonda","Nalgonda","Andhra Pradesh"
"Naredigonda","504323","Adilabad","Adilabad","Andhra Pradesh"
"Nargandakar Nagar","507101","Khammam","Khammam","Andhra Pradesh"
"Narket Palli","508254","Nalgonda","Nalgonda","Andhra Pradesh"
"Narkoda","509218","Mahboobnagar","Mahboobnagar","Andhra Pradesh"
"Narnur","518023","Kurnool","Kurnool","Andhra Pradesh"
"Narpala","515425","Anantapur","Anantapur","Andhra Pradesh"
"Narrayana Nellore","516117","Cuddapah","Cuddapah","Andhra Pradesh"
"Narsal Palle","506223","Warangal","Warangal","Andhra Pradesh"
"Narsampet","506132","Warangal","Warangal","Andhra Pradesh"
"Narsapur","504104","Adilabad","Narsapur","Andhra Pradesh"
"Narsapur","502313","Medak","Narsapur","Andhra Pradesh"
"Narsapur","503307","Nizamabad","Narsapur","Andhra Pradesh"
"Narsapur Bazar","534275","West Godavari","West Godavari","Andhra Pradesh"
"Narsapuram","507156","Khammam","Khammam","Andhra Pradesh"
"Narsingapuram","517102","Chittoor","Chittoor","Andhra Pradesh"
"Narsingarooet","524102","Nellore","Nellore","Andhra Pradesh"
"Narsingee","502248","Medak","Medak","Andhra Pradesh"
"Narsipatnam","531116","Vizianagaram","Narsipatnam","Andhra Pradesh"
"Natavaram","531115","Vizianagaram","Vizianagaram","Andhra Pradesh"
"National Police","531115","Vizianagaram","Vizianagaram","Andhra Pradesh"
"Naupada","532211","Srikakulam","Srikakulam","Andhra Pradesh"
"Naupada R S","532212","Srikakulam","Srikakulam","Andhra Pradesh"
"Nausenabaugh","530005","Vishakhapatnam","Vishakhapatnam","Andhra Pradesh"
"Naval Arammament","532212","Srikakulam","Srikakulam","Andhra Pradesh"
"Naval Dock Yard","530014","Vishakhapatnam","Vishakhapatnam","Andhra Pradesh"
"Navalga","501145","Ranga Reddy","Ranga Reddy","Andhra Pradesh"
"Navipet","503245","Nizamabad","Nizamabad","Andhra Pradesh"
"Nawabpet","505545","Karimnagar","Karimnagar","Andhra Pradesh"
"Nawabpet","524002","Nellore","Nellore","Andhra Pradesh"
"Nawabpet","501111","Ranga Reddy","Ranga Reddy","Andhra Pradesh"
"Nawabpeta","509340","Mahboobnagar","Mahboobnagar","Andhra Pradesh"
"Nayudupet","524126","Nellore","Nellore","Andhra Pradesh"
"Nayunipet","516128","Cuddapah","Cuddapah","Andhra Pradesh"
"Nazeerpet","522201","Guntur","Guntur","Andhra Pradesh"
"Ndvl Old Town","534301","West Godavari","West Godavari","Andhra Pradesh"
"Nedunur","509359","Mahboobnagar","Mahboobnagar","Andhra Pradesh"
"Nedunuru","533243","East Godavari","East Godavari","Andhra Pradesh"
"Neela Kanta Puram","515291","Anantapur","Anantapur","Andhra Pradesh"
"Neelakanta Rao Pet","516504","Cuddapah","Cuddapah","Andhra Pradesh"
"Neelanagaram","532462","Srikakulam","Srikakulam","Andhra Pradesh"
"Negnoor","502280","Medak","Medak","Andhra Pradesh"
"Nehru Bazar","517214","Chittoor","Chittoor","Andhra Pradesh"
"Nehru Nagar","518004","Kurnool","Kurnool","Andhra Pradesh"
"Nehru Nagar","523333","Prakasam","Prakasam","Andhra Pradesh"
"Nehru Nagar","530021","Vishakhapatnam","Vishakhapatnam","Andhra Pradesh"
"Nehru Road","502103","Medak","Medak","Andhra Pradesh"
"Nehrunagar","522426","Guntur","Guntur","Andhra Pradesh"
"Nehrunagar","500026","Hyderabad","Hyderabad","Andhra Pradesh"
"Nehrunagar","520013","Krishna","Krishna","Andhra Pradesh"
"Nekkonda","506122","Warangal","Warangal","Andhra Pradesh"
"Nelakonda Palli","507160","Khammam","Khammam","Andhra Pradesh"
"Nelamuru","534129","West Godavari","West Godavari","Andhra Pradesh"
"Nelli Marla","531217","Vizianagaram","Vizianagaram","Andhra Pradesh"
"Nelli Paka","507129","Khammam","Khammam","Andhra Pradesh"
"Nelli Paka","507153","Khammam","Khammam","Andhra Pradesh"
"Nellimukku","530026","Vishakhapatnam","Vishakhapatnam","Andhra Pradesh"
"Nellore","524001","Nellore","Nellore","Andhra Pradesh"
"Nellore Bazar","524001","Nellore","Nellore","Andhra Pradesh"
"Nellore Dt Court","524003","Nellore","Nellore","Andhra Pradesh"
"Nellore R S","524001","Nellore","Nellore","Andhra Pradesh"
"Nellore Zilla Parishad","524001","Nellore","Nellore","Andhra Pradesh"
"Nemakallu","518396","Kurnool","Kurnool","Andhra Pradesh"
"Nendragunta","517118","Chittoor","Chittoor","Andhra Pradesh"
"Nennur","517562","Chittoor","Chittoor","Andhra Pradesh"
"Nerabailu","517195","Chittoor","Chittoor","Andhra Pradesh"
"Nerada","506104","Warangal","Warangal","Andhra Pradesh"
"Neredi Cherla","508218","Nalgonda","Nalgonda","Andhra Pradesh"
"Neredi Gonda","504323","Adilabad","Adilabad","Andhra Pradesh"
"Nerella","505454","Karimnagar","Karimnagar","Andhra Pradesh"
"Nerellapalem","521121","Krishna","Krishna","Andhra Pradesh"
"Netaji Chowk","521175","Krishna","Krishna","Andhra Pradesh"
"New Abadi","505327","Karimnagar","Karimnagar","Andhra Pradesh"
"New Abadi","506101","Warangal","Warangal","Andhra Pradesh"
"New Colony","533201","East Godavari","East Godavari","Andhra Pradesh"
"New Colony","532001","Srikakulam","Srikakulam","Andhra Pradesh"
"New Colony","530016","Vishakhapatnam","Vishakhapatnam","Andhra Pradesh"
"New Ganj","509103","Mahboobnagar","Mahboobnagar","Andhra Pradesh"
"New Gunj","509001","Mahboobnagar","Mahboobnagar","Andhra Pradesh"
"New Mla Quarters","500484","Hyderabad","Hyderabad","Andhra Pradesh"
"New Nallakunta","500044","Hyderabad","Hyderabad","Andhra Pradesh"
"Nidadavole","534301","West Godavari","Nidadavole","Andhra Pradesh"
"Nidigonda","506244","Warangal","Warangal","Andhra Pradesh"
"Nidigunta Palem","524323","Nellore","Nellore","Andhra Pradesh"
"Nidubrolu","522123","Guntur","Guntur","Andhra Pradesh"
"Nidumolu","521156","Krishna","Krishna","Andhra Pradesh"
"Niduzuru","518019","Kurnool","Kurnool","Andhra Pradesh"
"Nimbagallu","515824","Anantapur","Anantapur","Andhra Pradesh"
"Nimboliadda","500027","Hyderabad","Hyderabad","Andhra Pradesh"
"Nimmana Palle","517280","Chittoor","Chittoor","Andhra Pradesh"
"Nindra","517591","Chittoor","Chittoor","Andhra Pradesh"
"Nirmal","504106","Adilabad","Nirmal","Andhra Pradesh"
"Nirmal Bus Stand","504106","Adilabad","Adilabad","Andhra Pradesh"
"Nittur","515409","Anantapur","Anantapur","Andhra Pradesh"
"Nivgam","532457","Srikakulam","Srikakulam","Andhra Pradesh"
"Nizamabad","521206","Nizamabad","Nizamabad","Andhra Pradesh"
"Nizamabad","503001","Nizamabad","Nizamabad","Andhra Pradesh"
"Nizamabad","503174","Nizamabad","Nizamabad","Andhra Pradesh"
"Nizamabad R S","503003","Nizamabad","Nizamabad","Andhra Pradesh"
"Nizampat","502102","Medak","Medak","Andhra Pradesh"
"Nizampatnam","522314","Guntur","Guntur","Andhra Pradesh"
"Nizampet","507001","Khammam","Khammam","Andhra Pradesh"
"Nizampet","502371","Medak","Medak","Andhra Pradesh"
"Nizamsagar","503302","Nizamabad","Nizamabad","Andhra Pradesh"
"Nomula","508215","Nalgonda","Nalgonda","Andhra Pradesh"
"Noonepalli","518503","Kurnool","Kurnool","Andhra Pradesh"
"Noorkhan Bazar","500024","Hyderabad","Hyderabad","Andhra Pradesh"
"Noothankal","507172","Khammam","Khammam","Andhra Pradesh"
"Noothankal","508221","Nalgonda","Nalgonda","Andhra Pradesh"
"North Addanki","523201","Prakasam","Prakasam","Andhra Pradesh"
"North Gopala Puram","533275","East Godavari","East Godavari","Andhra Pradesh"
"North Raju Palem","524366","Nellore","Nellore","Andhra Pradesh"
"Nossam","518145","Kurnool","Kurnool","Andhra Pradesh"
"Nsc Campus","507004","Khammam","Khammam","Andhra Pradesh"
"Nsc Colony","521201","Krishna","Krishna","Andhra Pradesh"
"Nsc Colony","523001","Prakasam","Prakasam","Andhra Pradesh"
"Nsc Colony","523304","Prakasam","Prakasam","Andhra Pradesh"
"Nscanals","508204","Nalgonda","Nalgonda","Andhra Pradesh"
"Ntpc Jyotinagar","505215","Karimnagar","Karimnagar","Andhra Pradesh"
"Nulivedu","516272","Cuddapah","Cuddapah","Andhra Pradesh"
"Nunna","521212","Krishna","Krishna","Andhra Pradesh"
"Nustulapur","505481","Karimnagar","Karimnagar","Andhra Pradesh"
"Nutakki","522303","Guntur","Guntur","Andhra Pradesh"
"Nuthankkal","501401","Ranga Reddy","Ranga Reddy","Andhra Pradesh"
"Nuthimadugu","515787","Anantapur","Anantapur","Andhra Pradesh"
"Nuzendla","522660","Guntur","Guntur","Andhra Pradesh"
"Nuzvid","521201","Krishna","Nuzvid","Andhra Pradesh"
"Nuzvidu Bazar","521201","Krishna","Krishna","Andhra Pradesh"
"Nyalkal","502256","Medak","Medak","Andhra Pradesh"
"Obuladevarachervu","515561","Anantapur","Anantapur","Andhra Pradesh"
"Obulavari Palle","516108","Cuddapah","Cuddapah","Andhra Pradesh"
"Odde Palle","517160","Chittoor","Chittoor","Andhra Pradesh"
"Odela","505152","Karimnagar","Karimnagar","Andhra Pradesh"
"Official Colony","532001","Srikakulam","Srikakulam","Andhra Pradesh"
"Official Colony","530002","Vishakhapatnam","Vishakhapatnam","Andhra Pradesh"
"Old Abadi","508001","Nalgonda","Nalgonda","Andhra Pradesh"
"Old Air Port Hyd","500011","Hyderabad","Hyderabad","Andhra Pradesh"
"Old Alwal Bolaram Bazar","500010","Hyderabad","Hyderabad","Andhra Pradesh"
"Old Begumpet","500016","Hyderabad","Hyderabad","Andhra Pradesh"
"Old Dt Board Building","532001","Srikakulam","Srikakulam","Andhra Pradesh"
"Old Guntakal","515803","Anantapur","Anantapur","Andhra Pradesh"
"Old Guntur","522010","Guntur","Guntur","Andhra Pradesh"
"Old Malakpet","500036","Hyderabad","Hyderabad","Andhra Pradesh"
"Old Mangala Giri","522511","Guntur","Guntur","Andhra Pradesh"
"Old Mla Quarters","515005","Hyderabad","Hyderabad","Andhra Pradesh"
"Old Park Centre","522426","Guntur","Guntur","Andhra Pradesh"
"Old Tandur","501141","Ranga Reddy","Ranga Reddy","Andhra Pradesh"
"Old Town","504296","Adilabad","Adilabad","Andhra Pradesh"
"Old Town","532001","Srikakulam","Srikakulam","Andhra Pradesh"
"Old Town Anantapur","515005","Anantapur","Anantapur","Andhra Pradesh"
"Ongole","523001","Prakasam","Ongole","Andhra Pradesh"
"Ongole Bazar","523002","Prakasam","Prakasam","Andhra Pradesh"
"Onipenta","516173","Cuddapah","Cuddapah","Andhra Pradesh"
"Ootnur","504311","Adilabad","Adilabad","Andhra Pradesh"
"Ootur","505505","Karimnagar","Karimnagar","Andhra Pradesh"
"Osman Nagar","500036","Hyderabad","Hyderabad","Andhra Pradesh"
"Osmangunj","509001","Mahboobnagar","Mahboobnagar","Andhra Pradesh"
"Osmania General Hospital","500012","Hyderabad","Hyderabad","Andhra Pradesh"
"Owk","518122","Kurnool","Kurnool","Andhra Pradesh"
"P & T Colony","500660","Hyderabad","Hyderabad","Andhra Pradesh"
"P & T Colony","520006","Krishna","Krishna","Andhra Pradesh"
"P & T Colony","530013","Vishakhapatnam","Vishakhapatnam","Andhra Pradesh"
"P G Road","500003","Hyderabad","Hyderabad","Andhra Pradesh"
"P R Bazar","522413","Guntur","Guntur","Andhra Pradesh"
"Pachikapallam","517569","Chittoor","Chittoor","Andhra Pradesh"
"Pachipenta","532592","Vizianagaram","Vizianagaram","Andhra Pradesh"
"Paderoo","531024","Vizianagaram","Vizianagaram","Andhra Pradesh"
"Padgal","503315","Nizamabad","Nizamabad","Andhra Pradesh"
"Padi","517503","Chittoor","Chittoor","Andhra Pradesh"
"Padkal","509413","Mahboobnagar","Mahboobnagar","Andhra Pradesh"
"Padkal","503178","Nizamabad","Nizamabad","Andhra Pradesh"
"Padmarao Nagar","500025","Hyderabad","Hyderabad","Andhra Pradesh"
"Padmavatinagar","500045","Hyderabad","Hyderabad","Andhra Pradesh"
"Padu","509141","Mahboobnagar","Mahboobnagar","Andhra Pradesh"
"Pagdial","501155","Ranga Reddy","Ranga Reddy","Andhra Pradesh"
"Paidipadu","523216","Prakasam","Prakasam","Andhra Pradesh"
"Paidiparru","534211","West Godavari","West Godavari","Andhra Pradesh"
"Pakala","517112","Chittoor","Chittoor","Andhra Pradesh"
"Pakala Bazar","517112","Chittoor","Chittoor","Andhra Pradesh"
"Pala Voyi","515762","Anantapur","Anantapur","Andhra Pradesh"
"Paladugu","507311","Khammam","Khammam","Andhra Pradesh"
"Palair","507157","Khammam","Khammam","Andhra Pradesh"
"Palakaveedu","508332","Nalgonda","Nalgonda","Andhra Pradesh"
"Palakole","534260","West Godavari","West Godavari","Andhra Pradesh"
"Palakole Bazar","534260","West Godavari","West Godavari","Andhra Pradesh"
"Palakonda","532440","Srikakulam","Srikakulam","Andhra Pradesh"
"Palakur","517163","Chittoor","Chittoor","Andhra Pradesh"
"Palamanda","517239","Chittoor","Chittoor","Andhra Pradesh"
"Palamkole","502375","Medak","Medak","Andhra Pradesh"
"Palamner","517408","Chittoor","Chittoor","Andhra Pradesh"
"Palasa","532221","Srikakulam","Srikakulam","Andhra Pradesh"
"Palavalasa","532265","Srikakulam","Srikakulam","Andhra Pradesh"
"Palavoi","509147","Mahboobnagar","Mahboobnagar","Andhra Pradesh"
"Palem","509215","Mahboobnagar","Mahboobnagar","Andhra Pradesh"
"Palem","503225","Nizamabad","Nizamabad","Andhra Pradesh"
"Paleti Padu","523290","Prakasam","Prakasam","Andhra Pradesh"
"Pali","534136","West Godavari","West Godavari","Andhra Pradesh"
"Pallaburju","509001","Mahboobnagar","Mahboobnagar","Andhra Pradesh"
"Pallagutta","506144","Warangal","Warangal","Andhra Pradesh"
"Pallam","517620","Chittoor","Chittoor","Andhra Pradesh"
"Pallapatla","522260","Guntur","Guntur","Andhra Pradesh"
"Pallavolu","516366","Cuddapah","Cuddapah","Andhra Pradesh"
"Palle","517196","Chittoor","Chittoor","Andhra Pradesh"
"Palle","516118","Cuddapah","Cuddapah","Andhra Pradesh"
"Palle","516259","Cuddapah","Cuddapah","Andhra Pradesh"
"Pallevada","521340","Krishna","Krishna","Andhra Pradesh"
"Palli","524329","Nellore","Nellore","Andhra Pradesh"
"Pallur","517135","Chittoor","Chittoor","Andhra Pradesh"
"Palmakole","509325","Mahboobnagar","Mahboobnagar","Andhra Pradesh"
"Palmukula","502375","Medak","Medak","Andhra Pradesh"
"Paloncha","507115","Khammam","Khammam","Andhra Pradesh"
"Palugadda","503123","Nizamabad","Nizamabad","Andhra Pradesh"
"Palukur","523125","Prakasam","Prakasam","Andhra Pradesh"
"Palur","516413","Cuddapah","Cuddapah","Andhra Pradesh"
"Palur","524407","Nellore","Nellore","Andhra Pradesh"
"Palwancha","503116","Nizamabad","Palwancha","Andhra Pradesh"
"Pamalparthi","502279","Medak","Medak","Andhra Pradesh"
"Pamarru","521157","Krishna","Krishna","Andhra Pradesh"
"Pamarru Bazar","521157","Krishna","Krishna","Andhra Pradesh"
"Pamidi","515775","Anantapur","Anantapur","Andhra Pradesh"
"Pamidi Bus Stand","515775","Anantapur","Anantapur","Andhra Pradesh"
"Pammarru","533305","East Godavari","East Godavari","Andhra Pradesh"
"Pamudurthi","515154","Anantapur","Anantapur","Andhra Pradesh"
"Pamula Padu","518442","Kurnool","Kurnool","Andhra Pradesh"
"Pamuru","523108","Prakasam","Prakasam","Andhra Pradesh"
"Panagal","517640","Chittoor","Chittoor","Andhra Pradesh"
"Panakam","517503","Chittoor","Chittoor","Andhra Pradesh"
"Panapakam","517103","Chittoor","Chittoor","Andhra Pradesh"
"Pandala Paka","533345","East Godavari","East Godavari","Andhra Pradesh"
"Pandaripuram","522007","Guntur","Guntur","Andhra Pradesh"
"Pandilla","505567","Karimnagar","Karimnagar","Andhra Pradesh"
"Pandilla Palle","516291","Cuddapah","Cuddapah","Andhra Pradesh"
"Pandilla Palle","523184","Prakasam","Prakasam","Andhra Pradesh"
"Pandilla Palli","507212","Khammam","Khammam","Andhra Pradesh"
"Pandurangapuram","530003","Vishakhapatnam","Vishakhapatnam","Andhra Pradesh"
"Panem","518112","Kurnool","Kurnool","Andhra Pradesh"
"Pangal","509112","Mahboobnagar","Mahboobnagar","Andhra Pradesh"
"Panigiri","508279","Nalgonda","Nalgonda","Andhra Pradesh"
"Pannur","517586","Chittoor","Chittoor","Andhra Pradesh"
"Panthini","506310","Warangal","Warangal","Andhra Pradesh"
"Papanaidupet","517526","Chittoor","Chittoor","Andhra Pradesh"
"Papannapet","502303","Medak","Medak","Andhra Pradesh"
"Paparaju Thota","523155","Prakasam","Prakasam","Andhra Pradesh"
"Parastyallur","522436","Guntur","Guntur","Andhra Pradesh"
"Parchuru","523169","Prakasam","Prakasam","Andhra Pradesh"
"Parepalli","505188","Karimnagar","Karimnagar","Andhra Pradesh"
"Parigi","515261","Anantapur","Anantapur","Andhra Pradesh"
"Parisrama Bhavan","500029","Hyderabad","Hyderabad","Andhra Pradesh"
"Parkal","506164","Warangal","Warangal","Andhra Pradesh"
"Parkasham Nagar","500016","Hyderabad","Hyderabad","Andhra Pradesh"
"Parnasala","507139","Khammam","Khammam","Andhra Pradesh"
"Parsai Palli","508301","Nalgonda","Nalgonda","Andhra Pradesh"
"Parupalli","508111","Nalgonda","Nalgonda","Andhra Pradesh"
"Parvada","531021","Vizianagaram","Vizianagaram","Andhra Pradesh"
"Parvathi Puram","532501","Vizianagaram","Vizianagaram","Andhra Pradesh"
"Parvathipuram Town","532502","Vizianagaram","Vizianagaram","Andhra Pradesh"
"Pasala Pudi","533271","East Godavari","East Godavari","Andhra Pradesh"
"Pasara","506347","Warangal","Warangal","Andhra Pradesh"
"Pasmamla","501505","Ranga Reddy","Ranga Reddy","Andhra Pradesh"
"Patamata","520006","Krishna","Krishna","Andhra Pradesh"
"Patamata Lanka","520014","Krishna","Krishna","Andhra Pradesh"
"Patancheruvu I E","502319","Medak","Medak","Andhra Pradesh"
"Patapet","517408","Chittoor","Chittoor","Andhra Pradesh"
"Patchala Tadi Parru","522316","Guntur","Guntur","Andhra Pradesh"
"Patel Rd","515004","Anantapur","Anantapur","Andhra Pradesh"
"Patha Kota","524132","Nellore","Nellore","Andhra Pradesh"
"Patha Mancherial","504208","Adilabad","Adilabad","Andhra Pradesh"
"Patha Patnam","532213","Srikakulam","Srikakulam","Andhra Pradesh"
"Pathapalem","509172","Mahboobnagar","Mahboobnagar","Andhra Pradesh"
"Pathapalmoor","509001","Mahboobnagar","Mahboobnagar","Andhra Pradesh"
"Pathapet","517425","Chittoor","Chittoor","Andhra Pradesh"
"Pathebada","534002","West Godavari","West Godavari","Andhra Pradesh"
"Pathur","522509","Guntur","Guntur","Andhra Pradesh"
"Patimantla","508283","Nalgonda","Nalgonda","Andhra Pradesh"
"Patlur","501204","Ranga Reddy","Ranga Reddy","Andhra Pradesh"
"Patnam","515501","Anantapur","Anantapur","Andhra Pradesh"
"Patnam","517142","Chittoor","Chittoor","Andhra Pradesh"
"Pattabhipuram","522006","Guntur","Guntur","Andhra Pradesh"
"Pattan Cheruvu","502319","Medak","Medak","Andhra Pradesh"
"Pattancheruvu","502319","Medak","Medak","Andhra Pradesh"
"Patur","516155","Cuddapah","Cuddapah","Andhra Pradesh"
"Payakaraopet","531126","Vishakhapatnam","Vishakhapatnam","Andhra Pradesh"
"Payas Ampalle","516339","Cuddapah","Cuddapah","Andhra Pradesh"
"Peapully","518221","Kurnool","Kurnool","Andhra Pradesh"
"Pebbair","509104","Mahboobnagar","Mahboobnagar","Andhra Pradesh"
"Peda Alavalle Padu","523111","Prakasam","Prakasam","Andhra Pradesh"
"Peda Bayulu","531040","Vishakhapatnam","Vishakhapatnam","Andhra Pradesh"
"Peda Bonda Palli","532527","Vizianagaram","Vizianagaram","Andhra Pradesh"
"Peda Golla Palli","523228","Prakasam","Prakasam","Andhra Pradesh"
"Peda Kakani","522509","Guntur","Guntur","Andhra Pradesh"
"Peda Kalle Palli","521130","Krishna","Krishna","Andhra Pradesh"
"Peda Kancherla","522649","Guntur","Guntur","Andhra Pradesh"
"Peda Kaparthy","508125","Nalgonda","Nalgonda","Andhra Pradesh"
"Peda Matiyaleru","515752","Anantapur","Anantapur","Andhra Pradesh"
"Peda Padu","534437","West Godavari","West Godavari","Andhra Pradesh"
"Peda Patnam","533566","East Godavari","East Godavari","Andhra Pradesh"
"Peda Vadla Pudi","522302","Guntur","Guntur","Andhra Pradesh"
"Pedaboode Palle","531116","Vizianagaram","Vizianagaram","Andhra Pradesh"
"Pedagonnur","521329","Krishna","Krishna","Andhra Pradesh"
"Pedagummuluru","531083","Vishakhapatnam","Vishakhapatnam","Andhra Pradesh"
"Pedakurapadu","522402","Guntur","Guntur","Andhra Pradesh"
"Pedamaddali","521390","Krishna","Krishna","Andhra Pradesh"
"Pedamajjipalem","531221","Vizianagaram","Vizianagaram","Andhra Pradesh"
"Pedamana Puram","532580","Vizianagaram","Vizianagaram","Andhra Pradesh"
"Pedana","521366","Krishna","Pedana","Andhra Pradesh"
"Pedana Bazar","521366","Krishna","Krishna","Andhra Pradesh"
"Pedanandi Padu","522235","Guntur","Guntur","Andhra Pradesh"
"Pedanindre Kolanu","534195","West Godavari","West Godavari","Andhra Pradesh"
"Pedapuli Parru","522655","Guntur","Guntur","Andhra Pradesh"
"Pedarikatla","523245","Prakasam","Prakasam","Andhra Pradesh"
"Pedasanagallu","521138","Krishna","Krishna","Andhra Pradesh"
"Pedauta Palli","521286","Krishna","Krishna","Andhra Pradesh"
"Pedavirivada","521321","Krishna","Krishna","Andhra Pradesh"
"Pedda Chinnapeapalli","515833","Anantapur","Anantapur","Andhra Pradesh"
"Pedda Dinne","509136","Mahboobnagar","Mahboobnagar","Andhra Pradesh"
"Pedda Dornal","523331","Prakasam","Prakasam","Andhra Pradesh"
"Pedda Kadubur","518323","Kurnool","Kurnool","Andhra Pradesh"
"Pedda Kow Kuntla","515823","Anantapur","Anantapur","Andhra Pradesh"
"Pedda Mangalaram","501513","Ranga Reddy","Ranga Reddy","Andhra Pradesh"
"Pedda Mantur","515124","Anantapur","Anantapur","Andhra Pradesh"
"Pedda Mudiyam","516412","Cuddapah","Cuddapah","Andhra Pradesh"
"Pedda Padu","518015","Kurnool","Kurnool","Andhra Pradesh"
"Pedda Padu","518583","Kurnool","Kurnool","Andhra Pradesh"
"Pedda Palem","522305","Guntur","Guntur","Andhra Pradesh"
"Pedda Palle","516238","Cuddapah","Cuddapah","Andhra Pradesh"
"Pedda Palli","505172","Karimnagar","Karimnagar","Andhra Pradesh"
"Pedda Palli R S","505173","Karimnagar","Karimnagar","Andhra Pradesh"
"Pedda Pasupula","516411","Cuddapah","Cuddapah","Andhra Pradesh"
"Pedda Pavani","523115","Prakasam","Prakasam","Andhra Pradesh"
"Pedda Pendyal","506151","Warangal","Warangal","Andhra Pradesh"
"Pedda Polamada","515421","Anantapur","Anantapur","Andhra Pradesh"
"Pedda Racha Palle","516110","Cuddapah","Cuddapah","Andhra Pradesh"
"Pedda Tippa Samudram","517391","Chittoor","Chittoor","Andhra Pradesh"
"Pedda Vadugur","515405","Anantapur","Anantapur","Andhra Pradesh"
"Pedda Vangara","506317","Warangal","Warangal","Andhra Pradesh"
"Pedda Voora","508266","Nalgonda","Nalgonda","Andhra Pradesh"
"Pedda Waltair","530017","Vishakhapatnam","Vishakhapatnam","Andhra Pradesh"
"Peddachapallo","516292","Cuddapah","Cuddapah","Andhra Pradesh"
"Peddagorapadu","517116","Chittoor","Chittoor","Andhra Pradesh"
"Peddakambalur","518607","Kurnool","Kurnool","Andhra Pradesh"
"Peddakannali","517642","Chittoor","Chittoor","Andhra Pradesh"
"Peddakothapally","509412","Mahboobnagar","Mahboobnagar","Andhra Pradesh"
"Peddamandem","517302","Chittoor","Chittoor","Andhra Pradesh"
"Peddanna Vari Palli","515583","Anantapur","Anantapur","Andhra Pradesh"
"Peddapur","509329","Mahboobnagar","Mahboobnagar","Andhra Pradesh"
"Peddapuram","533437","East Godavari","Peddapuram","Andhra Pradesh"
"Peddapuram Town","533437","East Godavari","East Godavari","Andhra Pradesh"
"Peddi Reddi Gudem","507316","Khammam","Khammam","Andhra Pradesh"
"Peddimal","501142","Ranga Reddy","Ranga Reddy","Andhra Pradesh"
"Peddur","504202","Adilabad","Adilabad","Andhra Pradesh"
"Pedu Veedu","508349","Nalgonda","Nalgonda","Andhra Pradesh"
"Pembarti","506201","Warangal","Warangal","Andhra Pradesh"
"Penagalur","516127","Cuddapah","Cuddapah","Andhra Pradesh"
"Penamaluru","521139","Krishna","Krishna","Andhra Pradesh"
"Penchikal Dinne","508336","Nalgonda","Nalgonda","Andhra Pradesh"
"Pendekallu","518468","Kurnool","Kurnool","Andhra Pradesh"
"Pendi Marri","516216","Cuddapah","Cuddapah","Andhra Pradesh"
"Pendlipakala","508243","Nalgonda","Nalgonda","Andhra Pradesh"
"Pendurthi","531173","Vishakhapatnam","Vishakhapatnam","Andhra Pradesh"
"Pension Lines","533440","East Godavari","East Godavari","Andhra Pradesh"
"Penta Khurd","503192","Nizamabad","Nizamabad","Andhra Pradesh"
"Penta Padu","534166","West Godavari","West Godavari","Andhra Pradesh"
"Penta Valli","509105","Mahboobnagar","Mahboobnagar","Andhra Pradesh"
"Penu Balli","507302","Khammam","Khammam","Andhra Pradesh"
"Penu Ganchi Prolu","521190","Krishna","Krishna","Andhra Pradesh"
"Penu Golanu","521401","Krishna","Krishna","Andhra Pradesh"
"Penu Gonda","534320","West Godavari","West Godavari","Andhra Pradesh"
"Penu Konda","515110","Anantapur","Anantapur","Andhra Pradesh"
"Penugonda Bazar","534320","West Godavari","West Godavari","Andhra Pradesh"
"Penukonda Exten","515110","Anantapur","Anantapur","Andhra Pradesh"
"Penumantra","534124","West Godavari","West Godavari","Andhra Pradesh"
"Penumatcha","521255","Krishna","Krishna","Andhra Pradesh"
"Penumur","517126","Chittoor","Chittoor","Andhra Pradesh"
"Perala","523157","Prakasam","Prakasam","Andhra Pradesh"
"Peravali","534328","West Godavari","West Godavari","Andhra Pradesh"
"Perecherla","522009","Guntur","Guntur","Andhra Pradesh"
"Peridepi","523273","Prakasam","Prakasam","Andhra Pradesh"
"Peru Malla Palle","517505","Chittoor","Chittoor","Andhra Pradesh"
"Perur","515621","Anantapur","Anantapur","Andhra Pradesh"
"Perur","509220","Mahboobnagar","Mahboobnagar","Andhra Pradesh"
"Peruru","533218","East Godavari","East Godavari","Andhra Pradesh"
"Perusomala","518166","Kurnool","Kurnool","Andhra Pradesh"
"Pet","524002","Nellore","Nellore","Andhra Pradesh"
"Peteru","522267","Guntur","Guntur","Andhra Pradesh"
"Petikaya Gulla","523346","Prakasam","Prakasam","Andhra Pradesh"
"Phase Ii","502319","Medak","Medak","Andhra Pradesh"
"Phirangi Puram","522529","Guntur","Guntur","Andhra Pradesh"
"Phulamamdi","501112","Ranga Reddy","Ranga Reddy","Andhra Pradesh"
"Phulbagh Road","531202","Vizianagaram","Vizianagaram","Andhra Pradesh"
"Phulong","503001","Nizamabad","Nizamabad","Andhra Pradesh"
"Pichargad","502212","Medak","Medak","Andhra Pradesh"
"Picket","500003","Hyderabad","Hyderabad","Andhra Pradesh"
"Pida Parru","522293","Guntur","Guntur","Andhra Pradesh"
"Pidili","523240","Prakasam","Prakasam","Andhra Pradesh"
"Pidugu Ralla","522413","Guntur","Guntur","Andhra Pradesh"
"Pigilam","524131","Nellore","Nellore","Andhra Pradesh"
"Piler","517214","Chittoor","Chittoor","Andhra Pradesh"
"Pillamarri","508385","Nalgonda","Nalgonda","Andhra Pradesh"
"Pinapadu","522202","Guntur","Guntur","Andhra Pradesh"
"Pindi Pole","507183","Khammam","Khammam","Andhra Pradesh"
"Pippara","534197","West Godavari","West Godavari","Andhra Pradesh"
"Pipri","504330","Adilabad","Adilabad","Andhra Pradesh"
"Piridi","532568","Vizianagaram","Vizianagaram","Andhra Pradesh"
"Pisattur","517587","Chittoor","Chittoor","Andhra Pradesh"
"Pitapuram Colony","530003","Vishakhapatnam","Vishakhapatnam","Andhra Pradesh"
"Pithapuram","533450","East Godavari","East Godavari","Andhra Pradesh"
"Pithapuram Town","533450","East Godavari","East Godavari","Andhra Pradesh"
"Pitlam","503310","Nizamabad","Nizamabad","Andhra Pradesh"
"Pocham Pad Colony","505174","Karimnagar","Karimnagar","Andhra Pradesh"
"Pochampad Cly","505455","Karimnagar","Karimnagar","Andhra Pradesh"
"Pochampad Project","503219","Nizamabad","Nizamabad","Andhra Pradesh"
"Pochampalli","508284","Nalgonda","Nalgonda","Andhra Pradesh"
"Poduru","534327","West Godavari","West Godavari","Andhra Pradesh"
"Poga Thota","524001","Nellore","Nellore","Andhra Pradesh"
"Pokuru","523113","Prakasam","Prakasam","Andhra Pradesh"
"Pola Varam","534315","West Godavari","West Godavari","Andhra Pradesh"
"Polakala","517144","Chittoor","Chittoor","Andhra Pradesh"
"Polakampadu Ind Area","522515","Guntur","Guntur","Andhra Pradesh"
"Polaki","532429","Vizianagaram","Vizianagaram","Andhra Pradesh"
"Polamuru","534238","West Godavari","West Godavari","Andhra Pradesh"
"Polas","505529","Karimnagar","Karimnagar","Andhra Pradesh"
"Polavaram","517137","Chittoor","Chittoor","Andhra Pradesh"
"Polavaram","521162","Krishna","Krishna","Andhra Pradesh"
"Polepalli Ramnagar","508245","Nalgonda","Nalgonda","Andhra Pradesh"
"Polkam Palli","501508","Ranga Reddy","Ranga Reddy","Andhra Pradesh"
"Poluru","518511","Kurnool","Kurnool","Andhra Pradesh"
"Poluru Vengannagari","518511","Kurnool","Kurnool","Andhra Pradesh"
"Polytechnic","520008","Krishna","Krishna","Andhra Pradesh"
"Polytechnic","524005","Nellore","Nellore","Andhra Pradesh"
"Pondurthi","503103","Nizamabad","Nizamabad","Andhra Pradesh"
"Ponduru","532168","Srikakulam","Srikakulam","Andhra Pradesh"
"Ponnalore","523109","Prakasam","Prakasam","Andhra Pradesh"
"Ponnamanda","533248","East Godavari","East Godavari","Andhra Pradesh"
"Ponnari","504319","Adilabad","Adilabad","Andhra Pradesh"
"Ponnekallu","522018","Guntur","Guntur","Andhra Pradesh"
"Ponnur","522124","Guntur","Ponnur","Andhra Pradesh"
"Ponnur Bazar","522124","Guntur","Guntur","Andhra Pradesh"
"Poodur","509134","Mahboobnagar","Mahboobnagar","Andhra Pradesh"
"Poram","509134","Mahboobnagar","Mahboobnagar","Andhra Pradesh"
"Poranki","521137","Krishna","Krishna","Andhra Pradesh"
"Poruma Milla","516193","Cuddapah","Cuddapah","Andhra Pradesh"
"Porur","501104","Ranga Reddy","Ranga Reddy","Andhra Pradesh"
"Potha Varam","534176","West Godavari","West Godavari","Andhra Pradesh"
"Pothaka Palli","501104","Ranga Reddy","Ranga Reddy","Andhra Pradesh"
"Pothakamur","523252","Prakasam","Prakasam","Andhra Pradesh"
"Potharam","505466","Karimnagar","Karimnagar","Andhra Pradesh"
"Pothu Meraka","522272","Guntur","Guntur","Andhra Pradesh"
"Pothugal","505408","Karimnagar","Karimnagar","Andhra Pradesh"
"Potladurthi","516364","Cuddapah","Cuddapah","Andhra Pradesh"
"Pragada Varam","534461","West Godavari","West Godavari","Andhra Pradesh"
"Pragati Industrial Estate","506013","Warangal","Warangal","Andhra Pradesh"
"Pragnapur","502311","Medak","Medak","Andhra Pradesh"
"Prakasam Municipal Market","534101","West Godavari","West Godavari","Andhra Pradesh"
"Prakasavana Colony","507125","Khammam","Khammam","Andhra Pradesh"
"Prakash Nagar","518004","Kurnool","Kurnool","Andhra Pradesh"
"Prakashambhavan","523001","Prakasam","Prakasam","Andhra Pradesh"
"Prakashamnagar","533103","East Godavari","East Godavari","Andhra Pradesh"
"Prasad Nagar","523157","Prakasam","Prakasam","Andhra Pradesh"
"Prasangula Padu","523183","Prakasam","Prakasam","Andhra Pradesh"
"Prasanti Nagar","502103","Medak","Medak","Andhra Pradesh"
"Prasanti Nilayam","515134","Anantapur","Anantapur","Andhra Pradesh"
"Prasantinagar","502001","Medak","Medak","Andhra Pradesh"
"Pratap Nagar","533004","East Godavari","East Godavari","Andhra Pradesh"
"Prathakota","518412","Kurnool","Kurnool","Andhra Pradesh"
"Prathi Padu","533432","East Godavari","East Godavari","Andhra Pradesh"
"Prathi Padu","522019","Guntur","Guntur","Andhra Pradesh"
"Prathi Padu","534146","West Godavari","West Godavari","Andhra Pradesh"
"Priya Agraharam","532430","Vizianagaram","Vizianagaram","Andhra Pradesh"
"Proddatur","516360","Cuddapah","Proddatur","Andhra Pradesh"
"Proddatur Bazar","516360","Cuddapah","Cuddapah","Andhra Pradesh"
"Proddatur Fort","516360","Cuddapah","Cuddapah","Andhra Pradesh"
"Psr Centre","508213","Nalgonda","Nalgonda","Andhra Pradesh"
"Pudi Patla","517249","Chittoor","Chittoor","Andhra Pradesh"
"Pudi Patla","517514","Chittoor","Chittoor","Andhra Pradesh"
"Pudupet","517590","Chittoor","Chittoor","Andhra Pradesh"
"Pulevendla","516390","Cuddapah","Cuddapah","Andhra Pradesh"
"Puli Cherla","517173","Chittoor","Chittoor","Andhra Pradesh"
"Pulicherla","515865","Anantapur","Anantapur","Andhra Pradesh"
"Pulla","534401","West Godavari","West Godavari","Andhra Pradesh"
"Pullala Cheruvu","523328","Prakasam","Prakasam","Andhra Pradesh"
"Pullam Pet","516107","Cuddapah","Cuddapah","Andhra Pradesh"
"Pulleti Kurru","533239","East Godavari","East Godavari","Andhra Pradesh"
"Pullur","502107","Medak","Medak","Andhra Pradesh"
"Pulvendla Bus Stand","516390","Cuddapah","Cuddapah","Andhra Pradesh"
"Pulvendla North","516390","Cuddapah","Cuddapah","Andhra Pradesh"
"Pundi","532217","Vizianagaram","Vizianagaram","Andhra Pradesh"
"Pundi R S","532218","Vizianagaram","Vizianagaram","Andhra Pradesh"
"Puram","523112","Prakasam","Prakasam","Andhra Pradesh"
"Puram","530029","Vishakhapatnam","Vishakhapatnam","Andhra Pradesh"
"Purana Bazar","504103","Adilabad","Adilabad","Andhra Pradesh"
"Purgi","501501","Ranga Reddy","Ranga Reddy","Andhra Pradesh"
"Purnandam Pot","520016","Krishna","Krishna","Andhra Pradesh"
"Purshothapalli","534392","West Godavari","West Godavari","Andhra Pradesh"
"Purushotta Puram","532190","Srikakulam","Srikakulam","Andhra Pradesh"
"Purushottapur","532323","Srikakulam","Srikakulam","Andhra Pradesh"
"Pusapati Rega","531204","Vizianagaram","Vizianagaram","Andhra Pradesh"
"Pushpagiri","516166","Cuddapah","Cuddapah","Andhra Pradesh"
"Puthala Pattu","517124","Chittoor","Chittoor","Andhra Pradesh"
"Putlii Bowli","500001","Hyderabad","Hyderabad","Andhra Pradesh"
"Putlur","515414","Anantapur","Anantapur","Andhra Pradesh"
"Puttapak","505184","Karimnagar","Karimnagar","Andhra Pradesh"
"Puttur","517583","Chittoor","Puttur","Andhra Pradesh"
"Puttur South","517583","Chittoor","Chittoor","Andhra Pradesh"
"Pwd Colony","522426","Guntur","Guntur","Andhra Pradesh"
"Pydi Bhimavaram","532409","Srikakulam","Srikakulam","Andhra Pradesh"
"Quarters","500890","Hyderabad","Hyderabad","Andhra Pradesh"
"Quilashapur","506244","Warangal","Warangal","Andhra Pradesh"
"R C Puram Bazar","533255","East Godavari","East Godavari","Andhra Pradesh"
"R D Office Roaod","533202","East Godavari","East Godavari","Andhra Pradesh"
"R E College","506004","Warangal","Warangal","Andhra Pradesh"
"R P Colony","504296","Adilabad","Adilabad","Andhra Pradesh"
"R R Labs","500007","Hyderabad","Hyderabad","Andhra Pradesh"
"R S Gardens","517507","Chittoor","Chittoor","Andhra Pradesh"
"R V Palem","515411","Anantapur","Anantapur","Andhra Pradesh"
"Rachapalli","505475","Karimnagar","Karimnagar","Andhra Pradesh"
"Racharla Boppapur","505305","Karimnagar","Karimnagar","Andhra Pradesh"
"Racherla","523368","Prakasam","Prakasam","Andhra Pradesh"
"Radhakrishnagar","500047","Hyderabad","Hyderabad","Andhra Pradesh"
"Raghavapur","505173","Karimnagar","Karimnagar","Andhra Pradesh"
"Raghavapuram","508296","Nalgonda","Nalgonda","Andhra Pradesh"
"Raghavendranagar","531133","Vishakhapatnam","Vishakhapatnam","Andhra Pradesh"
"Raghudevapuram","533333","East Godavari","East Godavari","Andhra Pradesh"
"Raghunath Palli","506244","Warangal","Warangal","Andhra Pradesh"
"Raghunathapuram","508105","Nalgonda","Nalgonda","Andhra Pradesh"
"Ragula Padu","515834","Anantapur","Anantapur","Andhra Pradesh"
"Rahamatnagar Colony","500018","Hyderabad","Hyderabad","Andhra Pradesh"
"Rahimkhanpot","502101","Medak","Medak","Andhra Pradesh"
"Rai Kode","502257","Medak","Medak","Andhra Pradesh"
"Rai Parthi","506314","Warangal","Warangal","Andhra Pradesh"
"Rai Pole","501508","Ranga Reddy","Ranga Reddy","Andhra Pradesh"
"Raigiri","508123","Nalgonda","Nalgonda","Andhra Pradesh"
"Raikal","505460","Karimnagar","Karimnagar","Andhra Pradesh"
"Raikal","505480","Karimnagar","Karimnagar","Andhra Pradesh"
"Railpet","522265","Guntur","Guntur","Andhra Pradesh"
"Railpeta","522101","Guntur","Guntur","Andhra Pradesh"
"Railway Colony","515801","Anantapur","Anantapur","Andhra Pradesh"
"Railway Colony","517520","Chittoor","Chittoor","Andhra Pradesh"
"Railway Gate","506002","Warangal","Warangal","Andhra Pradesh"
"Raj Bhavan","500041","Hyderabad","Hyderabad","Andhra Pradesh"
"Raj Gopal Pet","502284","Medak","Medak","Andhra Pradesh"
"Raja Puram","532407","Srikakulam","Srikakulam","Andhra Pradesh"
"Raja Vommangi","533436","East Godavari","East Godavari","Andhra Pradesh"
"Rajahmundry","533101","East Godavari","Rajahmundry","Andhra Pradesh"
"Rajam","532127","Srikakulam","Rajam","Andhra Pradesh"
"Rajampet","516115","Cuddapah","Cuddapah","Andhra Pradesh"
"Rajampet","503110","Nizamabad","Nizamabad","Andhra Pradesh"
"Rajampet Colony","502001","Medak","Medak","Andhra Pradesh"
"Rajampet R S","516115","Cuddapah","Cuddapah","Andhra Pradesh"
"Rajanagaram","533294","East Godavari","East Godavari","Andhra Pradesh"
"Rajapet","509116","Mahboobnagar","Mahboobnagar","Andhra Pradesh"
"Rajapur","509242","Mahboobnagar","Mahboobnagar","Andhra Pradesh"
"Rajendranagar","515801","Anantapur","Rajendranagar","Andhra Pradesh"
"Rajendranagar","500030","Hyderabad","Rajendranagar","Andhra Pradesh"
"Rajendranagar Colony","521301","Krishna","Krishna","Andhra Pradesh"
"Rajoli","509126","Mahboobnagar","Mahboobnagar","Andhra Pradesh"
"Rajpalli","502117","Medak","Medak","Andhra Pradesh"
"Raju Colony","500042","Hyderabad","Hyderabad","Andhra Pradesh"
"Raju Palem","516363","Cuddapah","Cuddapah","Andhra Pradesh"
"Raju Palem","522412","Guntur","Guntur","Andhra Pradesh"
"Raju Palem","522630","Guntur","Guntur","Andhra Pradesh"
"Raju Palem","523369","Prakasam","Prakasam","Andhra Pradesh"
"Rajupet","521001","Krishna","Krishna","Andhra Pradesh"
"Rakasipet","503185","Nizamabad","Nizamabad","Andhra Pradesh"
"Ralla Halli","515305","Anantapur","Anantapur","Andhra Pradesh"
"Rallabadugur","517423","Chittoor","Chittoor","Andhra Pradesh"
"Rama Bhadra Puram","532579","Vizianagaram","Vizianagaram","Andhra Pradesh"
"Rama Chandra Puram","533255","East Godavari","East Godavari","Andhra Pradesh"
"Rama Chandra Puram H E","500032","Hyderabad","Hyderabad","Andhra Pradesh"
"Rama Gundam","505208","Karimnagar","Karimnagar","Andhra Pradesh"
"Rama Krishnapuram","500556","Hyderabad","Hyderabad","Andhra Pradesh"
"Rama Krishnpuram","504301","Adilabad","Adilabad","Andhra Pradesh"
"Rama Kuppam","517401","Chittoor","Chittoor","Andhra Pradesh"
"Rama Patnam","523291","Prakasam","Prakasam","Andhra Pradesh"
"Rama Puram","517403","Chittoor","Chittoor","Andhra Pradesh"
"Rama Reddy","503144","Nizamabad","Nizamabad","Andhra Pradesh"
"Ramachanderraopeta","534002","West Godavari","West Godavari","Andhra Pradesh"
"Ramachandra Puram","521424","Krishna","Krishna","Andhra Pradesh"
"Ramachandrapuram Bazar","502319","Medak","Medak","Andhra Pradesh"
"Ramachandraraopeta","534102","West Godavari","West Godavari","Andhra Pradesh"
"Ramadugu","505531","Karimnagar","Karimnagar","Andhra Pradesh"
"Ramagiri","508002","Nalgonda","Nalgonda","Andhra Pradesh"
"Ramagundam R S","505208","Karimnagar","Karimnagar","Andhra Pradesh"
"Ramakrishnamath","500029","Hyderabad","Hyderabad","Andhra Pradesh"
"Ramakrishnapuram","523155","Prakasam","Prakasam","Andhra Pradesh"
"Ramalayam","507111","Khammam","Khammam","Andhra Pradesh"
"Ramalingapuram","524003","Nellore","Nellore","Andhra Pradesh"
"Ramalla Kota","518217","Kurnool","Kurnool","Andhra Pradesh"
"Ramanagar","523157","Prakasam","Prakasam","Andhra Pradesh"
"Ramanakkapet","521213","Krishna","Krishna","Andhra Pradesh"
"Ramannapet","508113","Nalgonda","Nalgonda","Andhra Pradesh"
"Ramapur","501106","Ranga Reddy","Ranga Reddy","Andhra Pradesh"
"Ramarao Peta","533004","East Godavari","East Godavari","Andhra Pradesh"
"Ramathirtham","531218","Vizianagaram","Vizianagaram","Andhra Pradesh"
"Ramavaram","507118","Khammam","Khammam","Andhra Pradesh"
"Ramavarappadu","521108","Krishna","Krishna","Andhra Pradesh"
"Ramayampet","502101","Medak","Medak","Andhra Pradesh"
"Ramchanderraopeta","534002","West Godavari","West Godavari","Andhra Pradesh"
"Ramchandranagar","515004","Anantapur","Anantapur","Andhra Pradesh"
"Rameshwarapalli","503103","Nizamabad","Nizamabad","Andhra Pradesh"
"Rami Reddi Palli","521436","Krishna","Krishna","Andhra Pradesh"
"Ramkote","500001","Hyderabad","Hyderabad","Andhra Pradesh"
"Ramnadgudpalli","501115","Ranga Reddy","Ranga Reddy","Andhra Pradesh"
"Ramnagar","515004","Anantapur","Anantapur","Andhra Pradesh"
"Ramnagar","522123","Guntur","Guntur","Andhra Pradesh"
"Ramnagar","505002","Karimnagar","Karimnagar","Andhra Pradesh"
"Ramnagar","523001","Prakasam","Prakasam","Andhra Pradesh"
"Ramnagar","523201","Prakasam","Prakasam","Andhra Pradesh"
"Ramnagar","534301","West Godavari","West Godavari","Andhra Pradesh"
"Ramnagar","534303","West Godavari","West Godavari","Andhra Pradesh"
"Rampa Choda Varam","533288","East Godavari","East Godavari","Andhra Pradesh"
"Rampalli","505174","Karimnagar","Karimnagar","Andhra Pradesh"
"Rampur","505498","Karimnagar","Karimnagar","Andhra Pradesh"
"Rampuram","505153","Karimnagar","Karimnagar","Andhra Pradesh"
"Ramyanpet Town","502101","Medak","Medak","Andhra Pradesh"
"Ranga Reddi Guda","509214","Mahboobnagar","Mahboobnagar","Andhra Pradesh"
"Ranga Shai Pet","506005","Warangal","Warangal","Andhra Pradesh"
"Rangam Pet","502381","Medak","Medak","Andhra Pradesh"
"Rangampet","517104","Chittoor","Chittoor","Andhra Pradesh"
"Rangampeta","533291","East Godavari","East Godavari","Andhra Pradesh"
"Ranganayakulu Peta","524001","Nellore","Nellore","Andhra Pradesh"
"Rangapur","509106","Mahboobnagar","Mahboobnagar","Andhra Pradesh"
"Rangapuram","518598","Kurnool","Kurnool","Andhra Pradesh"
"Rangarauthota","522101","Guntur","Guntur","Andhra Pradesh"
"Ranjal","503236","Nizamabad","Nizamabad","Andhra Pradesh"
"Ranjarla","503218","Nizamabad","Nizamabad","Andhra Pradesh"
"Ranjhol","502318","Medak","Medak","Andhra Pradesh"
"Rapthadu","515722","Anantapur","Anantapur","Andhra Pradesh"
"Rapur","524408","Nellore","Nellore","Andhra Pradesh"
"Rathpalli","505153","Karimnagar","Karimnagar","Andhra Pradesh"
"Ratnagiri","515322","Anantapur","Anantapur","Andhra Pradesh"
"Ratnapur","505188","Karimnagar","Karimnagar","Andhra Pradesh"
"Raurr Peta","523187","Prakasam","Prakasam","Andhra Pradesh"
"Ravi Padu","522603","Guntur","Guntur","Andhra Pradesh"
"Ravi Padu","523370","Prakasam","Prakasam","Andhra Pradesh"
"Ravi Valasa","532525","Vizianagaram","Vizianagaram","Andhra Pradesh"
"Raviched","509414","Mahboobnagar","Mahboobnagar","Andhra Pradesh"
"Ravikamatam","531025","Vishakhapatnam","Vishakhapatnam","Andhra Pradesh"
"Ravindranagar","516003","Cuddapah","Cuddapah","Andhra Pradesh"
"Ravinuthala","523213","Prakasam","Prakasam","Andhra Pradesh"
"Ravula Palem","533238","East Godavari","East Godavari","Andhra Pradesh"
"Ravulapalli","501106","Ranga Reddy","Ranga Reddy","Andhra Pradesh"
"Rawala Palli","509336","Mahboobnagar","Mahboobnagar","Andhra Pradesh"
"Raya Choti","516269","Cuddapah","Cuddapah","Andhra Pradesh"
"Raya Kuduru","534247","West Godavari","West Godavari","Andhra Pradesh"
"Rayachoti East","516269","Cuddapah","Cuddapah","Andhra Pradesh"
"Rayadrug Bazar","515865","Anantapur","Anantapur","Andhra Pradesh"
"Rayadurg","515865","Anantapur","Rayadurg","Andhra Pradesh"
"Rayalam","534208","West Godavari","West Godavari","Andhra Pradesh"
"Rayalcheruvu","515455","Anantapur","Anantapur","Andhra Pradesh"
"Rayanagar","518301","Kurnool","Kurnool","Andhra Pradesh"
"Rayanpet","509389","Mahboobnagar","Mahboobnagar","Andhra Pradesh"
"Rayavaram","516129","Cuddapah","Cuddapah","Andhra Pradesh"
"Rayavaram","533346","East Godavari","East Godavari","Andhra Pradesh"
"Razole Old Town","533242","East Godavari","East Godavari","Andhra Pradesh"
"Readspeta","517001","Chittoor","Chittoor","Andhra Pradesh"
"Rebbavaram","507173","Khammam","Khammam","Andhra Pradesh"
"Rebbena","504292","Adilabad","Adilabad","Andhra Pradesh"
"Rechini","504273","Adilabad","Adilabad","Andhra Pradesh"
"Recob Bazar","507001","Khammam","Khammam","Andhra Pradesh"
"Reddi Colony","506001","Warangal","Warangal","Andhra Pradesh"
"Reddi Pall Agraharam","531219","Vizianagaram","Vizianagaram","Andhra Pradesh"
"Reddi Vari Palle","517164","Chittoor","Chittoor","Andhra Pradesh"
"Redla Vada","506369","Warangal","Warangal","Andhra Pradesh"
"Regad Ghanpur","501526","Ranga Reddy","Ranga Reddy","Andhra Pradesh"
"Regallu","517242","Chittoor","Chittoor","Andhra Pradesh"
"Regode","502290","Medak","Medak","Andhra Pradesh"
"Regonda","506348","Warangal","Warangal","Andhra Pradesh"
"Reinbazar","500023","Hyderabad","Hyderabad","Andhra Pradesh"
"Rekumatla","508376","Mahboobnagar","Mahboobnagar","Andhra Pradesh"
"Relangi","534225","West Godavari","West Godavari","Andhra Pradesh"
"Rentachinala","522421","Guntur","Guntur","Andhra Pradesh"
"Repalle","522265","Guntur","Repalle","Andhra Pradesh"
"Repalle Bazar","522265","Guntur","Guntur","Andhra Pradesh"
"Resapupalem","530013","Vishakhapatnam","Vishakhapatnam","Andhra Pradesh"
"Rest House Road","534301","West Godavari","West Godavari","Andhra Pradesh"
"Revanur","518137","Kurnool","Kurnool","Andhra Pradesh"
"Revendra Padu","522291","Guntur","Guntur","Andhra Pradesh"
"Revidi","531172","Vishakhapatnam","Vishakhapatnam","Andhra Pradesh"
"Revuru","524303","Nellore","Nellore","Andhra Pradesh"
"Rewarani Pate","531202","Vizianagaram","Vizianagaram","Andhra Pradesh"
"Risala Bazar","500010","Hyderabad","Hyderabad","Andhra Pradesh"
"Rly Bazar","533101","East Godavari","East Godavari","Andhra Pradesh"
"Rly Old Town","533101","East Godavari","East Godavari","Andhra Pradesh"
"Roddam","515123","Anantapur","Anantapur","Andhra Pradesh"
"Rolla","515321","Anantapur","Anantapur","Andhra Pradesh"
"Rompalli","501106","Ranga Reddy","Ranga Reddy","Andhra Pradesh"
"Rompi Cherla","517192","Chittoor","Chittoor","Andhra Pradesh"
"Roya Nagar","521101","Krishna","Krishna","Andhra Pradesh"
"Royal Pet","517414","Chittoor","Chittoor","Andhra Pradesh"
"Rtc Bus Complex","534211","West Godavari","West Godavari","Andhra Pradesh"
"Rtc Bus Complex Centre","533103","East Godavari","East Godavari","Andhra Pradesh"
"Rtc Bus Stand","534350","West Godavari","West Godavari","Andhra Pradesh"
"Rtc Complex","518301","Kurnool","Kurnool","Andhra Pradesh"
"Rudra Paka","521326","Krishna","Krishna","Andhra Pradesh"
"Rudrampur","507119","Khammam","Khammam","Andhra Pradesh"
"Rudrangi","505307","Karimnagar","Karimnagar","Andhra Pradesh"
"Rudraram","502329","Medak","Medak","Andhra Pradesh"
"Rudravaram","518594","Kurnool","Kurnool","Andhra Pradesh"
"Rudrur","503188","Nizamabad","Nizamabad","Andhra Pradesh"
"Runganur","517247","Chittoor","Chittoor","Andhra Pradesh"
"Rushi Vally","517352","Chittoor","Chittoor","Andhra Pradesh"
"Rushingi","532470","Srikakulam","Srikakulam","Andhra Pradesh"
"Rusthapur","508116","Nalgonda","Nalgonda","Andhra Pradesh"
"Rustumbada","534271","West Godavari","West Godavari","Andhra Pradesh"
"Ryali","533236","East Godavari","East Godavari","Andhra Pradesh"
"S B Mahaveer Road","515001","Anantapur","Anantapur","Andhra Pradesh"
"S K P Temple","522003","Guntur","Guntur","Andhra Pradesh"
"S R Nagar I E Colony","532101","Srikakulam","Srikakulam","Andhra Pradesh"
"S Rayavaram","531060","Vishakhapatnam","Vishakhapatnam","Andhra Pradesh"
"S Reddy Bus Stand","502001","Medak","Medak","Andhra Pradesh"
"S Reddy Collectorate","502001","Medak","Medak","Andhra Pradesh"
"S Uppala Padu","516437","Cuddapah","Cuddapah","Andhra Pradesh"
"S V Agri College","517502","Chittoor","Chittoor","Andhra Pradesh"
"S V Medical College","517507","Chittoor","Chittoor","Andhra Pradesh"
"S V N Road","506002","Warangal","Warangal","Andhra Pradesh"
"S V Nagar","517502","Chittoor","Chittoor","Andhra Pradesh"
"S V University","517502","Chittoor","Chittoor","Andhra Pradesh"
"Sadashivpet","502291","Medak","Medak","Andhra Pradesh"
"Sadashivpet Bazar","502291","Medak","Medak","Andhra Pradesh"
"Sadsivnagar","503145","Nizamabad","Nizamabad","Andhra Pradesh"
"Safilguda","500047","Hyderabad","Hyderabad","Andhra Pradesh"
"Sahifa","500024","Hyderabad","Hyderabad","Andhra Pradesh"
"Saidabad","500659","Hyderabad","Hyderabad","Andhra Pradesh"
"Saidabad Colony","500659","Hyderabad","Hyderabad","Andhra Pradesh"
"Saidapur","505472","Karimnagar","Karimnagar","Andhra Pradesh"
"Sainagar","515001","Anantapur","Anantapur","Andhra Pradesh"
"Sainagar","500017","Hyderabad","Hyderabad","Andhra Pradesh"
"Sainik School","531214","Vizianagaram","Vizianagaram","Andhra Pradesh"
"Sainikpuri","500594","Hyderabad","Hyderabad","Andhra Pradesh"
"Sainnathapuram","532001","Srikakulam","Srikakulam","Andhra Pradesh"
"Sakhineti Palli","533251","East Godavari","East Godavari","Andhra Pradesh"
"Salagramapuram","530024","Vishakhapatnam","Vishakhapatnam","Andhra Pradesh"
"Salbathapur","501106","Ranga Reddy","Ranga Reddy","Andhra Pradesh"
"Saluru","532591","Vizianagaram","Vizianagaram","Andhra Pradesh"
"Saluru Fort","532591","Vizianagaram","Vizianagaram","Andhra Pradesh"
"Samalkot","533440","East Godavari","East Godavari","Andhra Pradesh"
"Samalkot R S","533440","East Godavari","East Godavari","Andhra Pradesh"
"Samanasa","533213","East Godavari","East Godavari","Andhra Pradesh"
"Sambe Palli","516215","Cuddapah","Cuddapah","Andhra Pradesh"
"Sami Reddi Palle","517139","Chittoor","Chittoor","Andhra Pradesh"
"Samirpet","500014","Hyderabad","Hyderabad","Andhra Pradesh"
"Sampathnagar","522004","Guntur","Guntur","Andhra Pradesh"
"Samsra Gudem","534302","West Godavari","West Godavari","Andhra Pradesh"
"Samudram","515701","Anantapur","Anantapur","Andhra Pradesh"
"Samudram","517319","Chittoor","Chittoor","Andhra Pradesh"
"Sanam Batla","517516","Chittoor","Chittoor","Andhra Pradesh"
"Sanathnagar","500018","Hyderabad","Hyderabad","Andhra Pradesh"
"Sanathnagar Coly","500018","Hyderabad","Hyderabad","Andhra Pradesh"
"Sanatnagar I E","500018","Hyderabad","Hyderabad","Andhra Pradesh"
"Sangam","524308","Nellore","Nellore","Andhra Pradesh"
"Sangam","506329","Warangal","Warangal","Andhra Pradesh"
"Sangam Jagarlamudi","522213","Guntur","Guntur","Andhra Pradesh"
"Sangareddy","502001","Medak","Sangareddy","Andhra Pradesh"
"Sanivarapu Peta","534003","West Godavari","West Godavari","Andhra Pradesh"
"Sanjamala","518165","Kurnool","Kurnool","Andhra Pradesh"
"Sanjaya Nagar","508207","Nalgonda","Nalgonda","Andhra Pradesh"
"Sanjeevanagar","516269","Cuddapah","Cuddapah","Andhra Pradesh"
"Sanjeevanagar","502001","Medak","Medak","Andhra Pradesh"
"Sanjeevareddy Nagar","500038","Hyderabad","Hyderabad","Andhra Pradesh"
"Sanjeevnagar","518501","Kurnool","Kurnool","Andhra Pradesh"
"Sankara Gallu","515307","Anantapur","Anantapur","Andhra Pradesh"
"Sankaranpalayam","532001","Srikakulam","Srikakulam","Andhra Pradesh"
"Sankarapuram Jayanagar","516002","Cuddapah","Cuddapah","Andhra Pradesh"
"Sankhavaram","533446","East Godavari","East Godavari","Andhra Pradesh"
"Sankhavaram","523254","Prakasam","Prakasam","Andhra Pradesh"
"Santha Bazar","523155","Prakasam","Prakasam","Andhra Pradesh"
"Santha Jutur","518513","Kurnool","Kurnool","Andhra Pradesh"
"Santha Magalur","523302","Prakasam","Prakasam","Andhra Pradesh"
"Santha Mkt","521333","Krishna","Krishna","Andhra Pradesh"
"Santhanuthala Padu","523225","Prakasam","Prakasam","Andhra Pradesh"
"Santhapeta","524001","Nellore","Nellore","Andhra Pradesh"
"Santhapeta","523001","Prakasam","Prakasam","Andhra Pradesh"
"Santharavur","523185","Prakasam","Prakasam","Andhra Pradesh"
"Santhaveluru","524416","Nellore","Nellore","Andhra Pradesh"
"Santoshnagar Colony","500659","Hyderabad","Hyderabad","Andhra Pradesh"
"Sarangapur","503186","Nizamabad","Nizamabad","Andhra Pradesh"
"Sarapaka","507128","Khammam","Sarapaka","Andhra Pradesh"
"Sardarnagar","509222","Mahboobnagar","Mahboobnagar","Andhra Pradesh"
"Saroornagar","500035","Hyderabad","Hyderabad","Andhra Pradesh"
"Sarvakota","532426","Srikakulam","Srikakulam","Andhra Pradesh"
"Satram","524320","Nellore","Nellore","Andhra Pradesh"
"Sattenapalle","522403","Guntur","Sattenapalle","Andhra Pradesh"
"Sattenapalle Bazar","522403","Guntur","Guntur","Andhra Pradesh"
"Sattenapalle Bus Stand","522403","Guntur","Guntur","Andhra Pradesh"
"Sattivedu","517588","Chittoor","Chittoor","Andhra Pradesh"
"Sattupalli","507303","Khammam","Khammam","Andhra Pradesh"
"Sattupalli Bus Station","507303","Khammam","Khammam","Andhra Pradesh"
"Satuluru","522549","Guntur","Guntur","Andhra Pradesh"
"Satyanarayanapeta","515801","Anantapur","Anantapur","Andhra Pradesh"
"Satyanarayanapuram","533440","East Godavari","East Godavari","Andhra Pradesh"
"Satyanarayanapuram","522202","Guntur","Guntur","Andhra Pradesh"
"Satyanarayanapuram","507140","Khammam","Khammam","Andhra Pradesh"
"Satyanarayanapuram","520011","Krishna","Krishna","Andhra Pradesh"
"Satyanarayanapuram","521301","Krishna","Krishna","Andhra Pradesh"
"Satyanarayanapuram","521325","Krishna","Krishna","Andhra Pradesh"
"Satyanarayanpuragraharam","522101","Guntur","Guntur","Andhra Pradesh"
"Satyavaram","531127","Vishakhapatnam","Vishakhapatnam","Andhra Pradesh"
"Savalyapuram","522646","Guntur","Guntur","Andhra Pradesh"
"Savitrupeta","534102","West Godavari","West Godavari","Andhra Pradesh"
"Secunderabad","500003","Hyderabad","Secunderabad","Andhra Pradesh"
"Secunderabad","500025","Hyderabad","Secunderabad","Andhra Pradesh"
"Secunderabad R S","500025","Hyderabad","Hyderabad","Andhra Pradesh"
"Seetarampuram","523001","Prakasam","Prakasam","Andhra Pradesh"
"Seethampeta","533104","East Godavari","East Godavari","Andhra Pradesh"
"Seethampeta","532443","Srikakulam","Srikakulam","Andhra Pradesh"
"Seethanagaram","533287","East Godavari","East Godavari","Andhra Pradesh"
"Seethanagaram","532546","Vizianagaram","Vizianagaram","Andhra Pradesh"
"Seetharam Puram","532123","Srikakulam","Srikakulam","Andhra Pradesh"
"Seetharampuram Inam","532461","Srikakulam","Srikakulam","Andhra Pradesh"
"Seeti Gunta","516102","Cuddapah","Cuddapah","Andhra Pradesh"
"Sengala Gudur","515416","Anantapur","Anantapur","Andhra Pradesh"
"Seri Guda","501520","Ranga Reddy","Ranga Reddy","Andhra Pradesh"
"Setti Palli","517506","Chittoor","Chittoor","Andhra Pradesh"
"Shadnagar","509216","Mahboobnagar","Mahboobnagar","Andhra Pradesh"
"Shahabad","509217","Mahboobnagar","Mahboobnagar","Andhra Pradesh"
"Shahapur","509331","Mahboobnagar","Mahboobnagar","Andhra Pradesh"
"Shakapur","509384","Mahboobnagar","Mahboobnagar","Andhra Pradesh"
"Shakarnagar","503180","Nizamabad","Nizamabad","Andhra Pradesh"
"Shali Banda","500265","Hyderabad","Hyderabad","Andhra Pradesh"
"Sham Shabad","509218","Mahboobnagar","Mahboobnagar","Andhra Pradesh"
"Shamsheer Ganj","500253","Hyderabad","Hyderabad","Andhra Pradesh"
"Shanigaram","505102","Karimnagar","Karimnagar","Andhra Pradesh"
"Shanigram","505473","Karimnagar","Karimnagar","Andhra Pradesh"
"Shankar Palli","502201","Medak","Medak","Andhra Pradesh"
"Shankarampet","502271","Medak","Medak","Andhra Pradesh"
"Shankarampet Bzr","502271","Medak","Medak","Andhra Pradesh"
"Shanti Nagar","522426","Guntur","Guntur","Andhra Pradesh"
"Shanti Nagar","508229","Nalgonda","Nalgonda","Andhra Pradesh"
"Shantinagar","500028","Hyderabad","Hyderabad","Andhra Pradesh"
"Sharajpet","508101","Nalgonda","Nalgonda","Andhra Pradesh"
"Sher Mohammad Puram","532402","Srikakulam","Srikakulam","Andhra Pradesh"
"Shet Palli","504217","Adilabad","Adilabad","Andhra Pradesh"
"Shettur","515767","Anantapur","Anantapur","Andhra Pradesh"
"Shivajinagar","503001","Nizamabad","Nizamabad","Andhra Pradesh"
"Shraddamandgunj","503001","Nizamabad","Nizamabad","Andhra Pradesh"
"Shujatnagar","507120","Khammam","Khammam","Andhra Pradesh"
"Shyamalamba Temple","533101","East Godavari","East Godavari","Andhra Pradesh"
"Shyamnagar","500028","Hyderabad","Hyderabad","Andhra Pradesh"
"Shyampet","506319","Warangal","Warangal","Andhra Pradesh"
"Siddavatam","516237","Cuddapah","Cuddapah","Andhra Pradesh"
"Siddipet","502103","Medak","Siddipet","Andhra Pradesh"
"Siddipet Bus Stand","502103","Medak","Medak","Andhra Pradesh"
"Sidhantam","534326","West Godavari","West Godavari","Andhra Pradesh"
"Sileru Project","531105","Vishakhapatnam","Vishakhapatnam","Andhra Pradesh"
"Simhachalam","530028","Vishakhapatnam","Vishakhapatnam","Andhra Pradesh"
"Simhadri Puram","516454","Cuddapah","Cuddapah","Andhra Pradesh"
"Singabhupalem","507132","Khammam","Khammam","Andhra Pradesh"
"Singadam","532148","Srikakulam","Srikakulam","Andhra Pradesh"
"Singanamala","515435","Anantapur","Anantapur","Andhra Pradesh"
"Singaraya Konda","523101","Prakasam","Prakasam","Andhra Pradesh"
"Singareni Colleries","507101","Khammam","Khammam","Andhra Pradesh"
"Singareni Collories Admn","505209","Karimnagar","Karimnagar","Andhra Pradesh"
"Singotam","509107","Mahboobnagar","Mahboobnagar","Andhra Pradesh"
"Singupalem","522269","Guntur","Guntur","Andhra Pradesh"
"Singur Project","502293","Medak","Medak","Andhra Pradesh"
"Sir Konda","505462","Karimnagar","Karimnagar","Andhra Pradesh"
"Sir Silk Colony","504296","Adilabad","Adilabad","Andhra Pradesh"
"Sirgapur","502287","Medak","Medak","Andhra Pradesh"
"Siri Konda","508212","Nalgonda","Nalgonda","Andhra Pradesh"
"Siripura","502314","Medak","Medak","Andhra Pradesh"
"Siripuram","522401","Guntur","Guntur","Andhra Pradesh"
"Siripuram","507304","Khammam","Khammam","Andhra Pradesh"
"Sirpur","504299","Adilabad","Adilabad","Andhra Pradesh"
"Sirpur Kaghaznagar","504296","Adilabad","Adilabad","Andhra Pradesh"
"Sirpur Town Bus Std","504299","Adilabad","Adilabad","Andhra Pradesh"
"Sirpura","501202","Ranga Reddy","Ranga Reddy","Andhra Pradesh"
"Sirsilla","505301","Karimnagar","Sirsilla","Andhra Pradesh"
"Sirvel","518363","Kurnool","Kurnool","Andhra Pradesh"
"Sita Ram Puram","534280","West Godavari","West Godavari","Andhra Pradesh"
"Sitaphalamandi","500361","Hyderabad","Hyderabad","Andhra Pradesh"
"Sitaram Pet","500001","Hyderabad","Hyderabad","Andhra Pradesh"
"Sitaramapuram","520004","Krishna","Krishna","Andhra Pradesh"
"Sitarampuram","521175","Krishna","Krishna","Andhra Pradesh"
"Sitarampuram","524310","Nellore","Nellore","Andhra Pradesh"
"Siva Kodu","533244","East Godavari","East Godavari","Andhra Pradesh"
"Sivalayam Street","520001","Krishna","Krishna","Andhra Pradesh"
"Sivalayan Street","534275","West Godavari","West Godavari","Andhra Pradesh"
"Sivapuram","521429","Krishna","Krishna","Andhra Pradesh"
"Sivaraopeta","534202","West Godavari","West Godavari","Andhra Pradesh"
"Soan","504105","Adilabad","Adilabad","Andhra Pradesh"
"Society Colony","517326","Chittoor","Chittoor","Andhra Pradesh"
"Sodam","517123","Chittoor","Chittoor","Andhra Pradesh"
"Sofinagar","504106","Adilabad","Adilabad","Andhra Pradesh"
"Somaji Guda","500482","Hyderabad","Hyderabad","Andhra Pradesh"
"Somala","517258","Chittoor","Chittoor","Andhra Pradesh"
"Somande Palli","515122","Anantapur","Anantapur","Andhra Pradesh"
"Somapam","501106","Ranga Reddy","Ranga Reddy","Andhra Pradesh"
"Somasila Project","524301","Nellore","Nellore","Andhra Pradesh"
"Somavaram","507166","Khammam","Khammam","Andhra Pradesh"
"Someswaralayam","534301","West Godavari","West Godavari","Andhra Pradesh"
"Sompeta","532284","Srikakulam","Sompeta","Andhra Pradesh"
"Sondi Pudi","532244","Srikakulam","Srikakulam","Andhra Pradesh"
"Sorakayalapet","517218","Chittoor","Chittoor","Andhra Pradesh"
"South Kondapeta","518124","Kurnool","Kurnool","Andhra Pradesh"
"Spinnina Mills","517326","Chittoor","Chittoor","Andhra Pradesh"
"Spinning Mills Centre","533106","East Godavari","East Godavari","Andhra Pradesh"
"Sponge Iron India Ltd","533106","East Godavari","East Godavari","Andhra Pradesh"
"Srddana Konduru","524225","Nellore","Nellore","Andhra Pradesh"
"Sree Venkateswara Puram","515003","Anantapur","Anantapur","Andhra Pradesh"
"Sreenivasanagar","518501","Kurnool","Kurnool","Andhra Pradesh"
"Sreeram Nagar","532101","Srikakulam","Srikakulam","Andhra Pradesh"
"Sri Bomma Raja Puram","517571","Chittoor","Chittoor","Andhra Pradesh"
"Sri Hari Kota Range","524124","Nellore","Nellore","Andhra Pradesh"
"Sri K V S Colony","518222","Kurnool","Kurnool","Andhra Pradesh"
"Sri Kalahashthi","517644","Chittoor","Chittoor","Andhra Pradesh"
"Sri Krishna Nagar","518002","Kurnool","Kurnool","Andhra Pradesh"
"Sri Kurmam","532404","Srikakulam","Srikakulam","Andhra Pradesh"
"Sri Ramapuram","534202","West Godavari","West Godavari","Andhra Pradesh"
"Sri Ramnagar","533105","East Godavari","East Godavari","Andhra Pradesh"
"Sri Rangapatnam","533289","East Godavari","East Godavari","Andhra Pradesh"
"Sri Sailam","518101","Kurnool","Kurnool","Andhra Pradesh"
"Sri Sailam Dam East","518102","Kurnool","Kurnool","Andhra Pradesh"
"Sri Sailam Dam West","509326","Mahboobnagar","Mahboobnagar","Andhra Pradesh"
"Sriharipuram","530011","Vishakhapatnam","Vishakhapatnam","Andhra Pradesh"
"Srikakulam","521134","Krishna","Srikakulam","Andhra Pradesh"
"Srikakulam","532293","Srikakulam","Srikakulam","Andhra Pradesh"
"Srikakulam","532001","Srikakulam","Srikakulam","Andhra Pradesh"
"Srikalahasthi North","517644","Chittoor","Chittoor","Andhra Pradesh"
"Srikrishna","518301","Kurnool","Kurnool","Andhra Pradesh"
"Srikrishnanagar","522006","Guntur","Guntur","Andhra Pradesh"
"Srinagar Colony","500873","Hyderabad","Hyderabad","Andhra Pradesh"
"Srinivasanagar","500361","Hyderabad","Hyderabad","Andhra Pradesh"
"Srinivasanagar Colony","522006","Guntur","Guntur","Andhra Pradesh"
"Sripuram Colony","500036","Hyderabad","Hyderabad","Andhra Pradesh"
"Sriram Nagar","533003","East Godavari","East Godavari","Andhra Pradesh"
"Sriramnagar Colony","500015","Hyderabad","Hyderabad","Andhra Pradesh"
"Srk North","523101","Prakasam","Prakasam","Andhra Pradesh"
"Srunga Vruksham","534243","West Godavari","West Godavari","Andhra Pradesh"
"Srungavarapu Kota","531145","Vishakhapatnam","Vishakhapatnam","Andhra Pradesh"
"Srungavarapu Kota Bus Sd","531145","Vishakhapatnam","Vishakhapatnam","Andhra Pradesh"
"St Marrys Road","500003","Hyderabad","Hyderabad","Andhra Pradesh"
"Stadium Road","533101","East Godavari","East Godavari","Andhra Pradesh"
"State Bank Colony","500659","Hyderabad","Hyderabad","Andhra Pradesh"
"State Bank Of Hyd","500001","Hyderabad","Hyderabad","Andhra Pradesh"
"State Bank Of India","500001","Hyderabad","Hyderabad","Andhra Pradesh"
"State Bank Of India Colon","518501","Kurnool","Kurnool","Andhra Pradesh"
"Station Road","504001","Adilabad","Adilabad","Andhra Pradesh"
"Stn Jadcherla Ho","509301","Mahboobnagar","Mahboobnagar","Andhra Pradesh"
"Stn Kacheguda","500027","Hyderabad","Hyderabad","Andhra Pradesh"
"Stone Hosue","500027","Hyderabad","Hyderabad","Andhra Pradesh"
"Strangadhara Metta","533105","East Godavari","East Godavari","Andhra Pradesh"
"Stuartpuram","522317","Guntur","Guntur","Andhra Pradesh"
"Sub Collectorate","502110","Medak","Medak","Andhra Pradesh"
"Subahsh Road","515001","Anantapur","Anantapur","Andhra Pradesh"
"Subashnagar","504231","Adilabad","Adilabad","Andhra Pradesh"
"Subbaraopeta","534101","West Godavari","West Godavari","Andhra Pradesh"
"Subbavaram","531035","Vishakhapatnam","Vishakhapatnam","Andhra Pradesh"
"Subedari","506010","Warangal","Warangal","Andhra Pradesh"
"Subhash Road","503111","Nizamabad","Nizamabad","Andhra Pradesh"
"Subhashnagar","505211","Karimnagar","Karimnagar","Andhra Pradesh"
"Subhashnagar","503002","Nizamabad","Nizamabad","Andhra Pradesh"
"Subjimandi","500006","Hyderabad","Hyderabad","Andhra Pradesh"
"Sublaid","507161","Khammam","Khammam","Andhra Pradesh"
"Subriyal","503221","Nizamabad","Nizamabad","Andhra Pradesh"
"Sudashivppet Bus Stand","502291","Medak","Medak","Andhra Pradesh"
"Sudda Malla","518158","Kurnool","Kurnool","Andhra Pradesh"
"Suddala","505185","Karimnagar","Karimnagar","Andhra Pradesh"
"Sullivanpet","532001","Srikakulam","Srikakulam","Andhra Pradesh"
"Sultan Shahi","500265","Hyderabad","Hyderabad","Andhra Pradesh"
"Sultanabad","505185","Karimnagar","Karimnagar","Andhra Pradesh"
"Sulurpet","524121","Nellore","Nellore","Andhra Pradesh"
"Sulurpet Bazar","524121","Nellore","Nellore","Andhra Pradesh"
"Sunkari Metta","531152","Vishakhapatnam","Vishakhapatnam","Andhra Pradesh"
"Sunkidi","504327","Adilabad","Adilabad","Andhra Pradesh"
"Surangal","501523","Ranga Reddy","Ranga Reddy","Andhra Pradesh"
"Surayyagari Palli","517259","Chittoor","Chittoor","Andhra Pradesh"
"Survepalle","524321","Nellore","Nellore","Andhra Pradesh"
"Survey Of India","500039","Hyderabad","Hyderabad","Andhra Pradesh"
"Suryalayam St","534211","West Godavari","West Godavari","Andhra Pradesh"
"Suryanarayanapuram","533007","East Godavari","East Godavari","Andhra Pradesh"
"Suryanarayanapuram","534202","West Godavari","West Godavari","Andhra Pradesh"
"Suryapet","508213","Nalgonda","Suryapet","Andhra Pradesh"
"Suryapet Industrial Estat","520007","Krishna","Krishna","Andhra Pradesh"
"Suryaraopeta","520002","Krishna","Suryaraopeta","Andhra Pradesh"
"Swarajyanagar","533101","East Godavari","East Godavari","Andhra Pradesh"
"Swarna","523170","Prakasam","Prakasam","Andhra Pradesh"
"Syadapuram","524407","Nellore","Nellore","Andhra Pradesh"
"Syamala Nagar","533103","East Godavari","East Godavari","Andhra Pradesh"
"T I E Balanagar","500037","Hyderabad","Hyderabad","Andhra Pradesh"
"T Kamma Palle","516113","Cuddapah","Cuddapah","Andhra Pradesh"
"T P Gudem Town","534101","West Godavari","West Godavari","Andhra Pradesh"
"T Sadipiralla","516290","Cuddapah","Cuddapah","Andhra Pradesh"
"T Sanubanda","521214","Krishna","Krishna","Andhra Pradesh"
"T Sundupalle","516130","Cuddapah","Cuddapah","Andhra Pradesh"
"T Sunduru","522318","Guntur","Guntur","Andhra Pradesh"
"Tada","524401","Nellore","Nellore","Andhra Pradesh"
"Tadapatri","515411","Anantapur","Anantapur","Andhra Pradesh"
"Tadbun","500264","Hyderabad","Hyderabad","Andhra Pradesh"
"Tadepalle","522501","Guntur","Guntur","Andhra Pradesh"
"Tadepalligudem","534101","West Godavari","Tadepalligudem","Andhra Pradesh"
"Tadepalligudem Bazar","534102","West Godavari","West Godavari","Andhra Pradesh"
"Tadi Marri","515631","Anantapur","Anantapur","Andhra Pradesh"
"Tadia Pally","509227","Mahboobnagar","Mahboobnagar","Andhra Pradesh"
"Tadikal","505474","Karimnagar","Karimnagar","Andhra Pradesh"
"Tadikonda","522236","Guntur","Guntur","Andhra Pradesh"
"Tadimalla","534305","West Godavari","West Godavari","Andhra Pradesh"
"Tadoor","505405","Karimnagar","Karimnagar","Andhra Pradesh"
"Tadpatri Bazar","515411","Anantapur","Anantapur","Andhra Pradesh"
"Tadpatri Bus Stand","515411","Anantapur","Anantapur","Andhra Pradesh"
"Tadpatri Extn","515411","Anantapur","Anantapur","Andhra Pradesh"
"Tagarampudi Sitha","515411","Anantapur","Anantapur","Andhra Pradesh"
"Tagarikanaka","500002","Hyderabad","Hyderabad","Andhra Pradesh"
"Taksila","509155","Mahboobnagar","Mahboobnagar","Andhra Pradesh"
"Tala Konda Palli","509328","Mahboobnagar","Mahboobnagar","Andhra Pradesh"
"Talla Palle","516350","Cuddapah","Cuddapah","Andhra Pradesh"
"Talla Proddatur","516474","Cuddapah","Cuddapah","Andhra Pradesh"
"Talla Pudi","534341","West Godavari","West Godavari","Andhra Pradesh"
"Talla Revu","533463","East Godavari","East Godavari","Andhra Pradesh"
"Tallada","507167","Khammam","Khammam","Andhra Pradesh"
"Tallam Pahad","507170","Khammam","Khammam","Andhra Pradesh"
"Tallapaka","516134","Cuddapah","Cuddapah","Andhra Pradesh"
"Talluru","523264","Prakasam","Prakasam","Andhra Pradesh"
"Talmadla","503103","Nizamabad","Nizamabad","Andhra Pradesh"
"Taluk Office Road","533216","East Godavari","East Godavari","Andhra Pradesh"
"Taluka Office","522101","Guntur","Guntur","Andhra Pradesh"
"Talupula","515581","Anantapur","Anantapur","Andhra Pradesh"
"Talupula","517215","Chittoor","Chittoor","Andhra Pradesh"
"Tamrisa","521327","Krishna","Krishna","Andhra Pradesh"
"Tamsi","504312","Adilabad","Adilabad","Andhra Pradesh"
"Tanakallu","515571","Anantapur","Anantapur","Andhra Pradesh"
"Tandur","504272","Adilabad","Tandur","Andhra Pradesh"
"Tandur","501141","Ranga Reddy","Tandur","Andhra Pradesh"
"Tangal","509171","Mahboobnagar","Mahboobnagar","Andhra Pradesh"
"Tangellamudi","534005","West Godavari","West Godavari","Andhra Pradesh"
"Tangutoor","508101","Nalgonda","Nalgonda","Andhra Pradesh"
"Tangutur","516151","Cuddapah","Cuddapah","Andhra Pradesh"
"Tanguturu","523274","Prakasam","Prakasam","Andhra Pradesh"
"Tanguturu Bus Stand","523274","Prakasam","Prakasam","Andhra Pradesh"
"Tanikella","507305","Khammam","Khammam","Andhra Pradesh"
"Tanuku","534211","West Godavari","Tanuku","Andhra Pradesh"
"Tanuku Bazar","534211","West Godavari","West Godavari","Andhra Pradesh"
"Tanuku Old Town","534211","West Godavari","West Godavari","Andhra Pradesh"
"Tapeswaram","533340","East Godavari","East Godavari","Andhra Pradesh"
"Tari Gonda","517291","Chittoor","Chittoor","Andhra Pradesh"
"Tarimela","515611","Anantapur","Anantapur","Andhra Pradesh"
"Tarlapadu","523332","Prakasam","Prakasam","Andhra Pradesh"
"Tarnaka","500017","Hyderabad","Hyderabad","Andhra Pradesh"
"Tati Parthy","501527","Ranga Reddy","Ranga Reddy","Andhra Pradesh"
"Tati Parti","509212","Mahboobnagar","Mahboobnagar","Andhra Pradesh"
"Tatikunta","509138","Mahboobnagar","Mahboobnagar","Andhra Pradesh"
"Tatipaka","533249","East Godavari","East Godavari","Andhra Pradesh"
"Tatipamula","508365","Nalgonda","Nalgonda","Andhra Pradesh"
"Tekkali","532201","Srikakulam","Srikakulam","Andhra Pradesh"
"Tekke","518501","Kurnool","Kurnool","Andhra Pradesh"
"Tekmal","502302","Medak","Medak","Andhra Pradesh"
"Tekulapalli","507123","Khammam","Khammam","Andhra Pradesh"
"Tekulapalli","501205","Ranga Reddy","Ranga Reddy","Andhra Pradesh"
"Tekulasomaram","508285","Nalgonda","Nalgonda","Andhra Pradesh"
"Tekurpet","516505","Cuddapah","Cuddapah","Andhra Pradesh"
"Telaprolu","521109","Krishna","Krishna","Andhra Pradesh"
"Tella Padu","523263","Prakasam","Prakasam","Andhra Pradesh"
"Tellapadu","523263","Prakasam","Prakasam","Andhra Pradesh"
"Temburu","532208","Srikakulam","Srikakulam","Andhra Pradesh"
"Temple Street","506164","Warangal","Warangal","Andhra Pradesh"
"Tenali","522201","Guntur","Tenali","Andhra Pradesh"
"Tenali Bazar","522201","Guntur","Guntur","Andhra Pradesh"
"Tenneru","521301","Krishna","Krishna","Andhra Pradesh"
"Tettu Palle","517199","Chittoor","Chittoor","Andhra Pradesh"
"Thadi Kala Pudi","534452","West Godavari","West Godavari","Andhra Pradesh"
"Thalambedu","517143","Chittoor","Chittoor","Andhra Pradesh"
"Thamballapalle","517418","Chittoor","Chittoor","Andhra Pradesh"
"Thandlam","517503","Chittoor","Chittoor","Andhra Pradesh"
"Thankalam","503203","Nizamabad","Nizamabad","Andhra Pradesh"
"Thatigunta Palem","517145","Chittoor","Chittoor","Andhra Pradesh"
"Thavanampalle","517133","Chittoor","Chittoor","Andhra Pradesh"
"Theertham","517431","Chittoor","Chittoor","Andhra Pradesh"
"Thelakapally","509385","Mahboobnagar","Mahboobnagar","Andhra Pradesh"
"Therlam","532126","Srikakulam","Srikakulam","Andhra Pradesh"
"Thimmapuram","518512","Kurnool","Kurnool","Andhra Pradesh"
"Thimmasamdram","523189","Prakasam","Prakasam","Andhra Pradesh"
"Thimmayyagari Palle","516131","Cuddapah","Cuddapah","Andhra Pradesh"
"Thokalapudi","524407","Nellore","Nellore","Andhra Pradesh"
"Thondamanadu","517641","Chittoor","Chittoor","Andhra Pradesh"
"Thondangi","533408","East Godavari","East Godavari","Andhra Pradesh"
"Thondavada","517515","Chittoor","Chittoor","Andhra Pradesh"
"Thota Palle","522275","Guntur","Guntur","Andhra Pradesh"
"Thota Palli","505530","Kurnool","Kurnool","Andhra Pradesh"
"Thotapalli Gudur","524311","Nellore","Nellore","Andhra Pradesh"
"Thotla Vallur","521163","Krishna","Krishna","Andhra Pradesh"
"Throvagunta","523262","Prakasam","Prakasam","Andhra Pradesh"
"Thulluru","522237","Guntur","Guntur","Andhra Pradesh"
"Thummakur","509359","Mahboobnagar","Mahboobnagar","Andhra Pradesh"
"Thunga Bhadra","518397","Kurnool","Kurnool","Andhra Pradesh"
"Thunga Pahad","508383","Nalgonda","Nalgonda","Andhra Pradesh"
"Thunga Thurthi","508280","Nalgonda","Nalgonda","Andhra Pradesh"
"Thungundram","517421","Chittoor","Chittoor","Andhra Pradesh"
"Thurupupalem","523001","Prakasam","Prakasam","Andhra Pradesh"
"Tilaru R S","532474","Srikakulam","Srikakulam","Andhra Pradesh"
"Timmaji Pet","509406","Mahboobnagar","Mahboobnagar","Andhra Pradesh"
"Timmanacherla","515801","Anantapur","Anantapur","Andhra Pradesh"
"Timmapur","508222","Nalgonda","Nalgonda","Andhra Pradesh"
"Timmapur","503227","Nizamabad","Nizamabad","Andhra Pradesh"
"Timmineni Palem","507216","Khammam","Khammam","Andhra Pradesh"
"Tippapur","503103","Nizamabad","Nizamabad","Andhra Pradesh"
"Tipparthi","508247","Nalgonda","Nalgonda","Andhra Pradesh"
"Tirmaldev Gutta","509001","Mahboobnagar","Mahboobnagar","Andhra Pradesh"
"Tirpalli","504001","Adilabad","Adilabad","Andhra Pradesh"
"Tiruchanoor","517503","Chittoor","Chittoor","Andhra Pradesh"
"Tirumala","517504","Chittoor","Tirumala","Andhra Pradesh"
"Tirumala North","517504","Chittoor","Chittoor","Andhra Pradesh"
"Tirumala West","517504","Chittoor","Chittoor","Andhra Pradesh"
"Tirumalagiri","508223","Nalgonda","Nalgonda","Andhra Pradesh"
"Tirumalayapalem","507163","Khammam","Khammam","Andhra Pradesh"
"Tirupati","517501","Chittoor","Tirupati","Andhra Pradesh"
"Tirupati Bazar","517501","Chittoor","Chittoor","Andhra Pradesh"
"Tirupati East","517501","Chittoor","Chittoor","Andhra Pradesh"
"Tirupati Market","517501","Chittoor","Chittoor","Andhra Pradesh"
"Tirupati North","517507","Chittoor","Chittoor","Andhra Pradesh"
"Tirupati South","517501","Chittoor","Chittoor","Andhra Pradesh"
"Tirupati West","517501","Chittoor","Chittoor","Andhra Pradesh"
"Tiruvuru","521235","Krishna","Krishna","Andhra Pradesh"
"Tiruvuru Bazar","521235","Krishna","Krishna","Andhra Pradesh"
"Tiruvuru Factory Centre","521235","Krishna","Krishna","Andhra Pradesh"
"Togarpalli","502288","Medak","Medak","Andhra Pradesh"
"Togarrai","508351","Nalgonda","Nalgonda","Andhra Pradesh"
"Togarrai","506331","Warangal","Warangal","Andhra Pradesh"
"Togatta","502104","Medak","Medak","Andhra Pradesh"
"Tokapalli","523320","Prakasam","Prakasam","Andhra Pradesh"
"Tondur","516401","Cuddapah","Cuddapah","Andhra Pradesh"
"Toompalli","503166","Nizamabad","Nizamabad","Andhra Pradesh"
"Toopran","502334","Medak","Medak","Andhra Pradesh"
"Toopran Bus Stand","502334","Medak","Medak","Andhra Pradesh"
"Torredu","533293","East Godavari","East Godavari","Andhra Pradesh"
"Torrur","506163","Warangal","Warangal","Andhra Pradesh"
"Town","502110","Medak","Medak","Andhra Pradesh"
"Town","532001","Srikakulam","Srikakulam","Andhra Pradesh"
"Town Bhongir","508116","Nalgonda","Nalgonda","Andhra Pradesh"
"Town Shop","506172","Warangal","Warangal","Andhra Pradesh"
"Townjadcherla","509302","Mahboobnagar","Mahboobnagar","Andhra Pradesh"
"Township","504003","Adilabad","Adilabad","Andhra Pradesh"
"Township","500037","Hyderabad","Hyderabad","Andhra Pradesh"
"Trimulcherry","500015","Hyderabad","Hyderabad","Andhra Pradesh"
"Tripurantakam","523326","Prakasam","Prakasam","Andhra Pradesh"
"Trunk Road","522004","Guntur","Guntur","Andhra Pradesh"
"Trunk Road","507003","Khammam","Khammam","Andhra Pradesh"
"Trunk Road","524001","Nellore","Nellore","Andhra Pradesh"
"Trunk Road","523001","Prakasam","Prakasam","Andhra Pradesh"
"Trunk Road Junction","533103","East Godavari","East Godavari","Andhra Pradesh"
"Tubadu","522238","Guntur","Guntur","Andhra Pradesh"
"Tuggali","518390","Kurnool","Kurnool","Andhra Pradesh"
"Tumki Metla","509346","Mahboobnagar","Mahboobnagar","Andhra Pradesh"
"Tumma Pala","531032","Srikakulam","Srikakulam","Andhra Pradesh"
"Tummala Cheruvu","523371","Prakasam","Prakasam","Andhra Pradesh"
"Tummala Guda","508142","Nalgonda","Nalgonda","Andhra Pradesh"
"Tummuluru","522292","Guntur","Guntur","Andhra Pradesh"
"Turangi","533016","East Godavari","East Godavari","Andhra Pradesh"
"Turimela","522312","Guntur","Guntur","Andhra Pradesh"
"Turkalamaddikunta","505173","Karimnagar","Karimnagar","Andhra Pradesh"
"Turkapalli","508116","Nalgonda","Nalgonda","Andhra Pradesh"
"Turkayamjal","501537","Ranga Reddy","Ranga Reddy","Andhra Pradesh"
"Turmamidi","501156","Ranga Reddy","Ranga Reddy","Andhra Pradesh"
"Turmella","523372","Prakasam","Prakasam","Andhra Pradesh"
"Turners Choultry","530002","Vishakhapatnam","Vishakhapatnam","Andhra Pradesh"
"Ualavapadu","523292","Prakasam","Prakasam","Andhra Pradesh"
"Udayagiri","524226","Nellore","Nellore","Andhra Pradesh"
"Udegolam","515867","Anantapur","Anantapur","Andhra Pradesh"
"Ulchal","518018","Kurnool","Kurnool","Andhra Pradesh"
"Ulli Thota","533101","East Godavari","East Godavari","Andhra Pradesh"
"Uma Gold Covering Works","521001","Krishna","Krishna","Andhra Pradesh"
"Undevally","509153","Mahboobnagar","Mahboobnagar","Andhra Pradesh"
"Undi","534199","East Godavari","East Godavari","Andhra Pradesh"
"Uppada","533448","East Godavari","East Godavari","Andhra Pradesh"
"Uppal","500039","Hyderabad","Hyderabad","Andhra Pradesh"
"Uppal","505101","Kurnool","Kurnool","Andhra Pradesh"
"Uppal Camp","509135","Mahboobnagar","Mahboobnagar","Andhra Pradesh"
"Uppalaguptam","533227","East Godavari","East Godavari","Andhra Pradesh"
"Uppalapadu","523253","Prakasam","Prakasam","Andhra Pradesh"
"Uppalapadu","523279","Prakasam","Prakasam","Andhra Pradesh"
"Upparapalle","516365","Cuddapah","Cuddapah","Andhra Pradesh"
"Uppaugundur","523186","Prakasam","Prakasam","Andhra Pradesh"
"Uppnunthala","509376","Mahboobnagar","Mahboobnagar","Andhra Pradesh"
"Uppuguda","500253","Hyderabad","Hyderabad","Andhra Pradesh"
"Urlam","532425","Srikakulam","Srikakulam","Andhra Pradesh"
"Urutur","516311","Cuddapah","Cuddapah","Andhra Pradesh"
"Urvakonda","515812","Anantapur","Anantapur","Andhra Pradesh"
"Uthloor","502307","Medak","Medak","Andhra Pradesh"
"Utkur","509311","Mahboobnagar","Mahboobnagar","Andhra Pradesh"
"Utnoor","509137","Mahboobnagar","Mahboobnagar","Andhra Pradesh"
"Uttarvalli","532124","Srikakulam","Srikakulam","Andhra Pradesh"
"Utukuru","516119","Cuddapah","Cuddapah","Andhra Pradesh"
"V G T Bazar","524132","Nellore","Nellore","Andhra Pradesh"
"V Kothapalem","521124","Krishna","Krishna","Andhra Pradesh"
"V Markal","509416","Mahboobnagar","Mahboobnagar","Andhra Pradesh"
"Vablapur","505413","Karimnagar","Karimnagar","Andhra Pradesh"
"Vadada","532137","Srikakulam","Srikakulam","Andhra Pradesh"
"Vaddadi","531026","Vishakhapatnam","Vishakhapatnam","Andhra Pradesh"
"Vaddavalli","522403","Guntur","Guntur","Andhra Pradesh"
"Vaddi Rala","516432","Cuddapah","Cuddapah","Andhra Pradesh"
"Vagapalli","505102","Karimnagar","Karimnagar","Andhra Pradesh"
"Vailpur","503311","Nizamabad","Nizamabad","Andhra Pradesh"
"Vaim Palle","516329","Cuddapah","Cuddapah","Andhra Pradesh"
"Vajrakarur","515832","Anantapur","Anantapur","Andhra Pradesh"
"Vakadu","524415","Nellore","Nellore","Andhra Pradesh"
"Valaparla","523260","Prakasam","Prakasam","Andhra Pradesh"
"Vali Gonda","508112","Nalgonda","Nalgonda","Andhra Pradesh"
"Vallabhapuram","522290","Guntur","Guntur","Andhra Pradesh"
"Vallabharao Palem","522125","Guntur","Guntur","Andhra Pradesh"
"Vallur","509151","Mahboobnagar","Mahboobnagar","Andhra Pradesh"
"Vallurivari Road","522002","Guntur","Guntur","Andhra Pradesh"
"Valluru","516293","Cuddapah","Cuddapah","Andhra Pradesh"
"Valluru","523272","Prakasam","Prakasam","Andhra Pradesh"
"Valmikinagar","503001","Nizamabad","Nizamabad","Andhra Pradesh"
"Vamasthli Puram","500661","Hyderabad","Hyderabad","Andhra Pradesh"
"Vanamaladinne","517250","Chittoor","Chittoor","Andhra Pradesh"
"Vanapalli","533228","East Godavari","East Godavari","Andhra Pradesh"
"Vanavolu","515232","Anantapur","Anantapur","Andhra Pradesh"
"Vanavolu","500661","Hyderabad","Hyderabad","Andhra Pradesh"
"Vangara","505480","Karimnagar","Karimnagar","Andhra Pradesh"
"Vangoor","509349","Mahboobnagar","Mahboobnagar","Andhra Pradesh"
"Vannel B","503313","Nizamabad","Nizamabad","Andhra Pradesh"
"Vanukuru","521155","Krishna","Krishna","Andhra Pradesh"
"Varadia Palem","517541","Chittoor","Chittoor","Andhra Pradesh"
"Vari Kunta Padu","524227","Nellore","Nellore","Andhra Pradesh"
"Varna","509113","Mahboobnagar","Mahboobnagar","Andhra Pradesh"
"Varni","503201","Nizamabad","Nizamabad","Andhra Pradesh"
"Vartur","508286","Nalgonda","Nalgonda","Andhra Pradesh"
"Vatsavai","521402","Krishna","Krishna","Andhra Pradesh"
"Vavilal","505475","Karimnagar","Karimnagar","Andhra Pradesh"
"Vayalpad","517299","Chittoor","Chittoor","Andhra Pradesh"
"Vedamvari Agraharam","524001","Nellore","Nellore","Andhra Pradesh"
"Veena Vanka","505502","Karimnagar","Karimnagar","Andhra Pradesh"
"Veer Savarkar Marg","500027","Hyderabad","Hyderabad","Andhra Pradesh"
"Veera Balle","516268","Cuddapah","Cuddapah","Andhra Pradesh"
"Veera Valli","521110","Krishna","Krishna","Andhra Pradesh"
"Veeraghattam","532460","Srikakulam","Srikakulam","Andhra Pradesh"
"Veeranki Lock","521250","Krishna","Krishna","Andhra Pradesh"
"Veeranna Cattupalle","516330","Cuddapah","Cuddapah","Andhra Pradesh"
"Veerannapeta","509001","Mahboobnagar","Mahboobnagar","Andhra Pradesh"
"Veerappanayuni Palle","516321","Cuddapah","Cuddapah","Andhra Pradesh"
"Veerbhadra Puram","533105","East Godavari","East Godavari","Andhra Pradesh"
"Veerlapalli","509433","Mahboobnagar","Mahboobnagar","Andhra Pradesh"
"Vegeswara Puram","534340","West Godavari","West Godavari","Andhra Pradesh"
"Velaga Palli","534206","West Godavari","West Godavari","Andhra Pradesh"
"Velagalapalli","534459","West Godavari","West Godavari","Andhra Pradesh"
"Velair Padu","507141","Khammam","Khammam","Andhra Pradesh"
"Velandapalem","521002","Krishna","Krishna","Andhra Pradesh"
"Velangi","533260","East Godavari","East Godavari","Andhra Pradesh"
"Velapadi","532001","Srikakulam","Srikakulam","Andhra Pradesh"
"Velchal","501110","Ranga Reddy","Ranga Reddy","Andhra Pradesh"
"Veldanda","509360","Mahboobnagar","Mahboobnagar","Andhra Pradesh"
"Veldurthi","518216","Kurnool","Kurnool","Andhra Pradesh"
"Velgode","518533","Kurnool","Kurnool","Andhra Pradesh"
"Veli Gallu","517298","Chittoor","Chittoor","Andhra Pradesh"
"Veli Gandla","523224","Prakasam","Prakasam","Andhra Pradesh"
"Velkur","517138","Chittoor","Chittoor","Andhra Pradesh"
"Vellampalli","523219","Prakasam","Prakasam","Andhra Pradesh"
"Vellapalem","533262","East Godavari","East Godavari","Andhra Pradesh"
"Vellatur","516219","Cuddapah","Cuddapah","Andhra Pradesh"
"Vellatur","522257","Guntur","Guntur","Andhra Pradesh"
"Vellatur Vkd","522657","Guntur","Guntur","Andhra Pradesh"
"Vellore","532001","Srikakulam","Srikakulam","Andhra Pradesh"
"Vellore South","532001","Srikakulam","Srikakulam","Andhra Pradesh"
"Velpuru","534222","West Godavari","West Godavari","Andhra Pradesh"
"Velupucherla","534003","West Godavari","West Godavari","Andhra Pradesh"
"Vemavaram","534272","West Godavari","West Godavari","Andhra Pradesh"
"Vemgal Raja Kuppam","517599","Chittoor","Chittoor","Andhra Pradesh"
"Vemsur","507164","Khammam","Khammam","Andhra Pradesh"
"Vemula","516349","Cuddapah","Cuddapah","Andhra Pradesh"
"Vemula Kota","523329","Prakasam","Prakasam","Andhra Pradesh"
"Vemula Palli","508217","Nalgonda","Nalgonda","Andhra Pradesh"
"Vemula Pudi","531117","Vishakhapatnam","Vishakhapatnam","Andhra Pradesh"
"Vemula Vada Sankepalli","505302","Karimnagar","Karimnagar","Andhra Pradesh"
"Vemur","522261","Guntur","Guntur","Andhra Pradesh"
"Venapursa Palli","515466","Anantapur","Anantapur","Andhra Pradesh"
"Vendira","505459","Karimnagar","Karimnagar","Andhra Pradesh"
"Vendodu","534134","West Godavari","West Godavari","Andhra Pradesh"
"Vengalra0 Nagar Hyd","500890","Hyderabad","Hyderabad","Andhra Pradesh"
"Vengayagudem","534001","West Godavari","West Godavari","Andhra Pradesh"
"Venkata Ramanna Gudem","534108","West Godavari","West Godavari","Andhra Pradesh"
"Venkata Rao Peta Eluru","534002","West Godavari","West Godavari","Andhra Pradesh"
"Venkatagiri Kota","517424","Chittoor","Chittoor","Andhra Pradesh"
"Venkatagiri Town","524132","Nellore","Nellore","Andhra Pradesh"
"Venkatapur","501535","Ranga Reddy","Ranga Reddy","Andhra Pradesh"
"Venkatapuram","500015","Hyderabad","Hyderabad","Andhra Pradesh"
"Venkatapuram","507136","Khammam","Khammam","Andhra Pradesh"
"Venkatapuram","507176","Khammam","Khammam","Andhra Pradesh"
"Venkatayapalem","507318","Khammam","Khammam","Andhra Pradesh"
"Venkatesh Khani","507103","Khammam","Khammam","Andhra Pradesh"
"Venkateshwaranagar","508250","Nalgonda","Nalgonda","Andhra Pradesh"
"Venkateswrapuram","507103","Khammam","Khammam","Andhra Pradesh"
"Venkatraju Palle","516111","Cuddapah","Cuddapah","Andhra Pradesh"
"Venkatraprageda","521263","Krishna","Krishna","Andhra Pradesh"
"Venkatraya Puram","534215","West Godavari","West Godavari","Andhra Pradesh"
"Venugopalaswamy Chowk","520001","Krishna","Krishna","Andhra Pradesh"
"Venuthana Palli","517117","Chittoor","Chittoor","Andhra Pradesh"
"Vepada","531281","Vishakhapatnam","Vishakhapatnam","Andhra Pradesh"
"Vepagunta","517584","Chittoor","Vepagunta","Andhra Pradesh"
"Vepakuntala","517584","Chittoor","Chittoor","Andhra Pradesh"
"Veparala","516440","Cuddapah","Cuddapah","Andhra Pradesh"
"Veta Palem","523187","Prakasam","Prakasam","Andhra Pradesh"
"Vetla Palem","533434","East Godavari","East Godavari","Andhra Pradesh"
"Vidapanakallu Gowinda Wa","515870","Anantapur","Anantapur","Andhra Pradesh"
"Vidavalur","524318","Nellore","Nellore","Andhra Pradesh"
"Vidhana S-Bha","500486","Hyderabad","Hyderabad","Andhra Pradesh"
"Vidya Bhavan","530003","Vishakhapatnam","Vishakhapatnam","Andhra Pradesh"
"Vidyanagar","500044","Hyderabad","Hyderabad","Andhra Pradesh"
"Vidyanagar","524413","Nellore","Nellore","Andhra Pradesh"
"Vidyaranya Puri","506009","Warangal","Warangal","Andhra Pradesh"
"Vijayada Railway","520001","Krishna","Krishna","Andhra Pradesh"
"Vijayalakshmipuram","522101","Guntur","Guntur","Andhra Pradesh"
"Vijayanagar Colony","500457","Hyderabad","Hyderabad","Andhra Pradesh"
"Vijayapuri North","508203","Nalgonda","Nalgonda","Andhra Pradesh"
"Vijayapuri South","522439","Guntur","Guntur","Andhra Pradesh"
"Vijayawada","520001","Krishna","Vijayawada","Andhra Pradesh"
"Vijayawada Bus Stand","520002","Krishna","Krishna","Andhra Pradesh"
"Vijayawada Railway Statio","520001","Krishna","Krishna","Andhra Pradesh"
"Vijayawada Thermal Statio","521456","Krishna","Krishna","Andhra Pradesh"
"Vikarabad","501101","Ranga Reddy","Ranga Reddy","Andhra Pradesh"
"Vikasnagar","500593","Hyderabad","Hyderabad","Andhra Pradesh"
"Vilasa","533577","East Godavari","East Godavari","Andhra Pradesh"
"Vilasavilli","533554","East Godavari","East Godavari","Andhra Pradesh"
"Vinaiknagar","503001","Nizamabad","Nizamabad","Andhra Pradesh"
"Vinayakapuram","517002","Chittoor","Chittoor","Andhra Pradesh"
"Vinjamur","524228","Nellore","Nellore","Andhra Pradesh"
"Virur","524309","Nellore","Nellore","Andhra Pradesh"
"Visakha","530004","Vishakhapatnam","Vishakhapatnam","Andhra Pradesh"
"Visakhapatnam","530001","Vishakhapatnam","Visakhapatnam","Andhra Pradesh"
"Visakhapatnam Bus Station","530020","Vishakhapatnam","Vishakhapatnam","Andhra Pradesh"
"Visakhapatnam Naval Base","530014","Vishakhapatnam","Vishakhapatnam","Andhra Pradesh"
"Visakhapatnam Port","530035","Vishakhapatnam","Vishakhapatnam","Andhra Pradesh"
"Visakhapatnam Steel Proje","530031","Vishakhapatnam","Vishakhapatnam","Andhra Pradesh"
"Visakhapatnam Zinc","530015","Vishakhapatnam","Vishakhapatnam","Andhra Pradesh"
"Visawanadha Palli","521122","Krishna","Krishna","Andhra Pradesh"
"Vishakhapatnam","530019","Vishakhapatnam","Vishakhapatnam","Andhra Pradesh"
"Vishakhapatnam","530039","Vishakhapatnam","Vishakhapatnam","Andhra Pradesh"
"Viss Koderu","534244","West Godavari","West Godavari","Andhra Pradesh"
"Vissannapet","521215","Krishna","Krishna","Andhra Pradesh"
"Vittal Nagar","505214","Karimnagar","Karimnagar","Andhra Pradesh"
"Vittalnagar","523157","Prakasam","Prakasam","Andhra Pradesh"
"Vivekanandnagar","500660","Hyderabad","Hyderabad","Andhra Pradesh"
"Vizanagaram Cantt","531203","Vizianagaram","Vizianagaram","Andhra Pradesh"
"Vizianagaram","521338","Vizianagaram","Vizianagaram","Andhra Pradesh"
"Vizianagaram","522608","Vizianagaram","Vizianagaram","Andhra Pradesh"
"Vizianagaram","530030","Vizianagaram","Vizianagaram","Andhra Pradesh"
"Vizianagaram","531091","Vizianagaram","Vizianagaram","Andhra Pradesh"
"Vizianagaram","532599","Vizianagaram","Vizianagaram","Andhra Pradesh"
"Vizianagaram","532612","Vizianagaram","Vizianagaram","Andhra Pradesh"
"Vizianagaram","532617","Vizianagaram","Vizianagaram","Andhra Pradesh"
"Vizianagaram","532663","Vizianagaram","Vizianagaram","Andhra Pradesh"
"Vizianagaram","531202","Vizianagaram","Vizianagaram","Andhra Pradesh"
"Vizianagaram City","531201","Vizianagaram","Vizianagaram","Andhra Pradesh"
"Vogilli","524402","Nellore","Nellore","Andhra Pradesh"
"Voleru","522282","Guntur","Guntur","Andhra Pradesh"
"Vonti Mitta","516213","Cuddapah","Cuddapah","Andhra Pradesh"
"Voorhees College","532001","Srikakulam","Srikakulam","Andhra Pradesh"
"Vubalanka","533237","East Godavari","East Godavari","Andhra Pradesh"
"Vudumudi","533277","Warangal","Warangal","Andhra Pradesh"
"Vulli Palem","522278","Guntur","Guntur","Andhra Pradesh"
"Vundrajavaram","534216","West Godavari","West Godavari","Andhra Pradesh"
"Vungutur","521312","Krishna","Krishna","Andhra Pradesh"
"Vungutur","534411","West Godavari","West Godavari","Andhra Pradesh"
"Vunukuru","532122","Srikakulam","Srikakulam","Andhra Pradesh"
"Vuyyalawada","518155","Kurnool","Kurnool","Andhra Pradesh"
"Vuyyuru","521165","Krishna","Krishna","Andhra Pradesh"
"Vuyyuru Bazar","521165","Krishna","Krishna","Andhra Pradesh"
"Vuyyuru College","521165","Krishna","Krishna","Andhra Pradesh"
"Vuyyuru East","521165","Krishna","Krishna","Andhra Pradesh"
"Vyasasramam","517621","Chittoor","Chittoor","Andhra Pradesh"
"Vzm Bazar","531202","Vizianagaram","Vizianagaram","Andhra Pradesh"
"Vzm Bus Stand","531203","Vizianagaram","Vizianagaram","Andhra Pradesh"
"Vzm Collectorate","531203","Vizianagaram","Vizianagaram","Andhra Pradesh"
"Vzm Fort","531202","Vizianagaram","Vizianagaram","Andhra Pradesh"
"Vzm Market","531201","Vizianagaram","Vizianagaram","Andhra Pradesh"
"Vzm R S","531203","Vizianagaram","Vizianagaram","Andhra Pradesh"
"Wadapally","508355","Nalgonda","Nalgonda","Andhra Pradesh"
"Waddekothapalle","506318","Warangal","Warangal","Andhra Pradesh"
"Waddepalli","509144","Mahboobnagar","Mahboobnagar","Andhra Pradesh"
"Waddepalli","506370","Warangal","Warangal","Andhra Pradesh"
"Waddicherla Nawabpet","506303","Warangal","Warangal","Andhra Pradesh"
"Wagon Work Shop","506303","Warangal","Warangal","Andhra Pradesh"
"Wahab Chowk","522201","Guntur","Guntur","Andhra Pradesh"
"Wakndi","504295","Adilabad","Adilabad","Andhra Pradesh"
"Wallaee Street","500001","Hyderabad","Hyderabad","Andhra Pradesh"
"Waltair Rs","530004","Vishakhapatnam","Vishakhapatnam","Andhra Pradesh"
"Wanaparthi","508116","Nalgonda","Wanaparthi","Andhra Pradesh"
"Wanaparthy","509103","Mahboobnagar","Mahboobnagar","Andhra Pradesh"
"Wangopalli","508286","Nalgonda","Nalgonda","Andhra Pradesh"
"Wankdi","504321","Adilabad","Adilabad","Andhra Pradesh"
"Warangal","506002","Warangal","Warangal","Andhra Pradesh"
"Wardhannapet","506313","Warangal","Warangal","Andhra Pradesh"
"Weavers Colony","533105","East Godavari","East Godavari","Andhra Pradesh"
"Weavers Colony","522503","Guntur","Guntur","Andhra Pradesh"
"Wednesday Market","534301","West Godavari","West Godavari","Andhra Pradesh"
"West Godavari","534015","West Godavari","West Godavari","Andhra Pradesh"
"West Maredpalli","500026","Hyderabad","Hyderabad","Andhra Pradesh"
"Western Street","534001","West Godavari","West Godavari","Andhra Pradesh"
"Woolapalem","523104","Prakasam","Prakasam","Andhra Pradesh"
"Wynchipeta","520001","Krishna","Krishna","Andhra Pradesh"
"Wyra","507165","Khammam","Khammam","Andhra Pradesh"
"X Road Kodad","508206","Nalgonda","Nalgonda","Andhra Pradesh"
"Y R Old Town","503122","Nizamabad","Nizamabad","Andhra Pradesh"
"Y Ramavaram","533583","East Godavari","East Godavari","Andhra Pradesh"
"Yacharam","501509","Ranga Reddy","Ranga Reddy","Andhra Pradesh"
"Yadammarri","517422","Chittoor","Chittoor","Andhra Pradesh"
"Yadgar Palli","508115","Nalgonda","Nalgonda","Andhra Pradesh"
"Yadiki","515408","Anantapur","Anantapur","Andhra Pradesh"
"Yakutpura","500023","Hyderabad","Hyderabad","Andhra Pradesh"
"Yalal","501144","Ranga Reddy","Ranga Reddy","Andhra Pradesh"
"Yallur","518573","Kurnool","Kurnool","Andhra Pradesh"
"Yarraguntla Kota","516114","Cuddapah","Cuddapah","Andhra Pradesh"
"Yeditha","533234","East Godavari","Yeditha","Andhra Pradesh"
"Yedugundla Padu","523269","Prakasam","Prakasam","Andhra Pradesh"
"Yekmai","501150","Ranga Reddy","Ranga Reddy","Andhra Pradesh"
"Yelesraram","533429","East Godavari","East Godavari","Andhra Pradesh"
"Yelkadurthi","505476","Karimnagar","Karimnagar","Andhra Pradesh"
"Yelkur","509143","Mahboobnagar","Mahboobnagar","Andhra Pradesh"
"Yella Reddy","503122","Nizamabad","Nizamabad","Andhra Pradesh"
"Yella Siri","524127","Nellore","Nellore","Andhra Pradesh"
"Yellaandu Colleries","507124","Khammam","Khammam","Andhra Pradesh"
"Yellamanchili","531055","Vishakhapatnam","Vishakhapatnam","Andhra Pradesh"
"Yellammagutta","500003","Hyderabad","Hyderabad","Andhra Pradesh"
"Yellampalle Santha Gate","517165","Chittoor","Chittoor","Andhra Pradesh"
"Yellandu","507123","Khammam","Yellandu","Andhra Pradesh"
"Yellandu Cross Rd","507002","Khammam","Khammam","Andhra Pradesh"
"Yellanur","515465","Anantapur","Anantapur","Andhra Pradesh"
"Yellapuvanipalem","530027","Vishakhapatnam","Vishakhapatnam","Andhra Pradesh"
"Yellaya Palem","524319","Nellore","Nellore","Andhra Pradesh"
"Yellikal","509431","Mahboobnagar","Mahboobnagar","Andhra Pradesh"
"Yelmakanna","502323","Medak","Medak","Andhra Pradesh"
"Yeluru Padu","534236","West Godavari","West Godavari","Andhra Pradesh"
"Yemmiganur","518360","Kurnool","Yemmiganur","Andhra Pradesh"
"Yemmiganur Bazar","518360","Kurnool","Kurnool","Andhra Pradesh"
"Yendagandi","534186","West Godavari","West Godavari","Andhra Pradesh"
"Yenkaram","501106","Ranga Reddy","Ranga Reddy","Andhra Pradesh"
"Yenkatla","501206","Ranga Reddy","Ranga Reddy","Andhra Pradesh"
"Yenkepalli","501106","Ranga Reddy","Ranga Reddy","Andhra Pradesh"
"Yerpedu","517619","Chittoor","Chittoor","Andhra Pradesh"
"Yerra Mukkapalli Cuddapah","516004","Cuddapah","Cuddapah","Andhra Pradesh"
"Yerra Pahad","503120","Nizamabad","Nizamabad","Andhra Pradesh"
"Yerraguntla","518510","Kurnool","Yerraguntla","Andhra Pradesh"
"Yerraguntla Kota","516114","Cuddapah","Cuddapah","Andhra Pradesh"
"Yerraguntla West","516309","Cuddapah","Cuddapah","Andhra Pradesh"
"Yerrangunta Palli","515412","Chittoor","Chittoor","Andhra Pradesh"
"Yerrangutla","516309","Cuddapah","Cuddapah","Andhra Pradesh"
"Yerravaripalem","517197","Chittoor","Chittoor","Andhra Pradesh"
"Yerrupalem","507201","Khammam","Khammam","Andhra Pradesh"
"Yerukala Cheruvu","518225","Kurnool","Kurnool","Andhra Pradesh"
"Yerur","518399","Kurnool","Kurnool","Andhra Pradesh"
"Yousufguda","500045","Hyderabad","Hyderabad","Andhra Pradesh"
"Yousufpet","502331","Medak","Medak","Andhra Pradesh"
"Zaffargadh","506316","Warangal","Warangal","Andhra Pradesh"
"Zahirabad","502220","Medak","Zahirabad","Andhra Pradesh"
"Zahirabad Bazar","502220","Medak","Medak","Andhra Pradesh"
"Zahirabad Gadi","502220","Medak","Medak","Andhra Pradesh"
"Zahirabvad Ganj","502220","Medak","Medak","Andhra Pradesh"
"Zamistanpur","500048","Hyderabad","Hyderabad","Andhra Pradesh"
"Zarasangam","502246","Medak","Medak","Andhra Pradesh"
"Zehera Pura","507003","Khammam","Khammam","Andhra Pradesh"
"Zilla Parishat","532001","Srikakulam","Srikakulam","Andhra Pradesh"
"Zinda Tilasmath","500013","Hyderabad","Hyderabad","Andhra Pradesh"
"Ziryatnagar","503224","Nizamabad","Nizamabad","Andhra Pradesh"
"Along","791001","West Siang","Along","Arunachal Pradesh"
"Anini","792101","Lohit","Tezu","Arunachal Pradesh"
"Basar","791101","West Siang","Basar","Arunachal Pradesh"
"Bhalukpong","790114","West Kameng","Bomdila","Arunachal Pradesh"
"Bomdila","790001","West Kameng","Bomdila","Arunachal Pradesh"
"Chowkham","792104","Lohit","Tezu","Arunachal Pradesh"
"Dirang","790101","West Kameng","Bomdila","Arunachal Pradesh"
"Doimukh","791112","Lower Subansiri","Ziro","Arunachal Pradesh"
"Doimukh","791112","Papum Pare","Itanagar","Arunachal Pradesh"
"East Siang","791103","East Siang","Pasighat","Arunachal Pradesh"
"East Siang","791104","East Siang","Pasighat","Arunachal Pradesh"
"Hayuliang","792102","Lohit","Tezu","Arunachal Pradesh"
"Itanagar","791111","Lower Subansiri","Ziro","Arunachal Pradesh"
"Itanagar","791111","Papum Pare","Itanagar","Arunachal Pradesh"
"Jairampur","792121","Tirap","Jairampur","Arunachal Pradesh"
"Kalaktang","790002","West Kameng","Bomdila","Arunachal Pradesh"
"Kimin","791121","Lower Subansiri","Ziro","Arunachal Pradesh"
"Lohit","792001","Lohit","Tezu","Arunachal Pradesh"
"Lower Subansiri","791113","Lower Subansiri","Ziro","Arunachal Pradesh"
"Lower Subansiri","791120","Lower Subansiri","Ziro","Arunachal Pradesh"
"Mechuka","792051","West Siang","Along","Arunachal Pradesh"
"Miao","792122","Tirap","Khonsa","Arunachal Pradesh"
"Nampong","792123","Tirap","Khonsa","Arunachal Pradesh"
"Namsai","792103","Lohit","Namsai","Arunachal Pradesh"
"Pasighat","791102","East Siang","Pasighat","Arunachal Pradesh"
"Roing","792110","Dibang Valley","Roing","Arunachal Pradesh"
"Seijussa","790103","East Kameng","Seppa","Arunachal Pradesh"
"Seppa","790102","East Kameng","Seppa","Arunachal Pradesh"
"Sunpura","792111","Lohit","Tezu","Arunachal Pradesh"
"Tirap","792120","Tirap","Khonsa","Arunachal Pradesh"
"Towang","790104","East Kameng","Seppa","Arunachal Pradesh"
"Tuting","792055","Tirap","Khonsa","Arunachal Pradesh"
"Upper Subansiri","791122","Upper Subansiri","Daporijo","Arunachal Pradesh"
"Vijoynagar","792055","Tirap","Khonsa","Arunachal Pradesh"
"Vijoynagar","792055","Changlang","Changlang","Arunachal Pradesh"
"West Kameng","790115","West Kameng","Bomdila","Arunachal Pradesh"
"Yingkiong","791002","Upper Siang","Yingkiong","Arunachal Pradesh"
"Abhayapuri","783384","Goalpara","Abhayapuri","Assam"
"Agamani","783335","Dhubri","Dhubri","Assam"
"Agia","783120","Goalpara","Goalpara","Assam"
"Alamganj","783339","Dhubri","Dhubri","Assam"
"Alisinga","784112","Sonitpur","Tezpur","Assam"
"Ambagan","782120","Nagaon","Nagaon","Assam"
"Ambasi Fatesil","781025","Kamrup","Guwahati","Assam"
"Amerigog","781023","Kamrup","Guwahati","Assam"
"Amguri","785680","Sonitpur","Amguri","Assam"
"Amguri Haloating","785681","Jorhat","Jorhat","Assam"
"Amingaon","781031","Kamrup","Guwahati","Assam"
"Amranga","781130","Kamrup","Guwahati","Assam"
"Anilgarh","788156","Chacher","Silchar","Assam"
"Anipur","788734","Karimganj","Karimganj","Assam"
"Arunachal","788025","Chacher","Silchar","Assam"
"Ashok Paper Mills","783388","Kokrajhar","Kokrajhar","Assam"
"Assam Agricultural Unver","785013","Jorhat","Jorhat","Assam"
"Assam Engg Institute","781003","Kamrup","Guwahati","Assam"
"Assam Medical College","786002","Dibrugarh","Dibrugarh","Assam"
"Assam Sachivalaya","781006","Kamrup","Guwahati","Assam"
"Assam Tribune","781003","Kamrup","Guwahati","Assam"
"Athgaon","781001","Kamrup","Guwahati","Assam"
"Atterikhat","784527","Darranga","Mangaldoi","Assam"
"Azara","781017","Kamrup","Guwahati","Assam"
"Badarpur","788806","Karimganj","Badarpur","Assam"
"Badarpurghat","788803","Karimganj","Karimganj","Assam"
"Badati","784162","Lakhimpur","North Lakhimpur","Assam"
"Baginadi","787030","Lakhimpur","North Lakhimpur","Assam"
"Bagmara Bazar","781328","Barpeta","Barpeta","Assam"
"Bahana","785101","Jorhat","Hajo","Assam"
"Baharihat","781302","Barpeta","Barpeta","Assam"
"Baihata Charali","781381","Kamrup","Guwahati","Assam"
"Baithalangshu","782450","Karbi Anglong","Diphu","Assam"
"Bakola","784181","Sonitpur","Tezpur","Assam"
"Bakoliaghat","782482","Karbi Anglong","Diphu","Assam"
"Baladmari","783121","Goalpara","Goalpara","Assam"
"Balhata","781380","Kamrup","Guwahati","Assam"
"Balilessa","781345","Nalbari","Nalbari","Assam"
"Balipara","784101","Sonitpur","Tezpur","Assam"
"Bamunbari","786613","Dibrugarh","Dibrugarh","Assam"
"Bamunimaidan","781021","Kamrup","Guwahati","Assam"
"Banagram","781303","Nalbari","Nalbari","Assam"
"Bandarmari","784151","Sonitpur","Tezpur","Assam"
"Bangaon","781375","Bongaigaon","Bongaigaon","Assam"
"Bankandi","788101","Chacher","Silchar","Assam"
"Barabazar","783387","Kokrajhar","Kokrajhar","Assam"
"Barama","781346","Nalbari","Nalbari","Assam"
"Barangabari","784172","Sonitpur","Tezpur","Assam"
"Barapujia","782107","Nagaon","Nagaon","Assam"
"Barbam","786624","Dibrugarh","Dibrugarh","Assam"
"Barbarua","786007","Dibrugarh","Dibrugarh","Assam"
"Barbheta","785004","Jorhat","Jorhat","Assam"
"Barduar","781120","Kamrup","Guwahati","Assam"
"Barghola Srijangram","783386","Bongaigaon","Bongaigaon","Assam"
"Barhalla","785631","Jorhat","Jorhat","Assam"
"Barhapjan","786150","Dibrugarh","Dibrugarh","Assam"
"Barjalenga","788117","Chacher","Silchar","Assam"
"Barjuli","784504","Sonitpur","Tezpur","Assam"
"Barkhola","788019","Chacher","Silchar","Assam"
"Baroigram","788723","Karimganj","Karimganj","Assam"
"Barpathar","785602","Jorhat","Barpathar","Assam"
"Barpeta","781301","Barpeta","Barpeta","Assam"
"Barpeta Bazar","781301","Barpeta","Barpeta","Assam"
"Barpeta Road","781315","Barpeta","Barpeta","Assam"
"Barsola","784118","Sonitpur","Tezpur","Assam"
"Baruabamungaon","785618","Jorhat","Jorhat","Assam"
"Basugaon","783372","Kokrajhar","Basugaon","Assam"
"Batadrava","782122","Nagaon","Nagaon","Assam"
"Batasipur","784119","Sonitpur","Tezpur","Assam"
"Bazarghat","788733","Karimganj","Karimganj","Assam"
"Bazaricherra","788727","Karimganj","Karimganj","Assam"
"Bebejia","782142","Nagaon","Nagaon","Assam"
"Bedeti","784179","Sonitpur","Tezpur","Assam"
"Bedlipar","785611","Jorhat","Jorhat","Assam"
"Behali","784166","Sonitpur","Tezpur","Assam"
"Behara Bazar","788817","Chacher","Silchar","Assam"
"Bekirpar","788123","Chacher","Silchar","Assam"
"Belsore","781304","Nalbari","Nalbari","Assam"
"Beltala","781028","Kamrup","Guwahati","Assam"
"Bengenakhowa","785621","Jorhat","Golaghat","Assam"
"Berhampur","782102","Nagaon","Nagaon","Assam"
"Besseria","784150","Sonitpur","Tezpur","Assam"
"Betbari","785660","Sibsagar","Sibsagar","Assam"
"Bezara","781121","Kamrup","Guwahati","Assam"
"Bhagabazar","788120","Chacher","Silchar","Assam"
"Bhairab Kunda","784513","Darranga","Mangaldoi","Assam"
"Bhangabazar","788701","Karimganj","Karimganj","Assam"
"Bharalumukh","781009","Kamrup","Guwahati","Assam"
"Bhella","781309","Barpeta","Barpeta","Assam"
"Bhogdaimukh","785001","Jorhat","Jorhat","Assam"
"Bhowanipur","781352","Barpeta","Barpeta","Assam"
"Bhuragaon","782121","Nagaon","Nagaon","Assam"
"Bhuragoan","782121","Marigaon","Marigaon","Assam"
"Bidyapur","781335","Nalbari","Nalbari","Assam"
"Bihupuria","784161","Lakhimpur","North Lakhimpur","Assam"
"Bijni","783390","Bongaigaon","Bijni","Assam"
"Bijoy Nagar","781122","Kamrup","Guwahati","Assam"
"Bilashipara","783348","Sonitpur","Tezpur","Assam"
"Bindukuri","784502","Sonitpur","Tezpur","Assam"
"Binnakand","788126","Chacher","Silchar","Assam"
"Binova Nagar","781018","Kamrup","Guwahati","Assam"
"Biswanathghat","784177","Sonitpur","Tezpur","Assam"
"Bogribari","783349","Dhubri","Dhubri","Assam"
"Boitamari","783389","Goalpara","Goalpara","Assam"
"Bokajan","782480","Karbi Anglong","Bokajan","Assam"
"Bokajan Cement Factory","782470","Karbi Anglong","Diphu","Assam"
"Bokakhat","785612","Golaghat","Bokakhat","Assam"
"Boko","781123","Kamrup","Guwahati","Assam"
"Bongaigaon","783380","Bongaigaon","Bongaigaon","Assam"
"Borhat","785693","Sibsagar","Sibsagar","Assam"
"Borkhola","788110","Chacher","Silchar","Assam"
"Brahmanshasan","788740","Karimganj","Karimganj","Assam"
"Chabua","786184","Dibrugarh","Chabua","Assam"
"Chabua Air Field","786102","Dibrugarh","Dibrugarh","Assam"
"Chakchaki Bazar","781320","Kamrup","Guwahati","Assam"
"Chamata","781306","Nalbari","Nalbari","Assam"
"Chandkhira","788725","Karimganj","Karimganj","Assam"
"Chandkuchi","781336","Nalbari","Nalbari","Assam"
"Chandrapur","781150","Kamrup","Guwahati","Assam"
"Changsari","781101","Kamrup","Guwahati","Assam"
"Chapakhowa","786157","Dibrugarh","Dibrugarh","Assam"
"Chapanalla","782135","Nagaon","Nagaon","Assam"
"Chapar","783371","Dhubri","Chapar","Assam"
"Chaparmukh","782425","Nagaon","Nagaon","Assam"
"Char Bazar","788710","Karimganj","Karimganj","Assam"
"Charali","784176","Sonitpur","Tezpur","Assam"
"Charduar","784103","Sonitpur","Tezpur","Assam"
"Chargola Bazar","788708","Karimganj","Karimganj","Assam"
"Charing","785661","Sibsagar","Sibsagar","Assam"
"Chenga","781305","Barpeta","Barpeta","Assam"
"Chengligaon","785010","Sibsagar","Sibsagar","Assam"
"Chenikuthi","781003","Kamrup","Guwahati","Assam"
"Chhaygaon","781124","Kamrup","Guwahati","Assam"
"Chinnamara","785008","Jorhat","Jorhat","Assam"
"Chiparsangam","788145","Karimganj","Karimganj","Assam"
"Chokihola","782475","Karbi Anglong","Diphu","Assam"
"Chouki Dingee","786001","Dibrugarh","Dibrugarh","Assam"
"Daboka","782440","Nagaon","Nagaon","Assam"
"Dakhinpatsatra","785102","Jorhat","Jorhat","Assam"
"Dalgaon","784116","Darranga","Mangaldoi","Assam"
"Dalu","788111","Chacher","Silchar","Assam"
"Damru","783122","Goalpara","Goalpara","Assam"
"Darkuchi","781376","Nalbari","Nalbari","Assam"
"Darrangiri","783134","Goalpara","Goalpara","Assam"
"Darrangpanbari","784111","Darranga","Mangaldoi","Assam"
"Datma","783347","Kokrajhar","Kokrajhar","Assam"
"Demow","785662","Sibsagar","Sibsagar","Assam"
"Deomarnai","784147","Darranga","Mangaldoi","Assam"
"Derby","788112","Chacher","Silchar","Assam"
"Dergaon","785614","Golaghat","Dergaon","Assam"
"Dergaon Charali","785614","Golaghat","Golaghat","Assam"
"Desangmukh","785663","Sibsagar","Sibsagar","Assam"
"Dewan","788102","Chacher","Silchar","Assam"
"Dewanji Bazar","788001","Chacher","Silchar","Assam"
"Dhakuakhana","787055","Lakhimpur","North Lakhimpur","Assam"
"Dhaligaon","783385","Kokrajhar","Kokrajhar","Assam"
"Dhansiripar","782470","Golaghat","Golaghat","Assam"
"Dharamsala","783325","Kokrajhar","Kokrajhar","Assam"
"Dharamtul","782412","Nagaon","Nagaon","Assam"
"Dharapur","781133","Kamrup","Dharapur","Assam"
"Dhekhial","785622","Jorhat","Jorhat","Assam"
"Dhekiajuli","784110","Sonitpur","Dhekiajuli","Assam"
"Dhekiakhowa","785113","Jorhat","Jorhat","Assam"
"Dhemaji","787057","Dhemaji","Dhemaji","Assam"
"Dhing","782123","Nagaon","Dhing","Assam"
"Dholai Bazar","788114","Chacher","Silchar","Assam"
"Dholarsatra","785001","Jorhat","Jorhat","Assam"
"Dholepur","784165","Lakhimpur","North Lakhimpur","Assam"
"Dhubri","783301","Dhubri","Dhubri","Assam"
"Dhubri Baluchar","783301","Dhubri","Dhubri","Assam"
"Dhubri Bazar","783301","Dhubri","Dhubri","Assam"
"Dhupdhara","783123","Goalpara","Goalpara","Assam"
"Dibrugarh","786001","Dibrugarh","Dibrugarh","Assam"
"Dibrugarh Central","786003","Dibrugarh","Dibrugarh","Assam"
"Dibrugarh University","786004","Dibrugarh","Dibrugarh","Assam"
"Digaru","782401","Kamrup","Guwahati","Assam"
"Digboi","786171","Dibrugarh","Digboi","Assam"
"Digboi Charali","786171","Dibrugarh","Dibrugarh","Assam"
"Dikom","786101","Dibrugarh","Dibrugarh","Assam"
"Dikrong","784164","Sonitpur","Tezpur","Assam"
"Dimakuchi","784526","Darranga","Mangaldoi","Assam"
"Dingdinga","783333","Kokrajhar","Kokrajhar","Assam"
"Dinjan","786185","Dibrugarh","Dibrugarh","Assam"
"Diphu","782460","Karbi Anglong","Diphu","Assam"
"Dispur","781005","Kamrup","Guwahati","Assam"
"Dohatia","785617","Jorhat","Jorhat","Assam"
"Donkamukam","782485","Karbi Anglong","Diphu","Assam"
"Doomdooma","786151","Dibrugarh","Dibrugarh","Assam"
"Doomdooma","786151","Tinsukia","Tinsukia","Assam"
"Doomni","781373","Nalbari","Nalbari","Assam"
"Dudnai","783124","Goalpara","Goalpara","Assam"
"Duliajan","786602","Dibrugarh","Dibrugarh","Assam"
"Dullavcherra","788736","Karimganj","Karimganj","Assam"
"Durgabari","786125","Dibrugarh","Dibrugarh","Assam"
"Dwarband","788113","Chacher","Silchar","Assam"
"Engineering College","788010","Chacher","Silchar","Assam"
"Fakiragram","783345","Kokrajhar","Kokrajhar","Assam"
"Fakirganj","783330","Dhubri","Dhubri","Assam"
"Fancy Bazar","781001","Kamrup","Guwahati","Assam"
"Fulanibari","785103","Sibsagar","Sibsagar","Assam"
"Fulertal","788106","Chacher","Silchar","Assam"
"Furkating","785610","Jorhat","Jorhat","Assam"
"Galeki","785696","Sibsagar","Sibsagar","Assam"
"Garali","785001","Jorhat","Jorhat","Assam"
"Garmursatra","785104","Jorhat","Jorhat","Assam"
"Garuphela Bazar","783362","Kokrajhar","Kokrajhar","Assam"
"Gatonga","785616","Jorhat","Jorhat","Assam"
"Gauri Sagar","785664","Sibsagar","Sibsagar","Assam"
"Ghilamara","787053","Lakhimpur","North Lakhimpur","Assam"
"Gingia","784184","Sonitpur","Tezpur","Assam"
"Goalpara","783101","Goalpara","Goalpara","Assam"
"Gograpar","781369","Nalbari","Nalbari","Assam"
"Gohpur","784168","Sonitpur","Gohpur","Assam"
"Golaghat","785621","Golaghat","Golaghat","Assam"
"Golakganj","783334","Dhubri","Dhubri","Assam"
"Gopal Bazar","781353","Nalbari","Nalbari","Assam"
"Gopinath Nagar","781016","Kamrup","Guwahati","Assam"
"Gores War","781366","Kamrup","Guwahati","Assam"
"Gossain Gaon","783360","Kokrajhar","Kokrajhar","Assam"
"Gouri Pur","783331","Dhubri","Dhubri","Assam"
"Graham Bazar","786001","Dibrugarh","Dibrugarh","Assam"
"Gurucharan College","788004","Chacher","Silchar","Assam"
"Guwahati","781001","Kamrup","Guwahati","Assam"
"Guwahati Airport","781015","Kamrup","Guwahati","Assam"
"Guwahati University","781014","Kamrup","Guwahati","Assam"
"Haflong","788819","North Cacher Hills","Haflong","Assam"
"Haflong Ptc","788819","North Cacher Hills","Haflong","Assam"
"Hahchara","785701","Dibrugarh","Dibrugarh","Assam"
"Hahim Bazar","781129","Kamrup","Guwahati","Assam"
"Haibargaon","782002","Nagaon","Nagaon","Assam"
"Hailakandi","788151","Hailakandi","Hailakandi","Assam"
"Hajo","781102","Kamrup","Guwahati","Assam"
"Halem","784170","Sonitpur","Tezpur","Assam"
"Hamren","782486","Karbi Anglong","Hamren","Assam"
"Harangajao","788818","North Cacher Hills","Haflong","Assam"
"Haribhanga","781378","Nalbari","Nalbari","Assam"
"Harisinga","784510","Darranga","Mangaldoi","Assam"
"Harlongpher","782447","Nagaon","Nagaon","Assam"
"Hatibandha","786186","Jorhat","Kalaigaon","Assam"
"Hatigarh","784524","Darranga","Mangaldoi","Assam"
"Hatikhira","788726","Karimganj","Karimganj","Assam"
"Hazrapara","784001","Sonitpur","Tezpur","Assam"
"Hilara Colony","788808","Chacher","Silchar","Assam"
"Hojai","782435","Nagaon","Hojai","Assam"
"Hojai Bazar","782435","Nagaon","Nagaon","Assam"
"Hoogrijan","786601","Dibrugarh","Dibrugarh","Assam"
"Hospital Road Raniganj","783344","Dhubri","Dhubri","Assam"
"Howli","781316","Barpeta","Howli","Assam"
"Howraghat","782481","Karbi Anglong","Howraghat","Assam"
"Irongmara","788124","Chacher","Silchar","Assam"
"Islamgaon","787054","Lakhimpur","North Lakhimpur","Assam"
"Jaffirband","788160","Chacher","Silchar","Assam"
"Jagara","781310","Nalbari","Nalbari","Assam"
"Jagi Road","782410","Nagaon","Nagaon","Assam"
"Jagibhakatagon","782411","Nagaon","Nagaon","Assam"
"Jakhalbandha","782136","Nagaon","Nagaon","Assam"
"Jalaghat","781327","Barpeta","Barpeta","Assam"
"Jalalpur","788816","Chacher","Silchar","Assam"
"Jalan Nagar","786005","Dibrugarh","Dibrugarh","Assam"
"Jaleswar","783132","Goalpara","Goalpara","Assam"
"Jaluguti","782104","Nagaon","Nagaon","Assam"
"Jamugurihat","784180","Sonitpur","Tezpur","Assam"
"Jamunamukh","782428","Nagaon","Nagaon","Assam"
"Jengraimukh","785105","Jorhat","Jorhat","Assam"
"Jeypore","786614","Dibrugarh","Dibrugarh","Assam"
"Jhalukbari","781013","Kamrup","Guwahati","Assam"
"Jhanji","785683","Sibsagar","Sibsagar","Assam"
"Jirighat","788104","Chacher","Silchar","Assam"
"Jogighopa","783382","Goalpara","Goalpara","Assam"
"Jonai","787060","Dhemaji","Dhemaji","Assam"
"Jorhat","785001","Jorhat","Jorhat","Assam"
"Jorhat Air Field","785005","Jorhat","Jorhat","Assam"
"Jorhat Engineering Colleg","785007","Jorhat","Jorhat","Assam"
"Jorhat Research Laborator","785006","Jorhat","Jorhat","Assam"
"Joynagar","785665","Sibsagar","Sibsagar","Assam"
"Joypur Raja Bazar","788107","Chacher","Silchar","Assam"
"Jubilee Digboi","786173","Dibrugarh","Dibrugarh","Assam"
"Juria","782124","Nagaon","Nagaon","Assam"
"Kabuganjbazar","788121","Chacher","Silchar","Assam"
"Kacharigaon","784001","Sonitpur","Tezpur","Assam"
"Kachugaon","783350","Kokrajhar","Kokrajhar","Assam"
"Kadamani","786001","Dibrugarh","Dibrugarh","Assam"
"Kahilipara","781019","Kamrup","Guwahati","Assam"
"Kaithalkuchi","781370","Nalbari","Nalbari","Assam"
"Kakajan","785107","Jorhat","Jorhat","Assam"
"Kakapathar","786152","Dibrugarh","Dibrugarh","Assam"
"Kakilabari Farm","781330","Barpeta","Barpeta","Assam"
"Kalabari","784178","Sonitpur","Tezpur","Assam"
"Kalag","781351","Kamrup","Guwahati","Assam"
"Kalaigaon","784525","Darranga","Mangaldoi","Assam"
"Kalain","788815","Chacher","Silchar","Assam"
"Kalaincherra","788812","Chacher","Silchar","Assam"
"Kalgachia","781319","Barpeta","Barpeta","Assam"
"Kalibari","784001","Sonitpur","Tezpur","Assam"
"Kalibari Bazar","788150","Chacher","Silchar","Assam"
"Kaliganj Bazar","788720","Karimganj","Karimganj","Assam"
"Kalinagar","788801","Chacher","Silchar","Assam"
"Kaloogaon","785666","Sibsagar","Sibsagar","Assam"
"Kamakhya","781010","Kamrup","Guwahati","Assam"
"Kamalabari","785106","Jorhat","Jorhat","Assam"
"Kamarbandha Ali","785625","Jorhat","Jorhat","Assam"
"Kamargaon Charali","785619","Jorhat","Jorhat","Assam"
"Kamarkuchi","781347","Nalbari","Nalbari","Assam"
"Kampur","782426","Nagaon","Nagaon","Assam"
"Kanai Bazar","788731","Chacher","Silchar","Assam"
"Kanakpur","788011","Chacher","Silchar","Assam"
"Kaniha","781385","Kamrup","Guwahati","Assam"
"Karara","781382","Kamrup","Guwahati","Assam"
"Karimganj Bazar","788711","Karimganj","Karimganj","Assam"
"Karimganj Court","788710","Karimganj","Karimganj","Assam"
"Karimganj Station Road","788710","Karimganj","Karimganj","Assam"
"Karinganj","788710","Karimganj","Karimganj","Assam"
"Karsontala","784189","Sonitpur","Tezpur","Assam"
"Katabari","781319","Barpeta","Barpeta","Assam"
"Kathiatali","782427","Nagaon","Nagaon","Assam"
"Katigorah","788805","Chacher","Silchar","Assam"
"Katlacherra","788161","Chacher","Silchar","Assam"
"Kayasthagram","788719","Karimganj","Karimganj","Assam"
"Kaziranga Sanctuary","785109","Jorhat","Jorhat","Assam"
"Ketekibari","784154","Sonitpur","Tezpur","Assam"
"Khanapara","781022","Kamrup","Guwahati","Assam"
"Kharguli","781004","Kamrup","Guwahati","Assam"
"Kharikatia","785633","Sibsagar","Sibsagar","Assam"
"Kharupatiaghat","784115","Darranga","Mangaldoi","Assam"
"Khejurbond","788834","North Cacher Hills","Haflong","Assam"
"Khelmati","784152","Sonitpur","Tezpur","Assam"
"Kheroni","782448","Karbi Anglong","Diphu","Assam"
"Khetri","782403","Kamrup","Guwahati","Assam"
"Khoirabari","784522","Darranga","Mangaldoi","Assam"
"Khonsa","786630","Dibrugarh","Dibrugarh","Assam"
"Khowang","785675","Dibrugarh","Dibrugarh","Assam"
"Khowangghat","785676","Dibrugarh","Dibrugarh","Assam"
"Kokilamukh","785108","Jorhat","Jorhat","Assam"
"Kokrajhar","783370","Kokrajhar","Kokrajhar","Assam"
"Konwaripukhuri","785011","Dibrugarh","Dibrugarh","Assam"
"Kopati","784113","Darranga","Mangaldoi","Assam"
"Koria","781339","Nalbari","Nalbari","Assam"
"Korokatoli","785015","Dibrugarh","Dibrugarh","Assam"
"Kotona","786053","Dibrugarh","Dibrugarh","Assam"
"Kowarigaon","786615","Dibrugarh","Dibrugarh","Assam"
"Kowerpur","785667","Sibsagar","Sibsagar","Assam"
"Krishnai","783126","Dhubri","Dhubri","Assam"
"Kukicherra","788162","Chacher","Silchar","Assam"
"Kukurmara","781134","Kamrup","Guwahati","Assam"
"Kumarikata","781360","Nalbari","Nalbari","Assam"
"Kumbhir","788108","Chacher","Silchar","Assam"
"Kumbhirgram Air Port","788109","Chacher","Silchar","Assam"
"Kundil","786158","Dibrugarh","Dibrugarh","Assam"
"Kwaritol","782137","Nagaon","Nagaon","Assam"
"Laboc","788125","Chacher","Silchar","Assam"
"Lahoal","786010","Dibrugarh","Dibrugarh","Assam"
"Lahorighat","782127","Nagaon","Nagaon","Assam"
"Lakhi Cherra","788729","Karimganj","Karimganj","Assam"
"Lakhiganj Bazar","783351","Kokrajhar","Kokrajhar","Assam"
"Lakhipur","788103","Chacher","Lakhipur","Assam"
"Lakhipur Goalpara","783129","Goalpara","Goalpara","Assam"
"Lakshmishahar","788152","Chacher","Silchar","Assam"
"Lakwah","785688","Kamrup","Guwahati","Assam"
"Lala","788163","Chacher","Lala","Assam"
"Lalamukh","788169","Chacher","Silchar","Assam"
"Lalpur Bazar","784514","Darranga","Mangaldoi","Assam"
"Laluk","784160","Lakhimpur","North Lakhimpur","Assam"
"Langting","788832","North Cacher Hills","Haflong","Assam"
"Lanka","782446","Nagaon","Lanka","Assam"
"Latu","788721","Karimganj","Karimganj","Assam"
"Ledo","786182","Dibrugarh","Dibrugarh","Assam"
"Lekhapani","786180","Dibrugarh","Dibrugarh","Assam"
"Lengri Bazar","786616","Dibrugarh","Dibrugarh","Assam"
"Letekujan","785613","Jorhat","Narayanpur","Assam"
"Lezai","786054","Dibrugarh","Dibrugarh","Assam"
"Lilabari Air Field","787051","Lakhimpur","North Lakhimpur","Assam"
"Link Road","788006","Chacher","Silchar","Assam"
"Lokra","784102","Sonitpur","Tezpur","Assam"
"Longding","786631","Dibrugarh","Dibrugarh","Assam"
"Lumding","782447","Nagaon","Lumding","Assam"
"Macharhat","785001","Jorhat","Jorhat","Assam"
"Machkhowa","787058","Lakhimpur","North Lakhimpur","Assam"
"Mahabhairab","784001","Sonitpur","Tezpur","Assam"
"Mahakhal","788706","Karimganj","Karimganj","Assam"
"Maharipara","781364","Kamrup","Guwahati","Assam"
"Maharipara","781364","Kamrup","Guwahati","Assam"
"Mahishasan","788781","Karimganj","Karimganj","Assam"
"Mahur","788830","North Cacher Hills","Mahur","Assam"
"Maibong","788831","North Cacher Hills","Maibong","Assam"
"Maidamia","787032","Lakhimpur","North Lakhimpur","Assam"
"Mainbari","781321","Barpeta","Barpeta","Assam"
"Majulibangaon","785110","Jorhat","Jorhat","Assam"
"Makhibaha","781374","Nalbari","Nalbari","Assam"
"Makum Junction","786170","Dibrugarh","Dibrugarh","Assam"
"Maligaon Rly Hd Qrs","781011","Kamrup","Guwahati","Assam"
"Malugram","788002","Chacher","Silchar","Assam"
"Mandia","781308","Barpeta","Barpeta","Assam"
"Mangaldai","784125","Darranga","Mangaldoi","Assam"
"Manierkhal","788122","Chacher","Silchar","Assam"
"Manikganj","788790","Karimganj","Karimganj","Assam"
"Manikpur","783392","Kokrajhar","Kokrajhar","Assam"
"Manipurbagan","788165","Chacher","Silchar","Assam"
"Manja","782461","Karbi Anglong","Diphu","Assam"
"Mankachar","783131","Dhubri","Mankachar","Assam"
"Mankhooli","786148","Dibrugarh","Dibrugarh","Assam"
"Margherita","786181","Dibrugarh","Margherita","Assam"
"Margherita","786181","Tinsukia","Tinsukia","Assam"
"Mariani","785634","Jorhat","Mariani","Assam"
"Marigaon","782105","Nagaon","Marigaon","Assam"
"Marigaon","782105","Marigaon","Marigaon","Assam"
"Markolong","782001","Nagaon","Nagaon","Assam"
"Marwari Patty","782001","Nagaon","Nagaon","Assam"
"Matia","783125","Goalpara","Goalpara","Assam"
"Matinagar","788099","Chacher","Silchar","Assam"
"Maukhuli","781171","Kamrup","Guwahati","Assam"
"Mazbat","784507","Darranga","Mangaldoi","Assam"
"Mechagarh","785668","Sibsagar","Sibsagar","Assam"
"Meherpur","788015","Chacher","Silchar","Assam"
"Mijikajan","784173","Sonitpur","Tezpur","Assam"
"Mikirbheta","782108","Nagaon","Nagaon","Assam"
"Mikirbheta","782108","Marigaon","Marigaon","Assam"
"Milonpur","781337","Nalbari","Nalbari","Assam"
"Mirza","781125","Kamrup","Guwahati","Assam"
"Missa","782138","Nagaon","Nagaon","Assam"
"Missamari","784506","Sonitpur","Tezpur","Assam"
"Mohanaghat","786008","Dibrugarh","Dibrugarh","Assam"
"Mohanbari Air Field","786012","Dibrugarh","Dibrugarh","Assam"
"Moheema","785626","Jorhat","Jorhat","Assam"
"Moinapara","787029","Lakhimpur","North Lakhimpur","Assam"
"Moirabari","782126","Nagaon","Nagaon","Assam"
"Monacherra","788164","Chacher","Silchar","Assam"
"Moran","785669","Sibsagar","Sibsagar","Assam"
"Moranhat","785670","Sibsagar","Moranhat","Assam"
"Morowa","781348","Nalbari","Nalbari","Assam"
"Mukalmua","781126","Nalbari","Nalbari","Assam"
"Muliabari","786171","Dibrugarh","Dibrugarh","Assam"
"Murajar Bazar","782439","Nagaon","Nagaon","Assam"
"Mussalpur","781372","Nalbari","Nalbari","Assam"
"Nagarbera","781127","Kamrup","Guwahati","Assam"
"Nagrijuli","781368","Nalbari","Nalbari","Assam"
"Nagsankar","784183","Sonitpur","Tezpur","Assam"
"Naharbari","784182","Sonitpur","Tezpur","Assam"
"Naharkatia","786610","Dibrugarh","Dibrugarh","Assam"
"Nakachari","785635","Sibsagar","Sibsagar","Assam"
"Nalbari","781335","Nalbari","Nalbari","Assam"
"Namrup","786621","Dibrugarh","Namrup","Assam"
"Namrup T P S","786622","Dibrugarh","Dibrugarh","Assam"
"Namtidol","785684","Sibsagar","Sibsagar","Assam"
"Nanoi","782101","Nagaon","Nagaon","Assam"
"Naojan","785604","Sibsagar","Sibsagar","Assam"
"Narangi","781026","Kamrup","Guwahati","Assam"
"Narsingpur","788115","Chacher","Silchar","Assam"
"Nazira","785685","Sibsagar","Nazira","Assam"
"Neamatighat","785111","Sibsagar","Sibsagar","Assam"
"Negheriting","785620","Sibsagar","Sibsagar","Assam"
"Nemuguri","785674","Sibsagar","Sibsagar","Assam"
"Netaipukhuri","785671","Sibsagar","Sibsagar","Assam"
"Netaji Road","786151","Dibrugarh","Dibrugarh","Assam"
"New Bongaigaon","783381","Kokrajhar","Kokrajhar","Assam"
"Nilambazar","788722","Karimganj","Karimganj","Assam"
"Nilbagan","782445","Nagaon","Nagaon","Assam"
"Nityananda","781329","Barpeta","Barpeta","Assam"
"Nizdhamdhama","781349","Nalbari","Nalbari","Assam"
"No-Ali Dhekiajuli","785009","Sonitpur","Tezpur","Assam"
"Noonmati","781020","Kamrup","Guwahati","Assam"
"North Bongaigaon Borgong","784167","Sonitpur","Tezpur","Assam"
"North Guwahati","781030","Kamrup","North Guwahati","Assam"
"North Lakhimpur","787001","Lakhimpur","North Lakhimpur","Assam"
"Nowboicha","787028","Lakhimpur","North Lakhimpur","Assam"
"Nowgong","782001","Nagaon","Nagaon","Assam"
"Nowgong Bazar","782001","Nagaon","Nagaon","Assam"
"Nowgong Girls College","782002","Nagaon","Nagaon","Assam"
"Numaligarh","785615","Jorhat","Jorhat","Assam"
"Oating","785603","Jorhat","Jorhat","Assam"
"Olivacherra","788737","Karimganj","Karimganj","Assam"
"Ongc Colony","785640","Sibsagar","Sibsagar","Assam"
"Paboi","784174","Sonitpur","Tezpur","Assam"
"Pailapool","788098","Chacher","Silchar","Assam"
"Palasbari","781128","Kamrup","Palasbari","Assam"
"Palonghat","788116","Chacher","Silchar","Assam"
"Paltanbazar","781008","Kamrup","Guwahati","Assam"
"Panchali","786001","Dibrugarh","Dibrugarh","Assam"
"Panchgram","788802","Chacher","Silchar","Assam"
"Panchmile","784025","Sonitpur","Tezpur","Assam"
"Pandu","781012","Kamrup","Guwahati","Assam"
"Pandu Rly Colony","781012","Kamrup","Guwahati","Assam"
"Panerihat","784523","Darranga","Mangaldoi","Assam"
"Panigaon","787052","Lakhimpur","North Lakhimpur","Assam"
"Panitola","786183","Dibrugarh","Dibrugarh","Assam"
"Panjabari","781037","Kamrup","Guwahati","Assam"
"Panjabari","781037","Kamrup","Guwahati","Assam"
"Parbatia","786125","Dibrugarh","Dibrugarh","Assam"
"Parbatpur","786623","Dibrugarh","Dibrugarh","Assam"
"Paschimsamaria","781136","Kamrup","Guwahati","Assam"
"Patacharkuchi","781326","Barpeta","Barpeta","Assam"
"Pathalipahar","784163","Lakhimpur","North Lakhimpur","Assam"
"Pathalipam","787056","Lakhimpur","North Lakhimpur","Assam"
"Patharighat","784144","Darranga","Mangaldoi","Assam"
"Patherkandi","788724","Karimganj","Karimganj","Assam"
"Pathsala","781325","Barpeta","Pathsala","Assam"
"Patiladah","783391","Kokrajhar","Kokrajhar","Assam"
"Phukan Nagar","785640","Sibsagar","Sibsagar","Assam"
"Powai","786172","Dibrugarh","Dibrugarh","Assam"
"Prakash Bazar","786125","Dibrugarh","Dibrugarh","Assam"
"Puranaitambar","785632","Jorhat","Jorhat","Assam"
"Puranigudam","782141","Nagaon","Nagaon","Assam"
"Raha","782103","Nagaon","Nagaon","Assam"
"Rajabari","785014","Jorhat","Bokakhat","Assam"
"Rajapara","783133","Goalpara","Goalpara","Assam"
"Rajartilla","788705","Karimganj","Karimganj","Assam"
"Rajgarh","786611","Dibrugarh","Dibrugarh","Assam"
"Rajmai","785672","Sibsagar","Sibsagar","Assam"
"Ramkrishnanagar","788166","Karimganj","Karimganj","Assam"
"Rampur","781132","Kamrup","Guwahati","Assam"
"Rangachakua","784185","Sonitpur","Tezpur","Assam"
"Rangagorah","786147","Dibrugarh","Dibrugarh","Assam"
"Rangapara","784505","Sonitpur","Rangapara","Assam"
"Rangia","781354","Kamrup","Rangia","Assam"
"Rangia R S","781365","Kamrup","Guwahati","Assam"
"Rangirkhari","788005","Chacher","Silchar","Assam"
"Rangpur Nagar","785640","Sibsagar","Sibsagar","Assam"
"Rani","781131","Kamrup","Guwahati","Assam"
"Ratanpur Road","788155","Chacher","Silchar","Assam"
"Rehabari","781008","Kamrup","Guwahati","Assam"
"Retabari","788735","Karimganj","Karimganj","Assam"
"Revenue Building","786003","Dibrugarh","Dibrugarh","Assam"
"Rongjuli","783130","Goalpara","Goalpara","Assam"
"Rongpur","788009","Chacher","Silchar","Assam"
"Rosekandi","788117","Chacher","Silchar","Assam"
"Rowta","784508","Darranga","Mangaldoi","Assam"
"Rupahi","782125","Nagaon","Nagaon","Assam"
"Rupai Siding","786153","Dibrugarh","Dibrugarh","Assam"
"Sadarasi","788716","Karimganj","Karimganj","Assam"
"Sadiya","786155","Dibrugarh","Dibrugarh","Assam"
"Sadiya","786155","Tinsukia","Tinsukia","Assam"
"Saikhowaghat","786154","Dibrugarh","Dibrugarh","Assam"
"Sakti Ashram","783374","Kokrajhar","Kokrajhar","Assam"
"Salana","782139","Nagaon","Nagaon","Assam"
"Salchopra","788814","Chacher","Silchar","Assam"
"Salmara North","783383","Goalpara","Goalpara","Assam"
"Salmara South","783127","Dhubri","Dhubri","Assam"
"Salonibari","784104","Sonitpur","Tezpur","Assam"
"Samaguri","782140","Nagaon","Nagaon","Assam"
"Sanekuchi","781350","Nalbari","Nalbari","Assam"
"Santak","785687","Sibsagar","Sibsagar","Assam"
"Santinagar","781314","Barpeta","Barpeta","Assam"
"Santinagar","783301","Dhubri","Dhubri","Assam"
"Sapatgram","783337","Kokrajhar","Sapatgram","Assam"
"Sapekhati","785692","Dhemaji","Dhemaji","Assam"
"Sarfanguri","783346","Kokrajhar","Kokrajhar","Assam"
"Sarthebari","781307","Barpeta","Sarthebari","Assam"
"Sarupathar","785601","Jorhat","Sarupathar","Assam"
"Sarupeta","781318","Barpeta","Barpeta","Assam"
"Satgaon","781027","Kamrup","Guwahati","Assam"
"Satrasal","783338","Dhubri","Dhubri","Assam"
"Selenghat","785636","Jorhat","Jorhat","Assam"
"Senairam Bazar","786125","Dibrugarh","Dibrugarh","Assam"
"Senchowa","782010","Nagaon","Nagaon","Assam"
"Sepon","785673","Sibsagar","Sibsagar","Assam"
"Sibsagar","785640","Sibsagar","Sibsagar","Assam"
"Sidli","783373","Bongaigaon","Bongaigaon","Assam"
"Silapathar","787059","Lakhimpur","Silapathar","Assam"
"Silchar","788001","Chacher","Silchar","Assam"
"Silchar Medical College","788014","Chacher","Silchar","Assam"
"Silchar Regional","788014","Chacher","Silchar","Assam"
"Silghat","782143","Nagaon","Nagaon","Assam"
"Silpukhuri","781003","Kamrup","Guwahati","Assam"
"Simaluguri","785686","Sibsagar","Sibsagar","Assam"
"Singimari","782130","Nagaon","Nagaon","Assam"
"Singra","781135","Kamrup","Guwahati","Assam"
"Singri","784120","Sonitpur","Tezpur","Assam"
"Sipajhar","784145","Darranga","Mangaldoi","Assam"
"Sirajuli","784117","Darranga","Mangaldoi","Assam"
"Sissibargaon","786110","Dhemaji","Dhemaji","Assam"
"Soalkuchi","781103","Kamrup","Guwahati","Assam"
"Solmara","781338","Nalbari","Nalbari","Assam"
"Sonabarighat","788013","Chacher","Silchar","Assam"
"Sonaimukh","788119","Chacher","Silchar","Assam"
"Sonari","785690","Sibsagar","Sonari","Assam"
"Sonitpur","784001","Sonitpur","Tezpur","Assam"
"Sootea","784175","Sonitpur","Tezpur","Assam"
"Sorbhog","781317","Barpeta","Barpeta","Assam"
"Srigauri","788702","Karimganj","Karimganj","Assam"
"Sripuria","786145","Dibrugarh","Dibrugarh","Assam"
"Srirampur","783361","Kokrajhar","Kokrajhar","Assam"
"Subhashnagar","788710","Karimganj","Karimganj","Assam"
"Suffry","785689","Sibsagar","Sibsagar","Assam"
"Sukhanpukhuri","786146","Dibrugarh","Dibrugarh","Assam"
"Sukreting","786159","Dibrugarh","Dibrugarh","Assam"
"Sunapur","782402","Kamrup","Guwahati","Assam"
"Talap","786159","Dibrugarh","Dibrugarh","Assam"
"Tamarhat","783332","Kokrajhar","Kokrajhar","Assam"
"Tambulpur","781367","Nalbari","Nalbari","Assam"
"Tamulichiga","785682","Sibsagar","Sibsagar","Assam"
"Tangla","784521","Darranga","Tangla","Assam"
"Tarajan","785001","Jorhat","Jorhat","Assam"
"Tarapur","788003","Chacher","Silchar","Assam"
"Tengakhat","786103","Lakhimpur","North Lakhimpur","Assam"
"Teok","785112","Golaghat","Golaghat","Assam"
"Teokghat","785694","Golaghat","Golaghat","Assam"
"Tetonbari","784171","Sonitpur","Tezpur","Assam"
"Tezpur","784001","Sonitpur","Tezpur","Assam"
"Tezpur Bazar","784001","Sonitpur","Tezpur","Assam"
"Thakurbari","784503","Sonitpur","Tezpur","Assam"
"Thakurbazar","781301","Barpeta","Barpeta","Assam"
"Thamana","781377","Nalbari","Nalbari","Assam"
"Thelamara","784149","Sonitpur","Tezpur","Assam"
"Tihu","781371","Nalbari","Tihu","Assam"
"Tinali Panigaon","782001","Nagaon","Nagaon","Assam"
"Tingkong","786612","Dibrugarh","Dibrugarh","Assam"
"Tinsukia","786125","Dibrugarh","Tinsukia","Assam"
"Tinsukia HO","786125","Tinsukia","Tinsukia","Assam"
"Tinthengia","786052","Dibrugarh","Dibrugarh","Assam"
"Titabar","785630","Jorhat","Jorhat","Assam"
"Titagur","783374","Kokrajhar","Kokrajhar","Assam"
"Towkok","785695","Sibsagar","Sibsagar","Assam"
"Udalguri","784509","Sonitpur","Udalguri","Assam"
"Udarbond","788030","Chacher","Silchar","Assam"
"Ulubari","781007","Kamrup","Guwahati","Assam"
"Vernerpur","788167","Chacher","Silchar","Assam"
"Vivekananda Road","788007","Chacher","Silchar","Assam"
"Abas Store","841301","Saran","Saran","Bihar"
"Accounts Patna","800019","Patna","Patna","Bihar"
"Adampur","812001","Bhagalpur","Bhagalpur","Bihar"
"Adapur","845301","Purba Champaran","Motihari","Bihar"
"Adhaura","821116","Kaimur","Kaimur","Bihar"
"Adhaura","821116","Kaimur","Kaimur","Bihar"
"Agarwa","845401","Purba Champaran","Motihari","Bihar"
"Agion","802201","Bhojpur","Arrah","Bihar"
"Agion Bazar","802202","Bhojpur","Arrah","Bihar"
"Agrawaltoli","841226","Siwan","Siwan","Bihar"
"Ahiari","847309","Madhubani","Madhubani","Bihar"
"Ahiyapur","843131","Muzaffarpur","Muzaffarpur","Bihar"
"Ahmadpur","848507","Samastipur","Samastipur","Bihar"
"Ajagari","845485","Muzaffarpur","Muzaffarpur","Bihar"
"Akbar Nagar","813223","Bhagalpur","Bhagalpur","Bihar"
"Akhlaspur","821124","Rohtas","Sasara","Bihar"
"Akhouri Bazar","821301","Rohtas","Sasara","Bihar"
"Akhta","843351","Sitamarhi","Sitamarhi","Bihar"
"Akhtiarpur","848111","Samastipur","Samastipur","Bihar"
"Alawalpur","803203","Patna","Patna","Bihar"
"Aliganj","812005","Kishanganj","Dighalbank","Bihar"
"Aliganj","811301","Kishanganj","Kishanganj","Bihar"
"Alinagar","803101","Nalanda","Biharsharif","Bihar"
"Alinagar","803101","Nalanda","Biharsharif","Bihar"
"Amaon","821121","Rohtas","Sasara","Bihar"
"Amarpur","813101","Bhagalpur","Amarpur","Bihar"
"Amarpur","813101","Bhagalpur","Bhagalpur","Bihar"
"Amarpura","801117","Patna","Patna","Bihar"
"Amas","824212","Gaya","Gaya","Bihar"
"Amas","824212","Gaya","Gaya","Bihar"
"Amba","824111","Banka","Banka","Bihar"
"Amber","803101","Nalanda","Biharsharif","Bihar"
"Amdabad","854123","Katihar","Katihar","Bihar"
"Amgola","842002","Muzaffarpur","Muzaffarpur","Bihar"
"Amhara","801118","Patna","Patna","Bihar"
"Amhara","854357","Purnia","Purnia","Bihar"
"Ami","841251","Saran","Saran","Bihar"
"Amjhore","821302","Rohtas","Sasara","Bihar"
"Amnour","841401","Saran","Saran","Bihar"
"Amodai","845487","Purba Champaran","Motihari","Bihar"
"Amolwa","845484","West Champaran","Betia","Bihar"
"Amour","854319","Purnia","Purnia","Bihar"
"Amour","854319","Purnia","Purnia","Bihar"
"Amua","843337","Sitamarhi","Sitamarhi","Bihar"
"Anandpur","847101","Darbhanga","Darbhanga","Bihar"
"Anandpur Homeguard Centre","801101","Patna","Patna","Bihar"
"Andar","841231","Saran","Saran","Bihar"
"Andar","841231","Saran","Saran","Bihar"
"Andhra","847401","Madhubani","Madhubani","Bihar"
"Angarghat","848112","Samastipur","Samastipur","Bihar"
"Anirudh Belsar","844111","Vaishali","Hazipur","Bihar"
"Anisabad","800002","Patna","Patna","Bihar"
"Anti","824126","Aurangabad","Aurangabad","Bihar"
"Anugrahpuri Colony","823001","Gaya","Gaya","Bihar"
"Aphar","841402","Saran","Saran","Bihar"
"Arak","802111","Bhojpur","Arrah","Bihar"
"Araria","854311","Araria","Araria","Bihar"
"Araria","854311","Araria","Araria","Bihar"
"Araria R S","854312","Araria","Araria","Bihar"
"Araura","824215","Gaya","Gaya","Bihar"
"Arehat","847222","Madhubani","Madhubani","Bihar"
"Areraj","845411","West Champaran","Areraj","Bihar"
"Arrah","802301","Bhojpur","Arrah","Bihar"
"Arrah Chowk","802301","Bhojpur","Arrah","Bihar"
"Arrah Kutchery","802301","Bhojpur","Arrah","Bihar"
"Arwal","804401","Jahanabad","Jahanabad","Bihar"
"Asarganj","813201","Munger","Asarganj","Bihar"
"Asc Centre","823005","Gaya","Gaya","Bihar"
"Ashanagar","803118","Nalanda","Biharsharif","Bihar"
"Ashok Nagar L West","800020","Patna","Patna","Bihar"
"Asta","803120","Nalanda","Biharsharif","Bihar"
"Asthawan","803107","Nalanda","Biharsharif","Bihar"
"Athari","843311","Sitamarhi","Sitamarhi","Bihar"
"Athmalgola","803211","Patna","Patna","Bihar"
"Athmalgola","803211","Patna","Patna","Bihar"
"Aura","848217","Samastipur","Samastipur","Bihar"
"Aurahihinjua","854346","Purnia","Purnia","Bihar"
"Aurai","843312","Muzaffarpur","Muzaffarpur","Bihar"
"Aurai","843312","Muzaffarpur","Muzaffarpur","Bihar"
"Auraiya","845310","West Champaran","Betia","Bihar"
"Aurangabad","824101","Aurangabad","Aurangabad","Bihar"
"Aurangabad","824101","Aurangabad","Aurangabad","Bihar"
"Aurangabad","824102","Aurangabad","Aurangabad","Bihar"
"Aurangabad","824102","Aurangabad","Aurangabad","Bihar"
"Aurangabad Kutchery","824101","Aurangabad","Aurangabad","Bihar"
"Auria","813114","Bhagalpur","Bhagalpur","Bihar"
"Ayer","805135","Gaya","Gaya","Bihar"
"Ayodhyaganj Bazar","854101","Katihar","Katihar","Bihar"
"Azam Nagar","855122","Purnia","Purnia","Bihar"
"B M P Camp","821307","Rohtas","Sasara","Bihar"
"B M P Vi","842002","Muzaffarpur","Muzaffarpur","Bihar"
"Babhangawa","843339","Sitamarhi","Sitamarhi","Bihar"
"Babhni Bhelwa","852154","Saharsa","Saharsa","Bihar"
"Babubarhi","847224","Madhubani","Madhubani","Bihar"
"Babura","802172","Bhojpur","Arrah","Bihar"
"Bachwara","851111","Begusarai","Begusarai","Bihar"
"Bagaha","845101","West Champaran","Bagaha","Bihar"
"Bagaha","845101","West Champaran","Betia","Bihar"
"Bagahi Ratanpura","845461","Purba Champaran","Motihari","Bihar"
"Bagaura","841404","Siwan","Siwan","Bihar"
"Bagduma","813117","Bhagalpur","Bhagalpur","Bihar"
"Baghi","844112","Muzaffarpur","Muzaffarpur","Bihar"
"Baghnagri","843139","Muzaffarpur","Muzaffarpur","Bihar"
"Baghra","848506","Samastipur","Samastipur","Bihar"
"Bahadurganj","855101","Kishanganj","Bahadurganj","Bihar"
"Bahadurpur","847113","Darbhanga","Darbhanga","Bihar"
"Bahadurpur","847113","Darbhanga","Darbhanga","Bihar"
"Bahera","847201","Madhubani","Madhubani","Bihar"
"Bahera","845108","West Champaran","Betia","Bihar"
"Baheri","847105","Darbhanga","Darbhanga","Bihar"
"Baheri","847105","Darbhanga","Darbhanga","Bihar"
"Bahilwara Gobind","844132","Vaishali","Hazipur","Bihar"
"Bahuara","844510","Vaishali","Hazipur","Bihar"
"Baidalpur","844510","Vaishali","Hazipur","Bihar"
"Baidrabad","804402","Jahanabad","Jahanabad","Bihar"
"Baijani","813112","Bhagalpur","Bhagalpur","Bihar"
"Baikathpur","803205","Sheikhpura","Sheikhpura","Bihar"
"Bairagana","843313","Sitamarhi","Sitamarhi","Bihar"
"Bairagania Bazar","843313","Sitamarhi","Sitamarhi","Bihar"
"Bairagi","823002","Gaya","Gaya","Bihar"
"Bairia","845466","Purba Champaran","Motihari","Bihar"
"Bairia","845466","Purba Champaran","Motihari","Bihar"
"Baisi","854315","Purnia","Purnia","Bihar"
"Baisi","854315","Purnia","Purnia","Bihar"
"Bajitpur","848509","Samastipur","Samastipur","Bihar"
"Bajitpur Karnail","848510","Samastipur","Samastipur","Bihar"
"Bajpatti","843314","Sitamarhi","Sitamarhi","Bihar"
"Bakarpur Jagat","845413","Purba Champaran","Motihari","Bihar"
"Bakerganj","841246","Saran","Saran","Bihar"
"Bakhra","843101","Muzaffarpur","Muzaffarpur","Bihar"
"Bakhri Bazar","848201","Begusarai","Begusarai","Bihar"
"Bakhtiarpur","803212","Patna","Bakhtiarpur","Bihar"
"Bakhtiarpur","803212","Patna","Bakhtiarpur","Bihar"
"Balarampur","855121","Purnia","Purnia","Bihar"
"Balha","851219","Khagaria","Khagaria","Bihar"
"Balika Vidyapith","811311","Munger","Munger","Bihar"
"Ball Jainarain","848151","Samastipur","Samastipur","Bihar"
"Ballia","854208","Purnia","Purnia","Bihar"
"Balua Bazar","854339","Saharsa","Saharsa","Bihar"
"Balukaram","844113","Vaishali","Hazipur","Bihar"
"Banaili","854201","Purnia","Purnia","Bihar"
"Banbhnaul","802211","Rohtas","Sasara","Bihar"
"Bandhuganj","804432","Gaya","Gaya","Bihar"
"Bangaon","852212","Saharsa","Saharsa","Bihar"
"Banghara","848116","Samastipur","Samastipur","Bihar"
"Baniapur","841403","Saran","Saran","Bihar"
"Baniapur","841403","Saran","Saran","Bihar"
"Banjari","821303","Rohtas","Sasara","Bihar"
"Bank Road","800001","Patna","Patna","Bihar"
"Banka","813102","Banka","Banka","Bihar"
"Banka","813102","Bhagalpur","Bhagalpur","Bihar"
"Bankey Bazar","824217","Gaya","Gaya","Bihar"
"Bankipur","800004","Patna","Patna","Bihar"
"Banmankhi","854202","Purnia","Purnia","Bihar"
"Banmankhi","854202","Purnia","Purnia","Bihar"
"Bansgopal","805140","Gaya","Gaya","Bihar"
"Banta South","846001","Darbhanga","Darbhanga","Bihar"
"Barachakia","845412","Purba Champaran","Motihari","Bihar"
"Barachatti","824201","Gaya","Gaya","Bihar"
"Barahat","813103","Bhagalpur","Bhagalpur","Bihar"
"Barahiya","811302","Lakhisarai","Barahiya","Bihar"
"Barahiya","811302","Lakhisarai","Barahiya","Bihar"
"Barari","812003","Bhagalpur","Bhagalpur","Bihar"
"Barari","812003","Bhagalpur","Bhagalpur","Bihar"
"Barari Bihta","843343","Sitamarhi","Sitamarhi","Bihar"
"Barauni","851112","Begusarai","Begusarai","Bihar"
"Barauni","851112","Begusarai","Begusarai","Bihar"
"Barauni Deorhi","851113","Begusarai","Begusarai","Bihar"
"Barauni Oil Refinery","851114","Begusarai","Begusarai","Bihar"
"Barauni Thermal Power Project","851116","Begusarai","Begusarai","Bihar"
"Barauni Urvaraknagar","851115","Begusarai","Begusarai","Bihar"
"Barbatta","848138","Samastipur","Samastipur","Bihar"
"Barbigha College Roadd Barbi","811101","Sheikhpura","Sheikhpura","Bihar"
"Bareja","841201","Saran","Saran","Bihar"
"Barh","803213","Patna","Barh","Bihar"
"Barh College","803213","Patna","Patna","Bihar"
"Barh Court","803213","Patna","Patna","Bihar"
"Barh R S","803214","Patna","Patna","Bihar"
"Barhampur","802112","Bhojpur","Arrah","Bihar"
"Barhampur","802112","Bhojpur","Arrah","Bihar"
"Barhampur Chausasta","802112","Bhojpur","Arrah","Bihar"
"Barhara","802311","Bhojpur","Arrah","Bihar"
"Barhara","802311","Bhojpur","Arrah","Bihar"
"Barhara Kothi","854203","Purnia","Purnia","Bihar"
"Barharia","841232","Saran","Saran","Bihar"
"Barharia","841232","Saran","Saran","Bihar"
"Barharwa","843315","Sitamarhi","Sitamarhi","Bihar"
"Barharwa Kala","845486","Purba Champaran","Motihari","Bihar"
"Barhauna","848508","Samastipur","Samastipur","Bihar"
"Bari Ballia","851220","Begusarai","Begusarai","Bihar"
"Bariarpur","845488","Purba Champaran","Motihari","Bihar"
"Bariarpur","811211","Munger","Munger","Bihar"
"Bariarpur","843102","Muzaffarpur","Muzaffarpur","Bihar"
"Barkagaon","802237","Bhojpur","Arrah","Bihar"
"Barkarajpur","802113","Bhojpur","Arrah","Bihar"
"Barmania","845499","Purba Champaran","Motihari","Bihar"
"Baro","851118","Begusarai","Begusarai","Bihar"
"Barouli","841405","Gopalganj","Gopalganj","Bihar"
"Barsoi","855102","Purnia","Purnia","Bihar"
"Barsoighat","854317","Katihar","Katihar","Bihar"
"Barun","824112","Aurangabad","Aurangabad","Bihar"
"Barun","824112","Aurangabad","Aurangabad","Bihar"
"Baruraj","843132","Muzaffarpur","Muzaffarpur","Bihar"
"Barwat Pasrain","845462","Purba Champaran","Motihari","Bihar"
"Barwat Sena","845465","Purba Champaran","Motihari","Bihar"
"Basahi","821117","Kaimur","Kaimur","Bihar"
"Basaith Chanpura","847102","Madhubani","Madhubani","Bihar"
"Basant","841202","Sheikhpura","Sheikhpura","Bihar"
"Basantpatti","843338","Sitamarhi","Sitamarhi","Bihar"
"Basantpur","854369","Saharsa","Saharsa","Bihar"
"Basantpur","854369","Saharsa","Saharsa","Bihar"
"Basantpur","841405","Siwan","Siwan","Bihar"
"Basantrai","814155","Aurangabad","Aurangabad","Bihar"
"Basauli","847122","Buxar","Buxar","Bihar"
"Basbitti","852160","Saharsa","Saharsa","Bihar"
"Basdeopur","811202","Munger","Munger","Bihar"
"Basdeopur Chandel","844501","Vaishali","Hazipur","Bihar"
"Basopatti","857225","Madhubani","Madhubani","Bihar"
"Basopatti","857225","Madhubani","Madhubani","Bihar"
"Basti Jalal","841249","Saran","Saran","Bihar"
"Baswaria","845463","Purba Champaran","Motihari","Bihar"
"Bataganj","800018","Patna","Patna","Bihar"
"Bathnaha","854316","Purnia","Purnia","Bihar"
"Bathnaha","843352","Sitamarhi","Sitamarhi","Bihar"
"Bathua Bazar","841425","Gopalganj","Gopalganj","Bihar"
"Bathua Buzrug","848136","Samastipur","Samastipur","Bihar"
"Baulia","821304","Rohtas","Sasara","Bihar"
"Baunsi","813104","Bhagalpur","Bhagalpur","Bihar"
"Begampur","800009","Patna","Patna","Bihar"
"Begusarai","851101","Begusarai","Begusarai","Bihar"
"Begusarai Court","851101","Begusarai","Begusarai","Bihar"
"Behariganj","852101","Madhepura","Madhepura","Bihar"
"Behea","802152","Bhojpur","Behea","Bihar"
"Behea Bazar","802152","Bhojpur","Arrah","Bihar"
"Bela","845489","Purba Champaran","Motihari","Bihar"
"Belaganj","804403","Gaya","Gaya","Bihar"
"Belaganj","804403","Gaya","Gaya","Bihar"
"Belamegh","848118","Samastipur","Samastipur","Bihar"
"Belamuchhpakauni","843353","Sitamarhi","Sitamarhi","Bihar"
"Belari","852151","Saharsa","Saharsa","Bihar"
"Belari","848137","Samastipur","Samastipur","Bihar"
"Belari Milki","852161","Khagaria","Khagaria","Bihar"
"Belbagh Bettiah","845438","West Champaran","Betia","Bihar"
"Belhar","813202","Bhagalpur","Bhagalpur","Bihar"
"Belhar","813202","Bhagalpur","Bhagalpur","Bihar"
"Belhauri","801102","Patna","Patna","Bihar"
"Bellan Bazar","811201","Munger","Munger","Bihar"
"Belsand","843316","Sitamarhi","Belsand","Bihar"
"Belsand","843316","Sitamarhi","Sitamarhi","Bihar"
"Belsandi","848219","Samastipur","Samastipur","Bihar"
"Belsandi Tara","848237","Samastipur","Samastipur","Bihar"
"Belwa","854367","Purnia","Purnia","Bihar"
"Benipatti","847223","Madhubani","Madhubani","Bihar"
"Benipatti","847223","Madhubani","Madhubani","Bihar"
"Benipur","847103","Darbhanga","Darbhanga","Bihar"
"Benipur","847103","Darbhanga","Darbhanga","Bihar"
"Benwalia","802151","Bhojpur","Arrah","Bihar"
"Berikheriawan","824218","Aurangabad","Aurangabad","Bihar"
"Bettiah","845438","West Champaran","Bettiah","Bihar"
"Bettiah City","845438","West Champaran","Betia","Bihar"
"Bettiah Dih","845460","West Champaran","Betia","Bihar"
"Bettiah R S","845438","West Champaran","Betia","Bihar"
"Bhabua","821101","Rohtas","Bhabua","Bihar"
"Bhadas","851221","Begusarai","Begusarai","Bihar"
"Bhadaur","803307","Patna","Patna","Bihar"
"Bhagalpur","812001","Bhagalpur","Bhagalpur","Bihar"
"Bhagalpur City","812002","Bhagalpur","Bhagalpur","Bihar"
"Bhagalpur Dist Bd","812001","Bhagalpur","Bhagalpur","Bihar"
"Bhagalpur Eng College","813210","Bhagalpur","Bhagalpur","Bihar"
"Bhaglpur Central Jail","812001","Bhagalpur","Bhagalpur","Bihar"
"Bhagwanbazar Distt Board","841301","Saran","Saran","Bihar"
"Bhagwanpur","821102","Kaimur","Kaimur","Bihar"
"Bhagwanpur","841408","Kaimur","Kaimur","Bihar"
"Bhagwanpur","844114","Kaimur","Kaimur","Bihar"
"Bhagwanpur Desua","848150","Kaimur","Kaimur","Bihar"
"Bhagwatpur","848135","Samastipur","Samastipur","Bihar"
"Bhairopour Deorhi","844137","Vaishali","Hazipur","Bihar"
"Bhakurhar","843354","Sitamarhi","Sitamarhi","Bihar"
"Bhandartal","854125","Katihar","Katihar","Bihar"
"Bhangahi","854354","Purnia","Purnia","Bihar"
"Bhaptiahi Bazar","852105","Saharsa","Saharsa","Bihar"
"Bharkho","813126","Bhagalpur","Bhagalpur","Bihar"
"Bharpura","848238","Samastipur","Samastipur","Bihar"
"Bharwara","847104","Darbhanga","Darbhanga","Bihar"
"Bharwari","843133","Muzaffarpur","Muzaffarpur","Bihar"
"Bharwari","848218","Samastipur","Samastipur","Bihar"
"Bhasarmachha","843335","Sitamarhi","Sitamarhi","Bihar"
"Bhathar","801307","Nalanda","Biharsharif","Bihar"
"Bhatta Bazar","854301","Purnia","Purnia","Bihar"
"Bhaur","847241","Madhubani","Madhubani","Bihar"
"Bhawanipur","853206","Purnia","Purnia","Bihar"
"Bhawanipur","853206","Purnia","Purnia","Bihar"
"Bhelahi","845311","West Champaran","Betia","Bihar"
"Bhimnagar Barrage","854338","Saharsa","Saharsa","Bihar"
"Bhirha","848216","Samastipur","Samastipur","Bihar"
"Bhirkhi","852143","Saharsa","Saharsa","Bihar"
"Bhitha Dharampur","843344","Sitamarhi","Sitamarhi","Bihar"
"Bhojpur","802128","Bhojpur","Arrah","Bihar"
"Bhojpur","802178","Bhojpur","Arrah","Bihar"
"Bhojpur","802231","Bhojpur","Arrah","Bihar"
"Bhore","841426","Gopalganj","Gopalganj","Bihar"
"Bhowra","847212","Madhubani","Madhubani","Bihar"
"Bhurna","813119","Bhagalpur","Bhagalpur","Bihar"
"Bhuswar","848220","Samastipur","Samastipur","Bihar"
"Bhutahi","843317","Sitamarhi","Sitamarhi","Bihar"
"Bhuwan Chapra","845490","Purba Champaran","Motihari","Bihar"
"Bidhupur Bazar","844503","Vaishali","Hazipur","Bihar"
"Bidhupur R S","844502","Vaishali","Hazipur","Bihar"
"Bihar Governers Camp","800022","Patna","Patna","Bihar"
"Bihar Public","800001","Patna","Patna","Bihar"
"Bihar Regimental Centre","801503","Patna","Patna","Bihar"
"Bihar School Exam Board","800017","Patna","Patna","Bihar"
"Bihar University","842001","Muzaffarpur","Muzaffarpur","Bihar"
"Bihar Veterinary College","800014","Patna","Patna","Bihar"
"Biharsharif","803101","Nalanda","Biharsharif","Bihar"
"Bihat","851135","Begusarai","Begusarai","Bihar"
"Bihpur","853201","Bhagalpur","Bhagalpur","Bihar"
"Bihpur","853201","Bhagalpur","Bhagalpur","Bihar"
"Bihta","801103","Patna","Patna","Bihar"
"Bihta","801103","Patna","Patna","Bihar"
"Bijaipur","841508","Gopalganj","Gopalganj","Bihar"
"Bijaipur","841508","Gopalganj","Gopalganj","Bihar"
"Bikram","801104","Patna","Patna","Bihar"
"Bikram","801104","Patna","Patna","Bihar"
"Bikramganj","802212","Rohtas","Bikramganj","Bihar"
"Bina","852148","Saharsa","Saharsa","Bihar"
"Bind","811108","Nalanda","Biharsharif","Bihar"
"Bind","811108","Nalanda","Biharsharif","Bihar"
"Birana Lakhansen","844135","Vaishali","Hazipur","Bihar"
"Birhima Bazar","843127","Muzaffarpur","Muzaffarpur","Bihar"
"Birnagar","845363","Purba Champaran","Motihari","Bihar"
"Biroul","847203","Darbhanga","Darbhanga","Bihar"
"Birouli Rural Institute","848113","Samastipur","Samastipur","Bihar"
"Birpur","847240","Madhubani","Birpur","Bihar"
"Birpur","854340","Saharsa","Birpur","Bihar"
"Bisfi","847123","Darbhanga","Darbhanga","Bihar"
"Bisfi","847123","Darbhanga","Darbhanga","Bihar"
"Bishanpur Bathua","848159","Samastipur","Samastipur","Bihar"
"Bishunpur","854207","Purnia","Purnia","Bihar"
"Bishunpur Deorhi","854207","Purnia","Purnia","Bihar"
"Bishunpura","841407","Gopalganj","Gopalganj","Bihar"
"Bishunpurwa","845464","Purba Champaran","Motihari","Bihar"
"Bithan","848207","Samastipur","Samastipur","Bihar"
"Bithan","848207","Samastipur","Samastipur","Bihar"
"Boaring Canal Road","800001","Patna","Patna","Bihar"
"Bochaha","843103","Muzaffarpur","Muzaffarpur","Bihar"
"Bochaha","843103","Muzaffarpur","Muzaffarpur","Bihar"
"Bodh Gaya","824231","Gaya","Bodh Gaya","Bihar"
"Bokaney Kala","845491","Purba Champaran","Motihari","Bihar"
"Brahpura","812001","Bhagalpur","Bhagalpur","Bihar"
"Budhama","852114","Madhepura","Madhepura","Bihar"
"Budhnagra Deorhi","843318","Sitamarhi","Sitamarhi","Bihar"
"Buniadganj","823003","Gaya","Gaya","Bihar"
"Buxar","802101","Buxar","Buxar","Bihar"
"Buxar Gajadhargani","802103","Buxar","Buxar","Bihar"
"Buxar Jail","802102","Buxar","Buxar","Bihar"
"Central R Bldg","800001","Patna","Patna","Bihar"
"Chainpur","845304","Kaimur","Adapur","Bihar"
"Chainpur","845304","Kaimur","Amawan","Bihar"
"Chainpur","821103","Kaimur","Kaimur","Bihar"
"Chainpur","841203","Kaimur","Kaimur","Bihar"
"Chainwa","841204","Saran","Saran","Bihar"
"Chaita","845414","Purba Champaran","Motihari","Bihar"
"Chaita","848139","Samastipur","Samastipur","Bihar"
"Chakai Hat","854342","Jamui","Jamui","Bihar"
"Chakan","804404","Gaya","Gaya","Bihar"
"Chakar","811303","Munger","Munger","Bihar"
"Chakmahila","843355","Sitamarhi","Sitamarhi","Bihar"
"Chaknawada","848120","Samastipur","Samastipur","Bihar"
"Chakradharpur Bazar","848120","Samastipur","Samastipur","Bihar"
"Chakradharpur Colony","848120","Samastipur","Samastipur","Bihar"
"Chaksikandar","844115","Vaishali","Hazipur","Bihar"
"Chakthat","848221","Samastipur","Samastipur","Bihar"
"Chamarhara Mamsai","844511","Vaishali","Hazipur","Bihar"
"Champanagar","812004","Bhagalpur","Bhagalpur","Bihar"
"Chand","821120","Kaimur","Kaimur","Bihar"
"Chand","821120","Kaimur","Kaimur","Bihar"
"Chand Chaur","848119","Samastipur","Samastipur","Bihar"
"Chandan","814131","Bhagalpur","Bhagalpur","Bihar"
"Chandanbara","845312","Purba Champaran","Motihari","Bihar"
"Chandanpatti","843104","Muzaffarpur","Muzaffarpur","Bihar"
"Chandaos","801114","Patna","Patna","Bihar"
"Chandauli","848152","Samastipur","Samastipur","Bihar"
"Chandauti","823001","Gaya","Gaya","Bihar"
"Chandchaura","823001","Gaya","Gaya","Bihar"
"Chandi","803108","Nalanda","Biharsharif","Bihar"
"Chandi","803108","Nalanda","Biharsharif","Bihar"
"Chandpur","854119","Katihar","Katihar","Bihar"
"Chandpura","851136","Begusarai","Begusarai","Bihar"
"Chandwa","802312","Bhojpur","Arrah","Bihar"
"Chanpatia","845449","West Champaran","Chanpatia","Bihar"
"Chanpatia","845449","West Champaran","Betia","Bihar"
"Chanpatia Bazar","845449","West Champaran","Betia","Bihar"
"Chappia","841429","Saran","Saran","Bihar"
"Chapra","841301","Saran","Chapra","Bihar"
"Chapra","841301","Saran","Saran","Bihar"
"Chapra Bahas","845492","Purba Champaran","Motihari","Bihar"
"Chapra Megh","843135","Muzaffarpur","Muzaffarpur","Bihar"
"Chapra Rd Siwan","841226","Siwan","Siwan","Bihar"
"Charpokhri","802223","Bhojpur","Arrah","Bihar"
"Chatauna","848153","Samastipur","Samastipur","Bihar"
"Chatia","845501","Purba Champaran","Motihari","Bihar"
"Chaugain","802115","Bhojpur","Arrah","Bihar"
"Chaugain","802115","Bhojpur","Arrah","Bihar"
"Chaughara","800008","Patna","Patna","Bihar"
"Chauhatta","844101","Vaishali","Hazipur","Bihar"
"Chaumukha","845467","Purba Champaran","Motihari","Bihar"
"Chauradano","845302","Purba Champaran","Motihari","Bihar"
"Chaurasta Behea","802154","Bhojpur","Arrah","Bihar"
"Chausa","802114","Bhojpur","Arrah","Bihar"
"Chausa","802114","Bhojpur","Arrah","Bihar"
"Chausa","852213","Madhepura","Madhepura","Bihar"
"Chautham","851201","Khagaria","Khagaria","Bihar"
"Chautham","851201","Khagaria","Khagaria","Bihar"
"Chechar","844512","Vaishali","Hazipur","Bihar"
"Chenari","821104","Rohtas","Sasara","Bihar"
"Cherki","824237","Gaya","Gaya","Bihar"
"Chewara","811304","Munger","Munger","Bihar"
"Chewara","811304","Munger","Munger","Bihar"
"Chhajam","843134","Muzaffarpur","Muzaffarpur","Bihar"
"Chhata Bazar","842001","Muzaffarpur","Muzaffarpur","Bihar"
"Chhatauna","802225","Bhojpur","Arrah","Bihar"
"Chhatavni Chowk","845401","Purba Champaran","Motihari","Bihar"
"Chintamanpur","845525","Purba Champaran","Motihari","Bihar"
"Chiraiya","845145","Purba Champaran","Motihari","Bihar"
"Chiraiyatand","800001","Patna","Patna","Bihar"
"Chitarpur","825101","Aurangabad","Aurangabad","Bihar"
"Chittaranjan Rd","811311","Munger","Munger","Bihar"
"Chopra Ram Nagar","854102","Katihar","Katihar","Bihar"
"Choratabhaka","848222","Samastipur","Samastipur","Bihar"
"Chorout","843319","Sitamarhi","Sitamarhi","Bihar"
"Chowk Gaya","823001","Gaya","Gaya","Bihar"
"Chowk Shikarpur","800008","Patna","Patna","Bihar"
"Chuhari","845450","West Champaran","Betia","Bihar"
"Chupraon","852106","Saharsa","Saharsa","Bihar"
"Churamanpur","802116","Buxar","Buxar","Bihar"
"Civil Aerodrome","802116","Bhojpur","Arrah","Bihar"
"Civil Lines","823001","Gaya","Gaya","Bihar"
"Cm College","846004","Darbhanga","Darbhanga","Bihar"
"Colgong","813203","Bhagalpur","Colgong","Bihar"
"Colgong","813203","Bhagalpur","Bhagalpur","Bihar"
"Collectorate","842001","Muzaffarpur","Muzaffarpur","Bihar"
"Controller Of Defence","813203","Bhagalpur","Bhagalpur","Bihar"
"Daharia","852145","Saharsa","Saharsa","Bihar"
"Daharia Mills","854103","Katihar","Katihar","Bihar"
"Dahaur","847243","Madhubani","Madhubani","Bihar"
"Dahua","813128","Bhagalpur","Bhagalpur","Bihar"
"Dain Marwa","845109","West Champaran","Betia","Bihar"
"Dalan","854127","Purnia","Purnia","Bihar"
"Dalippur","802155","Bhojpur","Arrah","Bihar"
"Dalmianagar","821305","Rohtas","Sasara","Bihar"
"Dalsingsarai","848114","Samastipur","Samastipur","Bihar"
"Dalwar Chemical","801503","Patna","Patna","Bihar"
"Damodarpur","845416","Purba Champaran","Motihari","Bihar"
"Danwar","821313","Rohtas","Sasara","Bihar"
"Daparkha","852158","Saharsa","Saharsa","Bihar"
"Darbhanga","846004","Darbhanga","Darbhanga","Bihar"
"Darbhanga","846004","Darbhanga","Darbhanga","Bihar"
"Darbhanga Bara Bazar","846004","Darbhanga","Darbhanga","Bihar"
"Darbhanga Chowk","846004","Darbhanga","Darbhanga","Bihar"
"Darbhanga City","846004","Darbhanga","Darbhanga","Bihar"
"Darbhanga Medical College","846003","Darbhanga","Darbhanga","Bihar"
"Dariapur","845417","Purba Champaran","Motihari","Bihar"
"Dariapur","845417","Purba Champaran","Motihari","Bihar"
"Darigaon","821118","Kishanganj","Kishanganj","Bihar"
"Darihara","841247","Saran","Saran","Bihar"
"Darihat","821306","Rohtas","Sasara","Bihar"
"Daronda","841233","Saran","Saran","Bihar"
"Darouli","821119","Rohtas","Sasara","Bihar"
"Darouli","841234","Saran","Saran","Bihar"
"Darul Mallick","800001","Patna","Patna","Bihar"
"Datiana","801115","Patna","Patna","Bihar"
"Daudnagar","824113","Aurangabad","Daudnagar","Bihar"
"Daudnagar","824113","Aurangabad","Daudnagar","Bihar"
"Daudpur","801502","Patna","Patna","Bihar"
"Daudpur","841205","Saran","Saran","Bihar"
"Dawath","802226","Rohtas","Sasara","Bihar"
"Dawath","802226","Rohtas","Sasara","Bihar"
"Dayalpur","841206","Saran","Saran","Bihar"
"Dayalpurgarh","844513","Vaishali","Hazipur","Bihar"
"Deep","847413","Madhubani","Madhubani","Bihar"
"Dehri On","821307","Rohtas","Sasara","Bihar"
"Dehri R S","821305","Rohtas","Sasara","Bihar"
"Delha","823002","Gaya","Gaya","Bihar"
"Dental College","800007","Patna","Patna","Bihar"
"Deo","824202","Aurangabad","Aurangabad","Bihar"
"Deo","824202","Aurangabad","Aurangabad","Bihar"
"Deodha","847242","Madhubani","Madhubani","Bihar"
"Deohara","824114","Aurangabad","Aurangabad","Bihar"
"Deoria","843120","Araria","Araria","Bihar"
"Desri","848223","Samastipur","Samastipur","Bihar"
"Desri","844504","Vaishali","Hazipur","Bihar"
"Dhabauli","852107","Madhepura","Madhepura","Bihar"
"Dhaka","845418","Purba Champaran","Dhaka","Bihar"
"Dhaka","845418","Banka","Banka","Bihar"
"Dhamaon","844514","Vaishali","Hazipur","Bihar"
"Dhamar","802156","Bhojpur","Arrah","Bihar"
"Dhamaul","805101","Nawada","Nawada","Bihar"
"Dhamdaha","854205","Purnia","Purnia","Bihar"
"Dhamdaha","854205","Purnia","Purnia","Bihar"
"Dhankaul","843356","Sheikhpura","Sheikhpura","Bihar"
"Dhansoi","802117","Bhojpur","Arrah","Bihar"
"Dharahara","844117","Muzaffarpur","Muzaffarpur","Bihar"
"Dharaut","804405","Gaya","Gaya","Bihar"
"Dharfari","843137","Muzaffarpur","Muzaffarpur","Bihar"
"Dharhara","811212","Munger","Munger","Bihar"
"Dhepura","848123","Samastipur","Samastipur","Bihar"
"Dhobgama","848303","Samastipur","Samastipur","Bihar"
"Dholbazza","854344","Purnia","Purnia","Bihar"
"Dhuli","843105","Muzaffarpur","Muzaffarpur","Bihar"
"Dhuli Agricultural College","843121","Muzaffarpur","Muzaffarpur","Bihar"
"Dhumnagar","845468","Purba Champaran","Motihari","Bihar"
"Digha","800012","Patna","Patna","Bihar"
"Digha Ghat","800011","Patna","Patna","Bihar"
"Dighal Bank","855120","Kishanganj","Kishanganj","Bihar"
"Dighi Kalan","844136","Vaishali","Hazipur","Bihar"
"Dighra","848115","Samastipur","Samastipur","Bihar"
"Dighwa Dubauli","841409","Gopalganj","Gopalganj","Bihar"
"Dighwara","841207","Saran","Dighwara","Bihar"
"Dihra","824130","Aurangabad","Aurangabad","Bihar"
"Dilipchak","801508","Patna","Patna","Bihar"
"Dinapur Bazar","801503","Patna","Patna","Bihar"
"Dinapur Cantt","801503","Patna","Patna","Bihar"
"Dinara","802213","Rohtas","Sasara","Bihar"
"Dinara","802213","Rohtas","Sasara","Bihar"
"Distt Supdt Education","800001","Patna","Patna","Bihar"
"Diwan Mahalla","800008","Patna","Patna","Bihar"
"Diwanjike Shikarpur","845451","West Champaran","Betia","Bihar"
"Done","841235","Saran","Saran","Bihar"
"Dubaha Buzrug","843136","Muzaffarpur","Muzaffarpur","Bihar"
"Dudhani","814101","Bhagalpur","Bhagalpur","Bihar"
"Dullahpur","802118","Bhojpur","Arrah","Bihar"
"Dullipatti","847244","Madhubani","Madhubani","Bihar"
"Dumari Buzrang","841252","Siwan","Siwan","Bihar"
"Dumaria","824214","Gaya","Gaya","Bihar"
"Dumaria","824214","Gaya","Gaya","Bihar"
"Dumaria Bazar","845110","West Champaran","Betia","Bihar"
"Dumarsan Bangra","841410","Saran","Saran","Bihar"
"Dumka","814101","Bhagalpur","Bhagalpur","Bihar"
"Dumramah","813120","Bhagalpur","Bhagalpur","Bihar"
"Dumraoh","802119","Patna","Patna","Bihar"
"Dumraon Textile","802136","Bhojpur","Arrah","Bihar"
"Dumri","802120","Bhojpur","Arrah","Bihar"
"Dumri","844116","Muzaffarpur","Muzaffarpur","Bihar"
"Dumri","843357","Sitamarhi","Sitamarhi","Bihar"
"Durga Asthan","823003","Gaya","Gaya","Bihar"
"Durgaganj","855105","Katihar","Katihar","Bihar"
"Durgapur","854105","Kishanganj","Kishanganj","Bihar"
"Durgawati","821105","Kaimur","Kaimur","Bihar"
"Ekangerdih","801309","Nalanda","Biharsharif","Bihar"
"Ekangersarai","801301","Nalanda","Biharsharif","Bihar"
"Ekchari","813204","Bhagalpur","Bhagalpur","Bihar"
"Ekma","841208","Saran","Saran","Bihar"
"Ekma","841208","Saran","Saran","Bihar"
"Enai","841314","Saran","Saran","Bihar"
"Enaitpur","841253","Saran","Saran","Bihar"
"Fakuli","841317","Saran","Saran","Bihar"
"Falka","854118","Katihar","Katihar","Bihar"
"Fatehpur","813233","Bhagalpur","Bhagalpur","Bihar"
"Fatehpur","824232","Gaya","Gaya","Bihar"
"Fatehpur Bela","848154","Samastipur","Samastipur","Bihar"
"Fatwa","803201","Patna","Patna","Bihar"
"Forbesganj","854318","Purnia","Forbesganj","Bihar"
"Fort Daudnagar","824113","Aurangabad","Aurangabad","Bihar"
"G D College Road","851101","Begusarai","Begusarai","Bihar"
"Gahumani","852155","Saharsa","Saharsa","Bihar"
"Gaighat","802169","Bhojpur","Arrah","Bihar"
"Gaighat","802169","Bhojpur","Arrah","Bihar"
"Gajgajganj","802157","Bhojpur","Arrah","Bihar"
"Gajpatti","848224","Samastipur","Samastipur","Bihar"
"Galgalia","855106","Kishanganj","Kishanganj","Bihar"
"Gamail","852144","Saharsa","Saharsa","Bihar"
"Gamharia","852108","Saharsa","Saharsa","Bihar"
"Gamharia","852108","Saharsa","Saharsa","Bihar"
"Gandhi Bazar","847211","Madhubani","Madhubani","Bihar"
"Gandhi Chowk","841301","Saran","Saran","Bihar"
"Gandhi Path","821115","Rohtas","Sasara","Bihar"
"Ganeshpur","854364","Purnia","Purnia","Bihar"
"Ganeshpur","852233","Saharsa","Saharsa","Bihar"
"Gangapur","848124","Samastipur","Samastipur","Bihar"
"Ganghar","802317","Bhojpur","Arrah","Bihar"
"Ganghara","801507","Patna","Patna","Bihar"
"Gangpur Siswan","841210","Saran","Saran","Bihar"
"Ganpatganj","852109","Saharsa","Saharsa","Bihar"
"Gaopur","848140","Samastipur","Samastipur","Bihar"
"Garaul","844118","Vaishali","Hazipur","Bihar"
"Gardanibagh","800002","Patna","Patna","Bihar"
"Garh Banaili","854325","Purnia","Purnia","Bihar"
"Garh Baruai","852110","Saharsa","Saharsa","Bihar"
"Garh Manjha","841427","Gopalganj","Gopalganj","Bihar"
"Garh Nokha","802215","Rohtas","Sasara","Bihar"
"Garh Sisai","848511","Samastipur","Samastipur","Bihar"
"Garha","843335","Sitamarhi","Sitamarhi","Bihar"
"Garhani","802203","Bhojpur","Arrah","Bihar"
"Garhani","802203","Bhojpur","Arrah","Bihar"
"Garhara","851126","Begusarai","Begusarai","Bihar"
"Garhpura","848204","Begusarai","Begusarai","Bihar"
"Garhpura","848204","Begusarai","Begusarai","Bihar"
"Garibtola","841312","Saran","Saran","Bihar"
"Garkha","841311","Saran","Saran","Bihar"
"Garkha","841311","Saran","Saran","Bihar"
"Gaudarh Rudranagar","802183","Bhojpur","Arrah","Bihar"
"Gaunaha","845102","West Champaran","Betia","Bihar"
"Gaura","841443","Saran","Saran","Bihar"
"Gavendra","845494","Purba Champaran","Motihari","Bihar"
"Gawandri","841430","Saran","Saran","Bihar"
"Gaya","823001","Gaya","Gaya","Bihar"
"Gaya","823004","Gaya","Gaya","Bihar"
"Gaya Distt Board","823001","Gaya","Gaya","Bihar"
"Gaya Jail","823001","Gaya","Gaya","Bihar"
"Gaya R S","823002","Gaya","Gaya","Bihar"
"Gayaspur","843107","Muzaffarpur","Muzaffarpur","Bihar"
"Ghagra","835208","Gaya","Gaya","Bihar"
"Ghataro","844119","Vaishali","Hazipur","Bihar"
"Ghogha","813205","Bhagalpur","Bhagalpur","Bihar"
"Ghoghardiha","847402","Madhubani","Ghoghardiha","Bihar"
"Ghorasahan","845303","Purba Champaran","Motihari","Bihar"
"Ghosaut","843138","Muzaffarpur","Muzaffarpur","Bihar"
"Ghosi","804406","Jahanabad","Hilsa","Bihar"
"Gidha","843106","Muzaffarpur","Muzaffarpur","Bihar"
"Gidhaur","811305","Jamui","Jamui","Bihar"
"Giriak","803109","Nalanda","Biharsharif","Bihar"
"Gobindganj","845419","Purba Champaran","Motihari","Bihar"
"Gobindpur","805102","Nawada","Nawada","Bihar"
"Godda","814133","Aurangabad","Aurangabad","Bihar"
"Gogri","851102","Khagaria","Khagaria","Bihar"
"Gogri","851102","Khagaria","Khagaria","Bihar"
"Goh","824203","Aurangabad","Aurangabad","Bihar"
"Goh","824203","Aurangabad","Aurangabad","Bihar"
"Gola Bazar Sherghati","824211","Aurangabad","Aurangabad","Bihar"
"Golma","852141","Saharsa","Saharsa","Bihar"
"Gopalganj","841428","Gopalganj","Gopalganj","Bihar"
"Gopalganj","841428","Gopalganj","Gopalganj","Bihar"
"Gopalganj College","841428","Gopalganj","Gopalganj","Bihar"
"Gorakshni Sasaram","821115","Rohtas","Sasara","Bihar"
"Goriakothi","841434","Siwan","Siwan","Bihar"
"Goriar","854120","Katihar","Katihar","Bihar"
"Gulabbagh","854326","Purnia","Purnia","Bihar"
"Gultenganj","841211","Saran","Saran","Bihar"
"Gulwara Madhuban","845420","Purba Champaran","Motihari","Bihar"
"Gulzarbagh","800007","Patna","Patna","Bihar"
"Gunri","802313","Bhojpur","Arrah","Bihar"
"Guraru Mills","824118","Gaya","Gaya","Bihar"
"Gurhatta","800008","Patna","Patna","Bihar"
"Guru Bazar","854104","Katihar","Katihar","Bihar"
"Gurua","824205","Gaya","Gaya","Bihar"
"Gurua","824205","Gaya","Gaya","Bihar"
"Guthni","841435","Siwan","Siwan","Bihar"
"Habidih","847204","Darbhanga","Darbhanga","Bihar"
"Habidpur","813113","Bhagalpur","Bhagalpur","Bihar"
"Haiharganj","821310","Rohtas","Sasara","Bihar"
"Hajipur","844101","Vaishali","Hajipur","Bihar"
"Hajipur","844101","Vaishali","Hazipur","Bihar"
"Hajipur Chowk","844101","Vaishali","Hazipur","Bihar"
"Hansikewal","844131","Vaishali","Hazipur","Bihar"
"Hanuman Sugar Mills","845421","Purba Champaran","Motihari","Bihar"
"Haraji","841248","Saran","Saran","Bihar"
"Hardi","843122","Muzaffarpur","Muzaffarpur","Bihar"
"Hardi","852235","Saharsa","Saharsa","Bihar"
"Hari Nagar","845103","West Champaran","Betia","Bihar"
"Hariharpur","847310","Madhubani","Madhubani","Bihar"
"Haripur","847411","Darbhanga","Darbhanga","Bihar"
"Haripur","845308","West Champaran","Betia","Bihar"
"Haripur Dihtol","847246","Madhubani","Madhubani","Bihar"
"Haripurdak","854353","Purnia","Purnia","Bihar"
"Harlakhi","847245","Madhubani","Madhubani","Bihar"
"Harlakhi","847245","Madhubani","Madhubani","Bihar"
"Harnaut","803110","Nalanda","Biharsharif","Bihar"
"Harpur Ailith","848110","Samastipur","Samastipur","Bihar"
"Harpur Pusa","848156","Samastipur","Samastipur","Bihar"
"Harpur Rewari","848155","Samastipur","Samastipur","Bihar"
"Harpur Tola","845469","Purba Champaran","Motihari","Bihar"
"Harsidhi","845422","Purba Champaran","Motihari","Bihar"
"Hasan Bazar","802204","Bhojpur","Arrah","Bihar"
"Hasanpur Gurda","844515","Vaishali","Hazipur","Bihar"
"Hasanpur Sugar Mills","848205","Samastipur","Samastipur","Bihar"
"Hasanpura","841236","Saran","Saran","Bihar"
"Hasanpura","841236","Saran","Saran","Bihar"
"Haspura","824120","Aurangabad","Aurangabad","Bihar"
"Haspura","824120","Aurangabad","Aurangabad","Bihar"
"Hasua","805103","Nawada","Nawada","Bihar"
"Hathiawan","811109","Munger","Munger","Bihar"
"Hathidah","803301","Patna","Patna","Bihar"
"Hathouri","847311","Madhubani","Madhubani","Bihar"
"Hathwa","841436","Gopalganj","Gopalganj","Bihar"
"Hatta","821106","Rohtas","Sasara","Bihar"
"Haubagar Bazar","847226","Madhubani","Madhubani","Bihar"
"Havelikharagpur","811213","Munger","Munger","Bihar"
"Hayaghat Bilaspur","847301","Darbhanga","Darbhanga","Bihar"
"Hazaratsian","804451","Patna","Patna","Bihar"
"Hd Jain College","802301","Bhojpur","Arrah","Bihar"
"Henry Bazar","845401","Purba Champaran","Motihari","Bihar"
"Hilsa","801302","Nalanda","Hilsa","Bihar"
"Hirauta Dumma","843359","Sitamarhi","Sitamarhi","Bihar"
"Hotel Republic","800001","Patna","Patna","Bihar"
"Hulashganj","804407","Gaya","Gaya","Bihar"
"Hussainganj","841237","Saran","Saran","Bihar"
"Hussaini","845423","Purba Champaran","Motihari","Bihar"
"Ichwapur","841411","Saran","Saran","Bihar"
"Ilmasnagar","848117","Samastipur","Samastipur","Bihar"
"Imalichatti","842001","Muzaffarpur","Muzaffarpur","Bihar"
"Imambari","846001","Darbhanga","Darbhanga","Bihar"
"Imamganj","824206","Gaya","Gaya","Bihar"
"Imamganj","824206","Gaya","Gaya","Bihar"
"Indian Explosive","841411","Saran","Saran","Bihar"
"Indian Nation","800001","Patna","Patna","Bihar"
"Indrapuri","821308","Rohtas","Sasara","Bihar"
"Ishaquchak","812001","Bhagalpur","Bhagalpur","Bihar"
"Ishipur","813206","Kaimur","Durgawati","Bihar"
"Islampur","801303","Nalanda","Islampur","Bihar"
"Islampur","801303","Nalanda","Islampur","Bihar"
"Israin","852142","Saharsa","Saharsa","Bihar"
"Itarhi","802123","Bhojpur","Arrah","Bihar"
"Itarhi","802123","Bhojpur","Arrah","Bihar"
"Jadia","852214","Saharsa","Saharsa","Bihar"
"Jagdam College","841301","Saran","Saran","Bihar"
"Jagdishpur","813105","Bhagalpur","Jagdishpur","Bihar"
"Jagdishpur","813105","Bhagalpur","Jagdishpur","Bihar"
"Jagdishpur Arrah","802158","Bhojpur","Arrah","Bihar"
"Jagdishpur Bhagalpur","813105","Bhagalpur","Bhagalpur","Bihar"
"Jagdishpur Motihari","845459","West Champaran","Betia","Bihar"
"Jageshwar Asthan","847414","Madhubani","Madhubani","Bihar"
"Jahanabad","804408","Kaimur","Kaimur","Bihar"
"Jahanabad Kutchery","804408","Jahanabad","Jahanabad","Bihar"
"Jahanabad R S","804417","Jahanabad","Jahanabad","Bihar"
"Jainagar","847226","Madhubani","Jainagar","Bihar"
"Jaintipur","844138","Vaishali","Hazipur","Bihar"
"Jaintpur Bharwalia","841254","Siwan","Siwan","Bihar"
"Jaintpur Est","843123","Muzaffarpur","Muzaffarpur","Bihar"
"Jaitpur Lankaria","845440","Purba Champaran","Motihari","Bihar"
"Jajuar","843360","Muzaffarpur","Muzaffarpur","Bihar"
"Jakhim","824122","Aurangabad","Aurangabad","Bihar"
"Jalalgarh","854327","Purnia","Purnia","Bihar"
"Jalalgarh","854327","Purnia","Purnia","Bihar"
"Jalalpur Bazar","841412","Saran","Saran","Bihar"
"Jalalpur Bishunpura","841255","Saran","Saran","Bihar"
"Jalkaura","851222","Begusarai","Begusarai","Bihar"
"Jalpura","802173","Bhojpur","Arrah","Bihar"
"Jamal Road","800001","Patna","Patna","Bihar"
"Jamalbad","843140","Muzaffarpur","Muzaffarpur","Bihar"
"Jamalpur","811214","Munger","Jamalpur","Bihar"
"Jamalpur","811214","Munger","Jamalpur","Bihar"
"Jamalpur Gogri","851203","Khagaria","Khagaria","Bihar"
"Jamalpur Sadar Bazar","811214","Munger","Munger","Bihar"
"Jamalpur Workshop","811214","Munger","Munger","Bihar"
"Jamhore","824121","Aurangabad","Aurangabad","Bihar"
"Jamira","824121","Aurangabad","Aurangabad","Bihar"
"Jamira","802174","Bhojpur","Arrah","Bihar"
"Jamo Bazar","841413","Gopalganj","Gopalganj","Bihar"
"Jamua","843361","Sitamarhi","Sitamarhi","Bihar"
"Jamui","811307","Jamui","Jamui","Bihar"
"Jamui","811307","Jamui","Jamui","Bihar"
"Jamui Court","811307","Jamui","Jamui","Bihar"
"Janakpur Road","843320","Sitamarhi","Sitamarhi","Bihar"
"Janipur","843349","Sitamarhi","Sitamarhi","Bihar"
"Janki Asthan","843301","Sitamarhi","Sitamarhi","Bihar"
"Jaraila","852140","Saharsa","Saharsa","Bihar"
"Jarmundi","814141","Aurangabad","Aurangabad","Bihar"
"Jasauli","843141","Muzaffarpur","Muzaffarpur","Bihar"
"Jethian","805136","Gaya","Gaya","Bihar"
"Jhaha Bazar","811308","Jamui","Jamui","Bihar"
"Jhajha","811308","Jamui","Jhajha","Bihar"
"Jhajha","811308","Jamui","Jhajha","Bihar"
"Jhakhra","848239","Samastipur","Samastipur","Bihar"
"Jhakhra","841432","Saran","Saran","Bihar"
"Jhakhra","845470","West Champaran","Betia","Bihar"
"Jhandaba","844505","Vaishali","Hazipur","Bihar"
"Jhanjharpur","847404","Madhubani","Jhanjharpur","Bihar"
"Jhanjharpur R S","847403","Madhubani","Madhubani","Bihar"
"Jhapaha","843142","Muzaffarpur","Muzaffarpur","Bihar"
"Jiaram Raghopur","852111","Saharsa","Saharsa","Bihar"
"Jihuli","845523","Purba Champaran","Motihari","Bihar"
"Jirwa","852153","Saharsa","Saharsa","Bihar"
"Jitaura","802159","Bhojpur","Arrah","Bihar"
"Jitwarpur","848134","Araria","Araria","Bihar"
"Jogapatti","845452","West Champaran","Betia","Bihar"
"Jogbani","854328","Purnia","Jogbani","Bihar"
"Jogia","841212","Saran","Saran","Bihar"
"Jogia","845411","West Champaran","Betia","Bihar"
"Jogiara","847303","Darbhanga","Darbhanga","Bihar"
"Jokiari","845313","Purba Champaran","Motihari","Bihar"
"Jokihat","854329","Purnia","Purnia","Bihar"
"Jokihat","854329","Purnia","Purnia","Bihar"
"Jorpura","848512","Samastipur","Samastipur","Bihar"
"Judges Court Rd","800001","Patna","Patna","Bihar"
"K Sector","800016","Patna","Patna","Bihar"
"Kachchi Sarai","842002","Muzaffarpur","Muzaffarpur","Bihar"
"Kachhua","847415","Madhubani","Madhubani","Bihar"
"Kachwa","821309","Rohtas","Sasara","Bihar"
"Kachwi","847416","Madhubani","Madhubani","Bihar"
"Kadamkuan","800003","Patna","Patna","Bihar"
"Kadirganj","805104","Nawada","Nawada","Bihar"
"Kahuara","805144","Gaya","Gaya","Bihar"
"Kajha","854365","Purnia","Purnia","Bihar"
"Kajra","811309","Munger","Munger","Bihar"
"Kakan","854366","Purnia","Purnia","Bihar"
"Kako","804418","Jahanabad","Afzalpur","Bihar"
"Kako","804418","Jahanabad","Jhanjharpur","Bihar"
"Kakrail","847248","Madhubani","Madhubani","Bihar"
"Kakwara","813118","Banka","Banka","Bihar"
"Kaler","824127","Aurangabad","Aurangabad","Bihar"
"Kaler","824127","Aurangabad","Aurangabad","Bihar"
"Kalikapur","847249","Madhubani","Madhubani","Bihar"
"Kaluahi","847229","Madhubani","Madhubani","Bihar"
"Kaluahi","847229","Madhubani","Madhubani","Bihar"
"Kalwari","843108","Muzaffarpur","Muzaffarpur","Bihar"
"Kalyani","842001","Muzaffarpur","Muzaffarpur","Bihar"
"Kalyanpur","845495","Purba Champaran","Motihari","Bihar"
"Kalyanpur","845495","Purba Champaran","Motihari","Bihar"
"Kalyanpur Chowk","848302","Samastipur","Samastipur","Bihar"
"Kamla Gopalpur","801119","Bhojpur","Arrah","Bihar"
"Kamraon","848126","Samastipur","Samastipur","Bihar"
"Kamtaul","847304","Darbhanga","Darbhanga","Bihar"
"Kanhauli Azara","842002","Muzaffarpur","Muzaffarpur","Bihar"
"Kanhauli Bazar","847451","Saharsa","Saharsa","Bihar"
"Kansi","847110","Darbhanga","Darbhanga","Bihar"
"Kansi Simri","847106","Darbhanga","Darbhanga","Bihar"
"Kantakosh","854122","Katihar","Katihar","Bihar"
"Kanti","843109","Muzaffarpur","Kanti","Bihar"
"Kanti","843109","Muzaffarpur","Muzaffarpur","Bihar"
"Kanti Thermal Power","843130","Muzaffarpur","Muzaffarpur","Bihar"
"Karahia Balha","847250","Madhubani","Madhubani","Bihar"
"Karaiparsarai","801304","Nalanda","Biharsharif","Bihar"
"Karath","802205","Bhojpur","Arrah","Bihar"
"Karian","848157","Samastipur","Samastipur","Bihar"
"Karimganj","823001","Gaya","Gaya","Bihar"
"Karja","843143","Muzaffarpur","Muzaffarpur","Bihar"
"Karmegh","847425","Madhubani","Madhubani","Bihar"
"Karpi","804419","Jahanabad","Abgila","Bihar"
"Karpi","804419","Jahanabad","Karpi","Bihar"
"Karwandia","821316","Rohtas","Sasara","Bihar"
"Karzan Bazar","852215","Saharsa","Saharsa","Bihar"
"Kasap","802206","Bhojpur","Arrah","Bihar"
"Kasba","854330","Purnia","Kasba","Bihar"
"Kasba","854330","Purnia","Purnia","Bihar"
"Kashipur","848101","Samastipur","Samastipur","Bihar"
"Kaswa Mehsi","845496","Purba Champaran","Motihari","Bihar"
"Katari","811110","Munger","Munger","Bihar"
"Katarmala","851137","Begusarai","Begusarai","Bihar"
"Katauna","805138","Gaya","Gaya","Bihar"
"Katesar","843144","Muzaffarpur","Muzaffarpur","Bihar"
"Kateya","841437","Gopalganj","Gopalganj","Bihar"
"Kathaiya","843124","Muzaffarpur","Muzaffarpur","Bihar"
"Kathalbari","846004","Kishanganj","Bahadurganj","Bihar"
"Katihar","855124","Katihar","Katihar","Bihar"
"Katihar","854105","Katihar","Katihar","Bihar"
"Katihar","854105","Katihar","Katihar","Bihar"
"Katihar Barabazar","854105","Katihar","Katihar","Bihar"
"Katihar Bmp Camp","854106","Katihar","Katihar","Bihar"
"Katihar Colony","854105","Katihar","Katihar","Bihar"
"Katihar Mills","854107","Katihar","Katihar","Bihar"
"Katihar R S","854105","Katihar","Katihar","Bihar"
"Katki Bazar","846004","Darbhanga","Darbhanga","Bihar"
"Katoria","813106","Bhagalpur","Bhagalpur","Bihar"
"Katoria","813106","Bhagalpur","Bhagalpur","Bihar"
"Katra","843321","Muzaffarpur","Muzaffarpur","Bihar"
"Katra","843321","Muzaffarpur","Muzaffarpur","Bihar"
"Katra","841301","Saran","Saran","Bihar"
"Katra","841301","Saran","Saran","Bihar"
"Katra Bazar","800008","Patna","Patna","Bihar"
"Kawakol","805106","Nawada","Nawada","Bihar"
"Kayamnagar","802314","Bhojpur","Arrah","Bihar"
"Kazisarai","804420","Jahanabad","Jahanabad","Bihar"
"Kds University","846004","Darbhanga","Darbhanga","Bihar"
"Keota","848128","Samastipur","Samastipur","Bihar"
"Keotirunway","847121","Darbhanga","Darbhanga","Bihar"
"Keotsa Baruary","847107","Muzaffarpur","Muzaffarpur","Bihar"
"Kerari","848161","Samastipur","Samastipur","Bihar"
"Kerki","824128","Aurangabad","Aurangabad","Bihar"
"Kerma","843145","Muzaffarpur","Muzaffarpur","Bihar"
"Kesaria","845424","Purba Champaran","Motihari","Bihar"
"Kesaria","845424","Purba Champaran","Motihari","Bihar"
"Kesath","802125","Bhojpur","Arrah","Bihar"
"Ketaki","824216","Aurangabad","Aurangabad","Bihar"
"Keyal","804435","Jahanabad","Jahanabad","Bihar"
"Khabra","843146","Muzaffarpur","Muzaffarpur","Bihar"
"Khadi Board","800001","Patna","Patna","Bihar"
"Khagarah","854343","Purnia","Purnia","Bihar"
"Khagaria","851204","Khagaria","Khagaria","Bihar"
"Khagaria","851205","Khagaria","Khagaria","Bihar"
"Khagaria Bazar","851204","Khagaria","Khagaria","Bihar"
"Khagaul","801105","Patna","Khagaul","Bihar"
"Khagaul Bazar","801105","Patna","Patna","Bihar"
"Khaira","811317","Jamui","Jamui","Bihar"
"Khaira","811317","Jamui","Jamui","Bihar"
"Khaira","841414","Saran","Saran","Bihar"
"Khairkhan","854345","Purnia","Purnia","Bihar"
"Khajouli","847228","Madhubani","Madhubani","Bihar"
"Khalsa Dhibri","805141","Gaya","Gaya","Bihar"
"Khamauti","852149","Saharsa","Saharsa","Bihar"
"Khargarh","821107","Rohtas","Sasara","Bihar"
"Kharhara","813121","Bhagalpur","Bhagalpur","Bihar"
"Kharik Bazar","853202","Bhagalpur","Bhagalpur","Bihar"
"Kharmanchak","812001","Bhagalpur","Bhagalpur","Bihar"
"Khartari","845497","Purba Champaran","Motihari","Bihar"
"Khawaspur","854362","Banka","Banka","Bihar"
"Khesar","813207","Bhagalpur","Bhagalpur","Bihar"
"Khilout","844516","Vaishali","Hazipur","Bihar"
"Khirhar","847230","Madhubani","Madhubani","Bihar"
"Khizersarai","824233","Gaya","Gaya","Bihar"
"Khodabagh","841415","Saran","Saran","Bihar"
"Khodaganj","801310","Nalanda","Biharsharif","Bihar"
"Khodawanpur","848214","Samastipur","Samastipur","Bihar"
"Khujwa","841502","Siwan","Siwan","Bihar"
"Khuskibagh","854305","Purnia","Purnia","Bihar"
"Khusrupur","803202","Patna","Khusrupur","Bihar"
"Khutaha","813111","Lakhisarai","Barahiya","Bihar"
"Khutahan","802222","Bhojpur","Arrah","Bihar"
"Khutana","847227","Madhubani","Madhubani","Bihar"
"Kidwaipuri","800001","Patna","Patna","Bihar"
"Kilaghat","846004","Darbhanga","Darbhanga","Bihar"
"Kiratpur Rajaram","844130","Vaishali","Hazipur","Bihar"
"Kishanganj","855107","Kishanganj","Kishanganj","Bihar"
"Kishanganj","855107","Kishanganj","Kishanganj","Bihar"
"Kishanpur","848301","Samastipur","Samastipur","Bihar"
"Kishanpur","848301","Lakhisarai","Lakhisarai","Bihar"
"Kishanpura","841416","Saran","Saran","Bihar"
"Kita Chouhatar","801116","Patna","Patna","Bihar"
"Kiul R S","811310","Munger","Munger","Bihar"
"Koath","802216","Rohtas","Koath","Bihar"
"Koil Bhupat","804430","Jahanabad","Jahanabad","Bihar"
"Koila Belwa","845502","Purba Champaran","Motihari","Bihar"
"Koilwar","802160","Bhojpur","Koilwar","Bihar"
"Kojhi","813116","Bhagalpur","Bhagalpur","Bihar"
"Konch","824207","Gaya","Gaya","Bihar"
"Konch","824207","Gaya","Gaya","Bihar"
"Kopa Bazar","841214","Saran","Saran","Bihar"
"Kopa Samhota","841213","Saran","Saran","Bihar"
"Koransarai","802126","Bhojpur","Arrah","Bihar"
"Korha","854108","Katihar","Katihar","Bihar"
"Korha","854108","Katihar","Katihar","Bihar"
"Korthu","847111","Darbhanga","Darbhanga","Bihar"
"Kosi","805107","Nawada","Nawada","Bihar"
"Kosi College","805107","Nawada","Nawada","Bihar"
"Koskapur","854350","Purnia","Purnia","Bihar"
"Kota Bazar","843301","Sitamarhi","Sitamarhi","Bihar"
"Kotheya","841250","Saran","Saran","Bihar"
"Kuari","854332","Purnia","Purnia","Bihar"
"Kuawan","845498","Purba Champaran","Motihari","Bihar"
"Kuchaikot","841501","Gopalganj","Gopalganj","Bihar"
"Kudra","821106","Kaimur","Kaimur","Bihar"
"Kudra Bazar","821106","Kaimur","Kaimur","Bihar"
"Kulharia","851223","Begusarai","Begusarai","Bihar"
"Kumar Bajitpur","843110","Vaishali","Hazipur","Bihar"
"Kumarkhand","852112","Madhepura","Madhepura","Bihar"
"Kumarkhat","847247","Madhubani","Madhubani","Bihar"
"Kumhrar","800016","Patna","Patna","Bihar"
"Kundal","848206","Samastipur","Samastipur","Bihar"
"Kurhani","844120","Muzaffarpur","Muzaffarpur","Bihar"
"Kurhani","844120","Muzaffarpur","Muzaffarpur","Bihar"
"Kurnawl","843125","Muzaffarpur","Muzaffarpur","Bihar"
"Kursa Kanta","854331","Purnia","Purnia","Bihar"
"Kursail","854341","Purnia","Purnia","Bihar"
"Kurso Nadiami","847405","Darbhanga","Darbhanga","Bihar"
"Kurtha","804421","Jahanabad","Ahmadpur Harna","Bihar"
"Kurtha","804421","Jahanabad","Hilsa","Bihar"
"Kurwa Mathie","845471","West Champaran","Betia","Bihar"
"Kuseshwar Asthan","848213","Darbhanga","Darbhanga","Bihar"
"Kutubpur Saidpur","844517","Vaishali","Hazipur","Bihar"
"Kutumba","824123","Aurangabad","Aurangabad","Bihar"
"L S College","842001","Muzaffarpur","Muzaffarpur","Bihar"
"Ladania","847232","Madhubani","Madhubani","Bihar"
"Ladania","847232","Madhubani","Madhubani","Bihar"
"Lagunia Raghukanth","848109","Samastipur","Samastipur","Bihar"
"Laheriasarai","846001","Darbhanga","Darbhanga","Bihar"
"Laheriasarai Court","846001","Darbhanga","Darbhanga","Bihar"
"Lai","801112","Patna","Patna","Bihar"
"Lakhawar","804434","Jahanabad","Ghoshi","Bihar"
"Lakhimnia","851211","Khagaria","Khagaria","Bihar"
"Lakhisarai","811311","Lakhisarai","Lakhisarai","Bihar"
"Lakhisarai","811311","Lakhisarai","Lakhisarai","Bihar"
"Lakhnaur","847417","Madhubani","Madhubani","Bihar"
"Lakhnaur","847417","Madhubani","Madhubani","Bihar"
"Lakshmipur","811312","Jamui","Jamui","Bihar"
"Lakshmipur","811312","Jamui","Jamui","Bihar"
"Lal Bahadur Shastri Nagar","800023","Patna","Patna","Bihar"
"Lal Darwaza","811201","Munger","Munger","Bihar"
"Lalbigha","805108","Nawada","Nawada","Bihar"
"Lalganj","844121","Vaishali","Lalganj","Bihar"
"Lalganj","844121","Buxar","Lalganj","Bihar"
"Lalmatia Colleiry","814165","Aurangabad","Aurangabad","Bihar"
"Lat Basepura","848160","Samastipur","Samastipur","Bihar"
"Lauhar Farna","802315","Bhojpur","Arrah","Bihar"
"Laukahi","847406","Madhubani","Madhubani","Bihar"
"Laukahi","847406","Madhubani","Madhubani","Bihar"
"Laukahi","847421","Madhubani","Madhubani","Bihar"
"Laukahi","847421","Madhubani","Madhubani","Bihar"
"Laukaria","845503","Purba Champaran","Motihari","Bihar"
"Lauria","845453","West Champaran","Betia","Bihar"
"Lawapur Mahnar","844518","Vaishali","Hazipur","Bihar"
"Lawapur Narain","844519","Vaishali","Hazipur","Bihar"
"Laxmipur Chiraiya","813127","Bhagalpur","Bhagalpur","Bihar"
"Lic Patna","800001","Patna","Patna","Bihar"
"Lilhaul","848225","Samastipur","Samastipur","Bihar"
"Lodhway","824238","Gaya","Gaya","Bihar"
"Lohanipur","800003","Patna","Patna","Bihar"
"Lohat","847231","Madhubani","Madhubani","Bihar"
"Lohianagar","800020","Patna","Patna","Bihar"
"Lohna Road","847407","Madhubani","Madhubani","Bihar"
"Lokaha","852150","Madhubani","Madhubani","Bihar"
"Lokmannagar","841301","Saran","Saran","Bihar"
"Machharhatta","800008","Patna","Patna","Bihar"
"Machuatoli","800004","Patna","Patna","Bihar"
"Madanpur","824208","Gaya","Gaya","Bihar"
"Madanpur Purnia","854333","Purnia","Purnia","Bihar"
"Madarghat","854358","Purnia","Purnia","Bihar"
"Madhepur","847408","Madhubani","Madhubani","Bihar"
"Madhepur","847408","Madhubani","Madhubani","Bihar"
"Madhepur Dighra","848122","Samastipur","Samastipur","Bihar"
"Madhepura","852113","Madhepura","Madhepura","Bihar"
"Madhepura","852113","Kaimur","Kaimur","Bihar"
"Madhepura College","852113","Madhepura","Madhepura","Bihar"
"Madhuban Basaha","843348","Sitamarhi","Sitamarhi","Bihar"
"Madhuban Bediban","845504","Purba Champaran","Motihari","Bihar"
"Madhubani","847211","Madhubani","Madhubani","Bihar"
"Madhubani","847211","Madhubani","Madhubani","Bihar"
"Madhubani","845104","West Champaran","Madhubani","Bihar"
"Madhubani","845104","West Champaran","Madhubani","Bihar"
"Madhubani Barabazar","847211","Madhubani","Madhubani","Bihar"
"Madhubani Court","847211","Madhubani","Madhubani","Bihar"
"Madhubani Ghat","845505","Purba Champaran","Motihari","Bihar"
"Madhurapur","844520","Vaishali","Hazipur","Bihar"
"Madhwarpur","847305","Madhubani","Madhubani","Bihar"
"Magadh University","824234","Gaya","Gaya","Bihar"
"Magardahi","848101","Samastipur","Samastipur","Bihar"
"Magharia","845401","Purba Champaran","Motihari","Bihar"
"Mahabir Asthan","800008","Patna","Patna","Bihar"
"Mahadeopur","854116","Katihar","Katihar","Bihar"
"Mahagama","814154","Aurangabad","Aurangabad","Bihar"
"Mahalpar","803101","Nalanda","Biharsharif","Bihar"
"Mahanth Maniari","843147","Muzaffarpur","Muzaffarpur","Bihar"
"Maharaja College","802301","Bhojpur","Arrah","Bihar"
"Maharajganj","841238","Saran","Maharajganj","Bihar"
"Maharajganj","841238","Banka","Banka","Bihar"
"Mahendru","800006","Patna","Patna","Bihar"
"Maheshkhunt","851213","Khagaria","Khagaria","Bihar"
"Maheshmunda","813231","Bhagalpur","Bhagalpur","Bihar"
"Mahinam","847112","Darbhanga","Darbhanga","Bihar"
"Mahisi","852216","Saharsa","Saharsa","Bihar"
"Mahmuda","801311","Nalanda","Biharsharif","Bihar"
"Mahnar","844506","Vaishali","Hazipur","Bihar"
"Mahnar Rd R S","844507","Vaishali","Hazipur","Bihar"
"Mahrail","847418","Madhubani","Madhubani","Bihar"
"Mahthi","848226","Samastipur","Samastipur","Bihar"
"Mahua","844122","Vaishali","Hazipur","Bihar"
"Mahua","844122","Vaishali","Hazipur","Bihar"
"Mahual Mahal","841240","Saran","Saran","Bihar"
"Mahuawan","845506","Purba Champaran","Motihari","Bihar"
"Mahuli","845112","Sheikhpura","Sheikhpura","Bihar"
"Mainatar","845306","West Champaran","Betia","Bihar"
"Mairwa","841239","Saran","Mairwa","Bihar"
"Mairwa","841239","Saran","Saran","Bihar"
"Majhaulia Estate","843322","Sitamarhi","Sitamarhi","Bihar"
"Majhaulia R S","845454","West Champaran","Betia","Bihar"
"Majhua","854352","Purnia","Purnia","Bihar"
"Majorganj","843332","Sitamarhi","Sitamarhi","Bihar"
"Maker","841215","Saran","Saran","Bihar"
"Makhdamsarai","841226","Saran","Saran","Bihar"
"Makhdumpur","804422","Gaya","Makhdumpur","Bihar"
"Makhdumpur","804422","Gaya","Gaya","Bihar"
"Maksida","847251","Madhubani","Madhubani","Bihar"
"Malahi","845425","Purba Champaran","Motihari","Bihar"
"Malhipatti","845425","Purba Champaran","Motihari","Bihar"
"Mali","845472","West Champaran","Betia","Bihar"
"Malkauni","845114","West Champaran","Betia","Bihar"
"Mallehpur","811313","Munger","Munger","Bihar"
"Maner","801108","Patna","Maner","Bihar"
"Maney","841256","Saran","Saran","Bihar"
"Mangalgarh","848208","Samastipur","Samastipur","Bihar"
"Mangla Devi","800007","Patna","Patna","Bihar"
"Mangraon","821314","Rohtas","Sasara","Bihar"
"Mangrauni","847213","Madhubani","Madhubani","Bihar"
"Manguraha","845458","Purba Champaran","Motihari","Bihar"
"Mangwar","852217","Madhepura","Madhepura","Bihar"
"Manigachi","847422","Darbhanga","Darbhanga","Bihar"
"Manihari","854113","Katihar","Manihari","Bihar"
"Manihari","854113","Katihar","Katihar","Bihar"
"Manik Chowk","843323","Sitamarhi","Sitamarhi","Bihar"
"Manika","843148","Muzaffarpur","Muzaffarpur","Bihar"
"Manikauli","847114","Darbhanga","Darbhanga","Bihar"
"Manikpur","813229","Bhagalpur","Bhagalpur","Bihar"
"Manjhi","841313","Saran","Saran","Bihar"
"Manjhi","841313","Saran","Saran","Bihar"
"Manjhor","851127","Begusarai","Begusarai","Bihar"
"Manjhway","805137","Gaya","Gaya","Bihar"
"Mansi","851214","Khagaria","Khagaria","Bihar"
"Mansi","851214","Khagaria","Khagaria","Bihar"
"Mansoorchak","851128","Khagaria","Khagaria","Bihar"
"Marar","851224","Begusarai","Begusarai","Bihar"
"Marhowrah","841418","Saran","Saran","Bihar"
"Marufganj","800008","Patna","Patna","Bihar"
"Marui","805141","Gaya","Gaya","Bihar"
"Maryganj","854334","Purnia","Purnia","Bihar"
"Masaurhi","804452","Patna","Masaurhi","Bihar"
"Mashrakh","841417","Saran","Saran","Bihar"
"Massa","847126","Darbhanga","Darbhanga","Bihar"
"Mathia Kathia","845113","West Champaran","Betia","Bihar"
"Mathura Sultan","844521","Vaishali","Hazipur","Bihar"
"Mathurapur","813222","Bhagalpur","Bhagalpur","Bihar"
"Matihani","851139","Begusarai","Begusarai","Bihar"
"Matihani","851139","Begusarai","Begusarai","Bihar"
"Mauna","841301","Saran","Saran","Bihar"
"Mayaganj","812001","Bhagalpur","Bhagalpur","Bihar"
"Meari Bazar","802217","Rohtas","Sasara","Bihar"
"Meghaul","848202","Begusarai","Begusarai","Bihar"
"Meghauna","848225","Samastipur","Samastipur","Bihar"
"Mehdauli","851119","Begusarai","Begusarai","Bihar"
"Mehsi","845426","Purba Champaran","Motihari","Bihar"
"Mehsi","845426","Purba Champaran","Motihari","Bihar"
"Mehsi","848162","Samastipur","Samastipur","Bihar"
"Mehsi","848162","Samastipur","Samastipur","Bihar"
"Mehus","811102","Munger","Munger","Bihar"
"Mina Bazar Bettiah","845438","West Champaran","Betia","Bihar"
"Minapur","843128","Muzaffarpur","Muzaffarpur","Bihar"
"Minapur","843128","Muzaffarpur","Muzaffarpur","Bihar"
"Mirapur","843149","Muzaffarpur","Muzaffarpur","Bihar"
"Mirganj","841438","Gopalganj","Mirganj","Bihar"
"Mirjanagar","844139","Vaishali","Hazipur","Bihar"
"Mirjanhat","812005","Bhagalpur","Bhagalpur","Bihar"
"Mirjapur","841419","Saran","Saran","Bihar"
"Mirpur","845507","Purba Champaran","Motihari","Bihar"
"Mirzapur Banduar","851129","Begusarai","Begusarai","Bihar"
"Mirzapur Kothi","854356","Purnia","Purnia","Bihar"
"Mithanchak","804457","Patna","Patna","Bihar"
"Mithapur","800001","Patna","Patna","Bihar"
"Moghalkuan","803118","Nalanda","Biharsharif","Bihar"
"Mohaddipur","851212","Khagaria","Khagaria","Bihar"
"Mohammadpur","841223","Saran","Saran","Bihar"
"Mohammadpur","841318","Saran","Saran","Bihar"
"Mohammadpur Badal","843150","Muzaffarpur","Muzaffarpur","Bihar"
"Mohammadpur Balmi","843151","Muzaffarpur","Muzaffarpur","Bihar"
"Mohammadpur Sakra","848163","Samastipur","Samastipur","Bihar"
"Mohania","821109","Kaimur","Kaimur","Bihar"
"Mohania","821109","Kaimur","Kaimur","Bihar"
"Mohini Mandal","843350","Sitamarhi","Sitamarhi","Bihar"
"Mohiuddinagar","848501","Samastipur","Mohiuddinagar","Bihar"
"Mohiuddinagar R S","848502","Samastipur","Samastipur","Bihar"
"Mokameh Chowk","803302","Patna","Patna","Bihar"
"Mokameh Ghat","803303","Patna","Patna","Bihar"
"Mokamesh","803302","Patna","Patna","Bihar"
"Molighat","842001","Muzaffarpur","Muzaffarpur","Bihar"
"Momain","843152","Muzaffarpur","Muzaffarpur","Bihar"
"Monghry","811201","Munger","Munger","Bihar"
"Monghry Town","811201","Munger","Munger","Bihar"
"Monghyr College","811201","Munger","Munger","Bihar"
"Monghyr Fort","811201","Munger","Munger","Bihar"
"Mora","841507","Siwan","Siwan","Bihar"
"More","803232","Patna","Patna","Bihar"
"Morsandi","843153","Muzaffarpur","Muzaffarpur","Bihar"
"Morwa","848121","Samastipur","Samastipur","Bihar"
"Morwa","848121","Samastipur","Samastipur","Bihar"
"Motihari","845401","Purba Champaran","Motihari","Bihar"
"Motihari","845401","Purba Champaran","Motihari","Bihar"
"Motihari Chowk","845401","Purba Champaran","Motihari","Bihar"
"Motihari City","845401","Purba Champaran","Motihari","Bihar"
"Motihari College","845401","Purba Champaran","Motihari","Bihar"
"Motihari Court","845401","Purba Champaran","Motihari","Bihar"
"Motihari Dist Board","845401","Purba Champaran","Motihari","Bihar"
"Motijheel","842001","Muzaffarpur","Muzaffarpur","Bihar"
"Motipur","843111","Muzaffarpur","Motipur","Bihar"
"Mow","824235","Gaya","Gaya","Bihar"
"Mow Bazidpur","848503","Samastipur","Samastipur","Bihar"
"Mow Dhaneshpur","848513","Samastipur","Samastipur","Bihar"
"Muraitha","847312","Madhubani","Madhubani","Bihar"
"Murar","802127","Bhojpur","Arrah","Bihar"
"Muria","847115","Darbhanga","Darbhanga","Bihar"
"Murliganj","852122","Madhepura","Murliganj","Bihar"
"Musapur","854121","Katihar","Katihar","Bihar"
"Musapur","848142","Samastipur","Samastipur","Bihar"
"Mushahari Farm","843154","Muzaffarpur","Muzaffarpur","Bihar"
"Mussallehpur Hat Nanmuhia","800006","Patna","Patna","Bihar"
"Mustafabad","841439","Siwan","Siwan","Bihar"
"Mustafaganj","843155","Muzaffarpur","Muzaffarpur","Bihar"
"Muzaffarpur","842001","Muzaffarpur","Muzaffarpur","Bihar"
"Muzaffarpur","842001","Muzaffarpur","Muzaffarpur","Bihar"
"Muzaffarpur Court","842001","Muzaffarpur","Muzaffarpur","Bihar"
"Muzaffarpur Inds Complex","842005","Muzaffarpur","Muzaffarpur","Bihar"
"Muzaffarpur Inst Of Tech","842003","Muzaffarpur","Muzaffarpur","Bihar"
"Nabiganj","841301","Saran","Saran","Bihar"
"Nabinagar","824301","Aurangabad","Nabinagar","Bihar"
"Nabinagar","824301","Aurangabad","Nabinagar","Bihar"
"Nabinagar Rd","824303","Aurangabad","Aurangabad","Bihar"
"Nagarnausa","801305","Nalanda","Biharsharif","Bihar"
"Naglakinjar","804423","Jahanabad","Jahanabad","Bihar"
"Nagra","841442","Saran","Saran","Bihar"
"Nagra","841442","Saran","Saran","Bihar"
"Nahauna","821315","Rohtas","Sasara","Bihar"
"Nai Bazar","802101","Bhojpur","Arrah","Bihar"
"Naini","841316","Saran","Saran","Bihar"
"Nalanda College","803101","Nalanda","Biharsharif","Bihar"
"Nalanda R S","803111","Nalanda","Biharsharif","Bihar"
"Nanpur","843333","Sitamarhi","Sitamarhi","Bihar"
"Nanpur","843333","Sitamarhi","Sitamarhi","Bihar"
"Naokothi","851130","Begusarai","Begusarai","Bihar"
"Naokothi","851130","Begusarai","Begusarai","Bihar"
"Narahan R S","848211","Samastipur","Samastipur","Bihar"
"Narahia","847108","Darbhanga","Darbhanga","Bihar"
"Narain Das Rd","811201","Munger","Munger","Bihar"
"Naraipur","845105","West Champaran","Betia","Bihar"
"Narairpur Panapur","843156","Muzaffarpur","Muzaffarpur","Bihar"
"Naranga","843347","Sitamarhi","Sitamarhi","Bihar"
"Naraon","841216","Saran","Saran","Bihar"
"Narar","847252","Madhubani","Madhubani","Bihar"
"Narayanpur","853203","Bhagalpur","Bhagalpur","Bihar"
"Narayanpur","853203","Bhagalpur","Bhagalpur","Bihar"
"Nardiganj","805109","Nawada","Nawada","Bihar"
"Nardiganj","805109","Nawada","Nawada","Bihar"
"Narhan","848211","Samastipur","Samastipur","Bihar"
"Narhi Chandi","802161","Bhojpur","Arrah","Bihar"
"Narkatiaganj","845455","West Champaran","Narkatiaganj","Bihar"
"Narma","843129","Muzaffarpur","Muzaffarpur","Bihar"
"Narpalganj","854335","Purnia","Purnia","Bihar"
"Naruar","847412","Madhubani","Madhubani","Bihar"
"Nasriganj","821310","Rohtas","Sasara","Bihar"
"Nasriganj","821310","Rohtas","Sasara","Bihar"
"Nathnagar","812006","Bhagalpur","Bhagalpur","Bihar"
"Natwar","802218","Rohtas","Sasara","Bihar"
"Naubatpur","801109","Patna","Patna","Bihar"
"Naubatpur","801109","Patna","Patna","Bihar"
"Naugachia","853204","Bhagalpur","Bhagalpur","Bihar"
"Nauhatta","821125","Rohtas","Sasara","Bihar"
"Nauhatta","821125","Rohtas","Sasara","Bihar"
"Nauhatta","821317","Rohtas","Sasara","Bihar"
"Nauhatta","852123","Saharsa","Saharsa","Bihar"
"Nauhatta","852123","Saharsa","Saharsa","Bihar"
"Nauranga","848102","Samastipur","Samastipur","Bihar"
"Navarashtra","800001","Patna","Patna","Bihar"
"Navashakti","800001","Patna","Patna","Bihar"
"Nawabganj","854336","Purnia","Purnia","Bihar"
"Nawada","805129","Nawada","Nawada","Bihar"
"Nawada","854336","Purnia","Purnia","Bihar"
"Nawada","854336","Purnia","Purnia","Bihar"
"Nawadah","805110","Nawada","Nawada","Bihar"
"Nawadah Kutchery","805110","Nawada","Nawada","Bihar"
"Nawadahben","802162","Bhojpur","Arrah","Bihar"
"Nawalpur","845473","West Champaran","Betia","Bihar"
"Nawanagar","802129","Bhojpur","Arrah","Bihar"
"Nawanagar","802129","Kaimur","Bhagwanpur","Bihar"
"Naya Mohammadpur","802163","Bhojpur","Arrah","Bihar"
"Nayagaon","851215","Bhagalpur","Bhagalpur","Bihar"
"Nayagaon","841217","Saran","Saran","Bihar"
"Nayagaon","843362","Sitamarhi","Sitamarhi","Bihar"
"Nayanagar","848227","Kishanganj","Kishanganj","Bihar"
"Nayatola","842001","Muzaffarpur","Muzaffarpur","Bihar"
"Nayatola","800004","Patna","Patna","Bihar"
"Nayatola Bettiah","845438","West Champaran","Betia","Bihar"
"Ncc Directorate","800001","Patna","Patna","Bihar"
"Neajipur","802131","Bhojpur","Arrah","Bihar"
"Nechua Jalalpur","841503","Gopalganj","Gopalganj","Bihar"
"Nehalpur","804429","Jahanabad","Bahadurpur","Bihar"
"Nehru","847233","Madhubani","Madhubani","Bihar"
"Nemdarganj","805121","Nawada","Nawada","Bihar"
"Neola","851120","Begusarai","Begusarai","Bihar"
"Neora","801113","Patna","Patna","Bihar"
"Neori Vikash","801113","Patna","Patna","Bihar"
"New Godown","823001","Gaya","Gaya","Bihar"
"New Jakkanpur","800001","Patna","Patna","Bihar"
"Nimez","802130","Bhojpur","Arrah","Bihar"
"Nimi","811103","Munger","Munger","Bihar"
"Nirmali","847452","Saupal","Nirmali","Bihar"
"Nirmali","847452","Saupal","Supaul","Bihar"
"Noan","802132","Rohtas","Sasara","Bihar"
"Noneya","845508","Purba Champaran","Motihari","Bihar"
"Noneya Dih","845314","Purba Champaran","Motihari","Bihar"
"Noorchak","847124","Darbhanga","Darbhanga","Bihar"
"Noorsarai","803113","Nalanda","Biharsharif","Bihar"
"Nowan","804431","Jahanabad","Jahanabad","Bihar"
"Nurhat","805122","Nawada","Nawada","Bihar"
"Obra","824124","Aurangabad","Aurangabad","Bihar"
"Obra","824124","Aurangabad","Aurangabad","Bihar"
"Olha Madhubani","845520","Purba Champaran","Motihari","Bihar"
"Orhanpur","805123","Nawada","Nawada","Bihar"
"Orro","805131","Nawada","Nawada","Bihar"
"P Training C Darbhanga","846005","Darbhanga","Darbhanga","Bihar"
"Pachhim Darwaza","800007","Patna","Patna","Bihar"
"Pachpakri","845427","Purba Champaran","Motihari","Bihar"
"Pachraur","841431","Saran","Saran","Bihar"
"Pachrukhi","841241","Saran","Saran","Bihar"
"Pachrukhi","841241","Saran","Saran","Bihar"
"Pagra","848146","Samastipur","Samastipur","Bihar"
"Paibigha","804424","Gaya","Gaya","Bihar"
"Paiga","841218","Saran","Saran","Bihar"
"Pakkisarai","842001","Muzaffarpur","Muzaffarpur","Bihar"
"Pakribarwan","805124","Nawada","Nawada","Bihar"
"Pakridayal","845428","Purba Champaran","Motihari","Bihar"
"Palanwa","845509","Purba Champaran","Motihari","Bihar"
"Paliganj","801110","Patna","Patna","Bihar"
"Palsichakardaha","854349","Purnia","Purnia","Bihar"
"Panbasaria","848145","Samastipur","Samastipur","Bihar"
"Panchobh","847116","Darbhanga","Darbhanga","Bihar"
"Pandarak","803221","Patna","Patna","Bihar"
"Pandaul","847234","Madhubani","Madhubani","Bihar"
"Pandaul","847234","Madhubani","Madhubani","Bihar"
"Panditpur","841224","Saran","Saran","Bihar"
"Pandooi","804433","Jahanabad","Jahanabad","Bihar"
"Panhgachia","852124","Saharsa","Saharsa","Bihar"
"Panhgachia Bazar","853207","Purnia","Purnia","Bihar"
"Panjwara","813110","Bhagalpur","Bhagalpur","Bihar"
"Par Nawadah","805110","Nawada","Nawada","Bihar"
"Paraiya","824209","Gaya","Gaya","Bihar"
"Paraiya","824209","Gaya","Gaya","Bihar"
"Parbatta","851216","Araria","Araria","Bihar"
"Parbatta","851216","Khagaria","Khagaria","Bihar"
"Parihar","843324","Sitamarhi","Sitamarhi","Bihar"
"Parihar","843324","Sitamarhi","Sitamarhi","Bihar"
"Parihara","851225","Khagaria","Khagaria","Bihar"
"Pariharpur","847253","Madhubani","Madhubani","Bihar"
"Paro","843112","Muzaffarpur","Muzaffarpur","Bihar"
"Paroria","848183","Samastipur","Samastipur","Bihar"
"Parsa","847419","Madhubani","Madhubani","Bihar"
"Parsa","847419","Madhubani","Madhubani","Bihar"
"Parsa","841219","Saran","Saran","Bihar"
"Parsa","841219","Saran","Saran","Bihar"
"Parsa","845475","West Champaran","Betia","Bihar"
"Parsa","845475","West Champaran","Betia","Bihar"
"Parsagarh","841220","Saran","Saran","Bihar"
"Parsauni","843325","Sitamarhi","Sitamarhi","Bihar"
"Parsauni","843325","Sitamarhi","Sitamarhi","Bihar"
"Parsauni Tapsi","845511","Purba Champaran","Motihari","Bihar"
"Parshurampur","843342","Sitamarhi","Sitamarhi","Bihar"
"Parta Ptand","844123","Vaishali","Hazipur","Bihar"
"Parwa","847255","Madhubani","Madhubani","Bihar"
"Pasraha","851226","Khagaria","Khagaria","Bihar"
"Patahi","845457","Purba Champaran","Motihari","Bihar"
"Patahi","845457","Purba Champaran","Motihari","Bihar"
"Patahi","843113","Muzaffarpur","Muzaffarpur","Bihar"
"Patahi","843113","Muzaffarpur","Muzaffarpur","Bihar"
"Pataili","848144","Samastipur","Samastipur","Bihar"
"Pataliputra","800013","Patna","Patna","Bihar"
"Patarhi","841242","Saran","Saran","Bihar"
"Patepur","843114","Vaishali","Hazipur","Bihar"
"Patepur","843114","Vaishali","Hazipur","Bihar"
"Pathargama","814147","Aurangabad","Aurangabad","Bihar"
"Pathra","813115","Bhagalpur","Bhagalpur","Bihar"
"Patijirwa","845476","West Champaran","Betia","Bihar"
"Patilarh","845115","West Champaran","Betia","Bihar"
"Patna","803206","Patna","Patna","Bihar"
"Patna","800001","Patna","Patna","Bihar"
"Patna","800001","Patna","Patna","Bihar"
"Patna Aerodrame","800001","Patna","Patna","Bihar"
"Patna Collectorate","800001","Patna","Patna","Bihar"
"Patna High Court","800001","Patna","Patna","Bihar"
"Patna M C Hospital","800004","Patna","Patna","Bihar"
"Patna Secretariat","800015","Patna","Patna","Bihar"
"Patna University","800005","Patna","Patna","Bihar"
"Patnacity","800008","Patna","Patna","Bihar"
"Patni","845312","Purba Champaran","Motihari","Bihar"
"Patore","847117","Darbhanga","Darbhanga","Bihar"
"Patory","848504","Samastipur","Samastipur","Bihar"
"Patsara","843157","Muzaffarpur","Muzaffarpur","Bihar"
"Patwara","847254","Madhubani","Madhubani","Bihar"
"Pawai","813125","Bhagalpur","Bhagalpur","Bihar"
"Pawapuri","803115","Nalanda","Biharsharif","Bihar"
"Phenhara","845430","Purba Champaran","Motihari","Bihar"
"Phenhara","845430","Purba Champaran","Motihari","Bihar"
"Phulkaha","843358","Sitamarhi","Sitamarhi","Bihar"
"Phulparas","847409","Madhubani","Madhubani","Bihar"
"Phulparas","847409","Madhubani","Madhubani","Bihar"
"Phulwarisharif","801505","Patna","Patna","Bihar"
"Piar","843115","Muzaffarpur","Muzaffarpur","Bihar"
"Pindaruch","847306","Darbhanga","Darbhanga","Bihar"
"Pipra Bazar","852218","Madhepura","Madhepura","Bihar"
"Pipra Factory","845429","Purba Champaran","Motihari","Bihar"
"Pipra Latif","851227","Khagaria","Khagaria","Bihar"
"Piprahi","852156","Saharsa","Saharsa","Bihar"
"Piprahi","843334","Sitamarhi","Sitamarhi","Bihar"
"Pirpainti","813209","Bhagalpur","Bhagalpur","Bihar"
"Pirpainti","813209","Bhagalpur","Bhagalpur","Bihar"
"Pitaunjia","848158","Samastipur","Samastipur","Bihar"
"Pohaddi","847118","Darbhanga","Darbhanga","Bihar"
"Pokhram Buzrug","847205","Darbhanga","Darbhanga","Bihar"
"Polytechnic","823001","Gaya","Gaya","Bihar"
"Postal Park","800001","Patna","Patna","Bihar"
"Pota Tajpur","843363","Sitamarhi","Sitamarhi","Bihar"
"Pothia","854114","Kishanganj","Kishanganj","Bihar"
"Pothia","854114","Kishanganj","Kishanganj","Bihar"
"Pothia R S","855128","Kishanganj","Kishanganj","Bihar"
"Prahladpur","843158","Muzaffarpur","Muzaffarpur","Bihar"
"Pranpur","854124","Katihar","Katihar","Bihar"
"Pranpur","854124","Katihar","Katihar","Bihar"
"Pratapganj","852125","Saharsa","Saharsa","Bihar"
"Pratapnagar","853208","Purnia","Purnia","Bihar"
"Pratappur","841225","Saran","Saran","Bihar"
"Punaichak","800023","Patna","Patna","Bihar"
"Punaura","843364","Sitamarhi","Sitamarhi","Bihar"
"Punpun","804453","Patna","Patna","Bihar"
"Punsia","813109","Bhagalpur","Bhagalpur","Bihar"
"Pupri Bazar","843320","Sitamarhi","Sitamarhi","Bihar"
"Purabsarai","811201","Munger","Munger","Bihar"
"Purana Bhojpur","802133","Bhojpur","Arrah","Bihar"
"Purana Dumka","814101","Bhagalpur","Bhagalpur","Bihar"
"Purani Bazar","811311","Munger","Munger","Bihar"
"Purani Godown","823001","Gaya","Gaya","Bihar"
"Purania Gosain","845474","West Champaran","Betia","Bihar"
"Purendra","845524","Purba Champaran","Motihari","Bihar"
"Purnea","854301","Purnia","Purnia","Bihar"
"Purnea Chowk","854301","Purnia","Purnia","Bihar"
"Purnea City","854302","Purnia","Purnia","Bihar"
"Purnea Court","854301","Purnia","Purnia","Bihar"
"Purnea Distt Bd","854301","Purnia","Purnia","Bihar"
"Purnea Polytechnic","854303","Purnia","Purnia","Bihar"
"Purshottampur Halai","848505","Samastipur","Samastipur","Bihar"
"Pusa","848125","Samastipur","Samastipur","Bihar"
"Pusaho","848228","Samastipur","Samastipur","Bihar"
"Pustak Bhandar","846001","Darbhanga","Darbhanga","Bihar"
"Putai","847423","Madhubani","Madhubani","Bihar"
"Quadirabad","846004","Darbhanga","Darbhanga","Bihar"
"R D S College","842002","Muzaffarpur","Muzaffarpur","Bihar"
"R K Ashram","843116","Muzaffarpur","Muzaffarpur","Bihar"
"R K College","847211","Madhubani","Madhubani","Bihar"
"R K Mission","835221","Muzaffarpur","Muzaffarpur","Bihar"
"Rafiganj","824125","Aurangabad","Rafiganj","Bihar"
"Raghopur","844508","Vaishali","Hazipur","Bihar"
"Raghopur","844508","Vaishali","Hazipur","Bihar"
"Raghopur Deorhi","847256","Madhubani","Madhubani","Bihar"
"Raghunathpur","802134","Bhojpur","Raghunathpur","Bihar"
"Raghunathpur","802134","Bhojpur","Raghunathpur","Bihar"
"Raghunathpur","841504","Siwan","Siwan","Bihar"
"Raghunathpur Bazar","845431","Purba Champaran","Motihari","Bihar"
"Rahimpur","851228","Khagaria","Khagaria","Bihar"
"Rahui","803119","Nalanda","Biharsharif","Bihar"
"Rahui","803119","Nalanda","Biharsharif","Bihar"
"Raipur","843326","Sitamarhi","Sitamarhi","Bihar"
"Raipur Chore","821123","Rohtas","Sasara","Bihar"
"Raja Pur Mainpura","800001","Patna","Patna","Bihar"
"Raja Un","813107","Bhagalpur","Bhagalpur","Bihar"
"Rajapakar","844124","Vaishali","Hazipur","Bihar"
"Rajapatti","841420","Gopalganj","Gopalganj","Bihar"
"Rajauli","805125","Nawada","Nawada","Bihar"
"Rajauli","805125","Nawada","Nawada","Bihar"
"Rajaura","851131","Begusarai","Begusarai","Bihar"
"Rajdham","854204","Purnia","Purnia","Bihar"
"Raje","847426","Madhubani","Madhubani","Bihar"
"Rajendra College","841301","Saran","Saran","Bihar"
"Rajendranagar","800016","Patna","Patna","Bihar"
"Rajepur Champaran","845406","Purba Champaran","Motihari","Bihar"
"Rajgir","803116","Nalanda","Rajgir","Bihar"
"Rajgir Kund","803116","Nalanda","Biharsharif","Bihar"
"Rajhat","805126","Nawada","Nawada","Bihar"
"Rajnagar","847235","Madhubani","Madhubani","Bihar"
"Rajni Babhangawa","852147","Saharsa","Saharsa","Bihar"
"Rajpur","845432","Purba Champaran","Motihari","Bihar"
"Rajpur","845432","Purba Champaran","Motihari","Bihar"
"Rajpur","802219","Rohtas","Sasara","Bihar"
"Rajpur","802219","Rohtas","Sasara","Bihar"
"Rajwatia","845117","West Champaran","Betia","Bihar"
"Ramdiri","851138","Begusarai","Begusarai","Bihar"
"Ramgarh","821110","Kaimur","Kaimur","Bihar"
"Ramgarh","821110","Kaimur","Kaimur","Bihar"
"Ramgarhwa","845433","Purba Champaran","Motihari","Bihar"
"Ramgarhwa","845433","Purba Champaran","Motihari","Bihar"
"Ramna","842002","Muzaffarpur","Muzaffarpur","Bihar"
"Ramnagan","845106","West Champaran","Betia","Bihar"
"Rampatti","847236","Madhubani","Madhubani","Bihar"
"Rampur","845513","Kaimur","Ahirawan","Bihar"
"Rampur","845513","Kaimur","Akbarpur","Bihar"
"Rampur","854347","Kaimur","Kaimur","Bihar"
"Rampur","854347","Kaimur","Kaimur","Bihar"
"Rampur Bishwanth","843159","Muzaffarpur","Muzaffarpur","Bihar"
"Rampur Ganguli","843340","Sitamarhi","Sitamarhi","Bihar"
"Rampur Jalalpur","848147","Samastipur","Samastipur","Bihar"
"Rampur Kodarkati","854355","Purnia","Purnia","Bihar"
"Rampur Ratnakar","844140","Vaishali","Hazipur","Bihar"
"Rampurhari","843117","Muzaffarpur","Muzaffarpur","Bihar"
"Rampurwa","845116","West Champaran","Betia","Bihar"
"Rampurwa Mahanwa","845477","West Champaran","Betia","Bihar"
"Raniganj","824210","Gaya","Gaya","Bihar"
"Raniganj","824210","Gaya","Gaya","Bihar"
"Ranipatra","854337","Purnia","Purnia","Bihar"
"Rarhi","851121","Begusarai","Begusarai","Bihar"
"Rari","847313","Madhubani","Madhubani","Bihar"
"Rasalpur Balha","843346","Sitamarhi","Sitamarhi","Bihar"
"Rasalpur Gosain","843341","Sitamarhi","Sitamarhi","Bihar"
"Rasauli","841433","Saran","Saran","Bihar"
"Raspur Patasia","848514","Samastipur","Samastipur","Bihar"
"Ratanpur","847307","Darbhanga","Darbhanga","Bihar"
"Rataul","847420","Madhubani","Madhubani","Bihar"
"Rautahat","854368","Purnia","Purnia","Bihar"
"Raxaul","845305","Purba Champaran","Motihari","Bihar"
"Refinary Township","851117","Begusarai","Begusarai","Bihar"
"Revelganj","841315","Saran","Revelganj","Bihar"
"Rewasi","843365","Sitamarhi","Sitamarhi","Bihar"
"Righa","843327","Sitamarhi","Sitamarhi","Bihar"
"Righa Colony","843336","Sitamarhi","Sitamarhi","Bihar"
"Roh","805143","Gaya","Gaya","Bihar"
"Roh","805143","Gaya","Gaya","Bihar"
"Rohika","847238","Madhubani","Madhubani","Bihar"
"Rohtas","473665","Rohtas","Sasara","Bihar"
"Rohtas","821311","Rohtas","Sasara","Bihar"
"Rohtas","821311","Rohtas","Sasara","Bihar"
"Roshna","854117","Katihar","Katihar","Bihar"
"Rukhai","803131","Nalanda","Biharsharif","Bihar"
"Rukuldi Jhikatia","824129","Aurangabad","Aurangabad","Bihar"
"Rulani","845514","Purba Champaran","Motihari","Bihar"
"Runisaidpur","843328","Sitamarhi","Sitamarhi","Bihar"
"Rupouli","854209","Purnia","Purnia","Bihar"
"Rupouli","848148","Samastipur","Samastipur","Bihar"
"Rusera","848210","Samastipur","Samastipur","Bihar"
"Rusera Thana","848210","Samastipur","Samastipur","Bihar"
"Ryam Factory","847237","Madhubani","Madhubani","Bihar"
"S M Mills","800008","Patna","Patna","Bihar"
"S P College","814101","Bhagalpur","Bhagalpur","Bihar"
"S S College","813210","Bhagalpur","Bhagalpur","Bihar"
"Sabour","813210","Bhagalpur","Bhagalpur","Bihar"
"Sabour","813210","Bhagalpur","Bhagalpur","Bihar"
"Sadaquat Ashram","800010","Patna","Patna","Bihar"
"Sadisopur","801111","Patna","Patna","Bihar"
"Sagar","845515","Purba Champaran","Motihari","Bihar"
"Sahajitpur","841422","Saran","Saran","Bihar"
"Sahar","802208","Bhojpur","Arrah","Bihar"
"Sahar","802208","Bhojpur","Arrah","Bihar"
"Saharghat","847308","Madhubani","Madhubani","Bihar"
"Saharsa","852201","Saharsa","Saharsa","Bihar"
"Saharsa Bazar","852201","Saharsa","Saharsa","Bihar"
"Saharsa Collectorate","852201","Saharsa","Saharsa","Bihar"
"Saharsa Distt Bd","852201","Saharsa","Saharsa","Bihar"
"Saharsa Purani Bazar","852201","Saharsa","Saharsa","Bihar"
"Sahaynagar","801506","Patna","Patna","Bihar"
"Sahdei Buzrug","844509","Vaishali","Hazipur","Bihar"
"Sahebpur Kamal","851217","Khagaria","Khagaria","Bihar"
"Sahibganj","812004","Bhagalpur","Bhagalpur","Bihar"
"Sahpur","841243","Saran","Saran","Bihar"
"Sahpur Patti","802165","Bhojpur","Arrah","Bihar"
"Sahpur Undi","848518","Samastipur","Samastipur","Bihar"
"Sahtha","844129","Kaimur","Kaimur","Bihar"
"Saidpur Tola Goriar","853205","Bhagalpur","Bhagalpur","Bihar"
"Sain","844133","Vaishali","Hazipur","Bihar"
"Sakarpura","848203","Khagaria","Khagaria","Bihar"
"Sakri","847239","Madhubani","Madhubani","Bihar"
"Sakurabad","804425","Jahanabad","Jahanabad","Bihar"
"Salempur","813122","Bhagalpur","Bhagalpur","Bihar"
"Salha","844522","Vaishali","Hazipur","Bihar"
"Salkhua Bazar","852126","Saharsa","Saharsa","Bihar"
"Salmari","855113","Katihar","Katihar","Bihar"
"Samastipur","848101","Samastipur","Samastipur","Bihar"
"Samastipur","848101","Samastipur","Samastipur","Bihar"
"Samastipur Bazar","848101","Samastipur","Samastipur","Bihar"
"Samastipur R S","848101","Samastipur","Samastipur","Bihar"
"Sambay","805139","Gaya","Gaya","Bihar"
"Samyagarh","803306","Patna","Patna","Bihar"
"Sandesh","802164","Bhojpur","Arrah","Bihar"
"Sandesh","802164","Bhojpur","Arrah","Bihar"
"Sandha Jahangirpur","843160","Muzaffarpur","Muzaffarpur","Bihar"
"Sangrampur","813212","Bhagalpur","Bhagalpur","Bihar"
"Sangrampur","813212","Bhagalpur","Bhagalpur","Bihar"
"Sangrampur","845434","Purba Champaran","Motihari","Bihar"
"Sangrampur","845434","Purba Champaran","Motihari","Bihar"
"Sanha","851219","Khagaria","Khagaria","Bihar"
"Sanjhauli","802220","Rohtas","Sasara","Bihar"
"Sanjiwan Press","800011","Patna","Patna","Bihar"
"Sankhmohan","848230","Samastipur","Samastipur","Bihar"
"Sanraha","841339","Saran","Saran","Bihar"
"Sara Mohanpur","846007","Darbhanga","Darbhanga","Bihar"
"Sarai","844125","Vaishali","Hazipur","Bihar"
"Sarairanjan","848127","Samastipur","Samastipur","Bihar"
"Saraiya","802318","Bhojpur","Arrah","Bihar"
"Saraiya","802318","Bhojpur","Arrah","Bihar"
"Saraiya Factory","843126","Muzaffarpur","Muzaffarpur","Bihar"
"Saraiyaganj","842001","Muzaffarpur","Muzaffarpur","Bihar"
"Sarangpur","848517","Samastipur","Samastipur","Bihar"
"Sarauni Bazar","814156","Aurangabad","Aurangabad","Bihar"
"Sarbahda","824239","Gaya","Gaya","Bihar"
"Sarbela","852146","Saharsa","Saharsa","Bihar"
"Sarenja","802171","Bhojpur","Arrah","Bihar"
"Sarh Manjhiawan","805145","Gaya","Gaya","Bihar"
"Sarharwa","841421","Saran","Saran","Bihar"
"Sarmera","811104","Nalanda","Biharsharif","Bihar"
"Sarmera","811104","Nalanda","Biharsharif","Bihar"
"Sarotar","845521","Purba Champaran","Motihari","Bihar"
"Sarsi","854206","Purnia","Purnia","Bihar"
"Sarsopahi","847424","Madhubani","Madhubani","Bihar"
"Sasamusa","841505","Gopalganj","Gopalganj","Bihar"
"Sasaram","821115","Rohtas","Sasara","Bihar"
"Sasaram Bazar","821115","Rohtas","Sasara","Bihar"
"Sasaram L Board","821115","Rohtas","Sasara","Bihar"
"Satanpur","848149","Samastipur","Samastipur","Bihar"
"Satgawan","805132","Nawada","Nawada","Bihar"
"Searchlight","800001","Patna","Patna","Bihar"
"Semapur Factory","854115","Katihar","Katihar","Bihar"
"Semaria","813129","Bhagalpur","Bhagalpur","Bihar"
"Semra","845435","Purba Champaran","Motihari","Bihar"
"Seora","848519","Samastipur","Samastipur","Bihar"
"Service Comm","800001","Patna","Patna","Bihar"
"Shah Alamnagar","852219","Madhepura","Madhepura","Bihar"
"Shahabad Dist Bd","802301","Bhojpur","Arrah","Bihar"
"Shahkund","813108","Bhagalpur","Bhagalpur","Bihar"
"Shambhuganj","813211","Bhagalpur","Bhagalpur","Bihar"
"Shambhupatti","848129","Kaimur","Kaimur","Bihar"
"Shankarpur Imamganj","804426","Jahanabad","Jahanabad","Bihar"
"Sheikhpura","811105","Munger","Sheikhpura","Bihar"
"Sheikhpura","811105","Munger","Munger","Bihar"
"Sheikhpura","800014","Patna","Sheikhpura","Bihar"
"Sheikhpura","800014","Patna","Patna","Bihar"
"Sheikhpura Bazar","811105","Munger","Munger","Bihar"
"Sheikhpura R S","811105","Munger","Munger","Bihar"
"Sheoganj","802301","Bhojpur","Arrah","Bihar"
"Sheohar","843329","Sheohar","Sheohar","Bihar"
"Sheosagar","821111","Rohtas","Sasara","Bihar"
"Sherfuddinpur","843118","Muzaffarpur","Muzaffarpur","Bihar"
"Sherghati","824211","Aurangabad","Sherghati","Bihar"
"Sherpur","801509","Patna","Patna","Bihar"
"Shivpahar","814101","Bhagalpur","Bhagalpur","Bihar"
"Shriram Press","851101","Begusarai","Begusarai","Bihar"
"Sidhapkala","847257","Madhubani","Madhubani","Bihar"
"Sidhaw","845118","West Champaran","Betia","Bihar"
"Sidhwalia","841423","Gopalganj","Gopalganj","Bihar"
"Sidhwalia","841423","Gopalganj","Gopalganj","Bihar"
"Sihari","824115","Aurangabad","Aurangabad","Bihar"
"Sikanarpur","842001","Muzaffarpur","Muzaffarpur","Bihar"
"Sikandra","811315","Jamui","Jamui","Bihar"
"Sikandra","811315","Jamui","Jamui","Bihar"
"Sikarpur","845309","West Champaran","Betia","Bihar"
"Sikta","845307","West Champaran","Betia","Bihar"
"Sikta","845307","West Champaran","Betia","Bihar"
"Silao","803117","Nalanda","Silao","Bihar"
"Silaut","843119","Muzaffarpur","Muzaffarpur","Bihar"
"Simaria","825103","Jamui","Gidhaur","Bihar"
"Simri","802135","Bhojpur","Arrah","Bihar"
"Simri","848516","Samastipur","Samastipur","Bihar"
"Simri Bakhtiarpur","852127","Saharsa","Saharsa","Bihar"
"Simultala","811316","Munger","Munger","Bihar"
"Singar","843161","Muzaffarpur","Muzaffarpur","Bihar"
"Singhaila","843162","Muzaffarpur","Muzaffarpur","Bihar"
"Singhara","844126","Vaishali","Hazipur","Bihar"
"Singhasani","845516","Purba Champaran","Motihari","Bihar"
"Singheshwar","852128","Madhepura","Madhepura","Bihar"
"Singhia","848209","Samastipur","Samastipur","Bihar"
"Singhia","848209","Samastipur","Samastipur","Bihar"
"Singhiaghat","848236","Samastipur","Samastipur","Bihar"
"Singhwara","847119","Darbhanga","Darbhanga","Bihar"
"Singhwara","847119","Darbhanga","Darbhanga","Bihar"
"Sinha","802316","Bhojpur","Arrah","Bihar"
"Sinha Homoe Med College","846002","Darbhanga","Darbhanga","Bihar"
"Sirari","811107","Munger","Munger","Bihar"
"Sirauli","843366","Sitamarhi","Sitamarhi","Bihar"
"Sirauna","845522","Purba Champaran","Motihari","Bihar"
"Sirdalla","805127","Nawada","Nawada","Bihar"
"Sirha","845517","Purba Champaran","Motihari","Bihar"
"Siripur","851132","Begusarai","Begusarai","Bihar"
"Sirnia","847120","Darbhanga","Darbhanga","Bihar"
"Sirnia","854126","Purnia","Purnia","Bihar"
"Siswa","845518","Purba Champaran","Motihari","Bihar"
"Sitalpur","841221","Saran","Saran","Bihar"
"Sitamarhi","843301","Sitamarhi","Sitamarhi","Bihar"
"Sitamarhi Court","843302","Sitamarhi","Sitamarhi","Bihar"
"Sitapur","845519","Purba Champaran","Motihari","Bihar"
"Siwan","841226","Saran","Siwan","Bihar"
"Siwan","841226","Saran","Saran","Bihar"
"Siwan Chowk Bazar","841226","Saran","Saran","Bihar"
"Sobhanpur Katoria","813124","Bhagalpur","Bhagalpur","Bihar"
"Sohanipatti","802101","Bhojpur","Arrah","Bihar"
"Sohma","848233","Samastipur","Samastipur","Bihar"
"Sohsarai","803118","Nalanda","Biharsharif","Bihar"
"Sonali","855114","Katihar","Katihar","Bihar"
"Sonapur Bazar","854360","Purnia","Purnia","Bihar"
"Sonbarsa","843330","Sitamarhi","Sitamarhi","Bihar"
"Sonbarsa","843330","Sitamarhi","Sitamarhi","Bihar"
"Sonbarsa Raj","852129","Madhepura","Madhepura","Bihar"
"Sondho","844134","Vaishali","Hazipur","Bihar"
"Sonepur","841101","Saran","Sonepur","Bihar"
"Sonepur","841101","Saran","Saran","Bihar"
"Soniha Babhangama","813123","Bhagalpur","Bhagalpur","Bihar"
"Sonkarsa Barkagaon","843163","Muzaffarpur","Muzaffarpur","Bihar"
"Sono","811314","Jamui","Jamui","Bihar"
"Sontha","855115","Purnia","Purnia","Bihar"
"Sour Bazar","852221","Saharsa","Saharsa","Bihar"
"Srikhand Bhitha","843367","Sitamarhi","Sitamarhi","Bihar"
"Sripur","845480","West Champaran","Betia","Bihar"
"St Rd Siwan","841226","Saran","Saran","Bihar"
"Station Rd Forbesganj","854318","Purnia","Purnia","Bihar"
"Station Rd Sultanganj","813213","Bhagalpur","Bhagalpur","Bihar"
"Subhankarpur","846006","Darbhanga","Darbhanga","Bihar"
"Sugaon","845479","West Champaran","Betia","Bihar"
"Sugauli","845456","Purba Champaran","Sugauli","Bihar"
"Sugauli","845456","Purba Champaran","Motihari","Bihar"
"Suhridnagar","851218","Khagaria","Khagaria","Bihar"
"Sujaganj Bazar","812002","Bhagalpur","Bhagalpur","Bihar"
"Sukhasan","852157","Saharsa","Saharsa","Bihar"
"Sukhpur","852130","Madhepura","Madhepura","Bihar"
"Sukulpakar","845478","West Champaran","Betia","Bihar"
"Sultanganj","813213","Bhagalpur","Sultanganj","Bihar"
"Sultanganj","813213","Bhagalpur","Bhagalpur","Bihar"
"Sultanpur","844532","Vaishali","Hazipur","Bihar"
"Sultanpur West","848515","Samastipur","Samastipur","Bihar"
"Sumbha Deorhi","848229","Samastipur","Samastipur","Bihar"
"Supaul","852131","Saharsa","Supaul","Bihar"
"Supaul","852131","Saharsa","Supaul","Bihar"
"Supaul Bazar","852131","Saharsa","Saharsa","Bihar"
"Surajgarha","811106","Lakhisarai","Lakhisarai","Bihar"
"Surajpura","802221","Rohtas","Sasara","Bihar"
"Surauli","848231","Samastipur","Samastipur","Bihar"
"Surpatganj","852137","Madhepura","Madhepura","Bihar"
"Sursand","843331","Sitamarhi","Sitamarhi","Bihar"
"Sutihar","841222","Saran","Saran","Bihar"
"T N B College","812007","Bhagalpur","Bhagalpur","Bihar"
"Taiyabpur","855117","Purnia","Purnia","Bihar"
"Tajpur","848130","Samastipur","Samastipur","Bihar"
"Tajpur","848130","Samastipur","Samastipur","Bihar"
"Takia","821113","Rohtas","Sasara","Bihar"
"Takipur","841244","Saran","Saran","Bihar"
"Tamaul Parsa","852152","Saharsa","Saharsa","Bihar"
"Tamganj","854351","Purnia","Purnia","Bihar"
"Tamuria","847410","Madhubani","Madhubani","Bihar"
"Tandwa","824302","Aurangabad","Aurangabad","Bihar"
"Tar","802182","Rohtas","Sasara","Bihar"
"Taraiya","841424","Saran","Saran","Bihar"
"Tarapur","813221","Munger","Munger","Bihar"
"Tarapur","813221","Munger","Munger","Bihar"
"Tarar","813226","Bhagalpur","Bhagalpur","Bihar"
"Tarar","802230","Bhojpur","Arrah","Bihar"
"Tarari","802209","Bhojpur","Arrah","Bihar"
"Tarari","802209","Bhojpur","Arrah","Bihar"
"Tariani Chapra","843368","Sheohar","Sheohar","Bihar"
"Tarwa Mangarpal","841105","Saran","Saran","Bihar"
"Tarwan","805128","Nawada","Nawada","Bihar"
"Tarwara","841506","Siwan","Siwan","Bihar"
"Tatarpur","812002","Bhagalpur","Bhagalpur","Bihar"
"Teghra","851133","Begusarai","Begusarai","Bihar"
"Teghra","851133","Begusarai","Begusarai","Bihar"
"Tehta","804427","Gaya","Gaya","Bihar"
"Tekari","824236","Gaya","Tekari","Bihar"
"Telari","821122","Rohtas","Sasara","Bihar"
"Telgu","845420","Purba Champaran","Motihari","Bihar"
"Telhara","801306","Nalanda","Biharsharif","Bihar"
"Teliapatti","845401","Purba Champaran","Motihari","Bihar"
"Telmar","803204","Patna","Patna","Bihar"
"Telpur","845120","Purba Champaran","Motihari","Bihar"
"Tenduni Chowk","802212","Rohtas","Sasara","Bihar"
"Tepri","843164","Muzaffarpur","Muzaffarpur","Bihar"
"Terhagachi","855119","Kishanganj","Kishanganj","Bihar"
"Tetar","805134","Nawada","Nawada","Bihar"
"Tetaria Factory","845436","Purba Champaran","Motihari","Bihar"
"Tetrawan","803129","Nalanda","Biharsharif","Bihar"
"Teus","811111","Sheikhpura","Sheikhpura","Bihar"
"Tharbitta","852138","Saharsa","Saharsa","Bihar"
"Thawe","841440","Gopalganj","Gopalganj","Bihar"
"Thawe","841440","Gopalganj","Gopalganj","Bihar"
"Thumha","852159","Saharsa","Saharsa","Bihar"
"Tilakpur","813228","Bhagalpur","Bhagalpur","Bihar"
"Tilkamanjhi","812001","Bhagalpur","Bhagalpur","Bihar"
"Tilouthu","821312","Rohtas","Sasara","Bihar"
"Tilrath","851122","Begusarai","Begusarai","Bihar"
"Tin Bazar","814101","Bhagalpur","Bhagalpur","Bihar"
"Tinpheria","845119","West Champaran","Betia","Bihar"
"Tisiauta Dharampur","844141","Vaishali","Hazipur","Bihar"
"Tribeniganj","852139","Madhubani","Madhubani","Bihar"
"Tulapatganj","847109","Darbhanga","Darbhanga","Bihar"
"Tulsia","855126","Purnia","Purnia","Bihar"
"Tungi","803130","Nalanda","Biharsharif","Bihar"
"Turhapatti","845481","West Champaran","Betia","Bihar"
"Turkaulia","845437","West Champaran","Betia","Bihar"
"Turkaulia","845437","West Champaran","Betia","Bihar"
"Turki","844127","Muzaffarpur","Muzaffarpur","Bihar"
"Turki Khararu","843165","Muzaffarpur","Muzaffarpur","Bihar"
"Udakishanganj","852220","Madhepura","Madhepura","Bihar"
"Udwantnagar","802210","Bhojpur","Arrah","Bihar"
"Ugan","848234","Samastipur","Samastipur","Bihar"
"Ughra","847125","Darbhanga","Darbhanga","Bihar"
"Ujairpur","848132","Samastipur","Samastipur","Bihar"
"Ulao","851134","Begusarai","Begusarai","Bihar"
"Umanagar","842004","Muzaffarpur","Muzaffarpur","Bihar"
"Umga","824213","Gaya","Gaya","Bihar"
"Umraoganj","802166","Bhojpur","Arrah","Bihar"
"Usri","804428","Jahanabad","Baikunthpur","Bihar"
"Vaimikinagar","845107","West Champaran","Betia","Bihar"
"Vaishali","844128","Vaishali","Hazipur","Bihar"
"Veerayatan","803124","Nalanda","Biharsharif","Bihar"
"Victoria Mission","845483","West Champaran","Betia","Bihar"
"Vidyut Parishad","800021","Patna","Patna","Bihar"
"Vishnupad","823001","Gaya","Gaya","Bihar"
"Waini","848131","Samastipur","Samastipur","Bihar"
"Wari","848235","Samastipur","Samastipur","Bihar"
"Warisaliganj","805130","Nawada","Warisaliganj","Bihar"
"Warisnagar","848133","Samastipur","Samastipur","Bihar"
"Warisnagar","848133","Samastipur","Samastipur","Bihar"
"Wazirganj","805131","Nawada","Nawada","Bihar"
"Zeradei","841245","Saran","Saran","Bihar"
"Aerodrome Chandigarh","160003","Chandigarh","Chandigarh","Chandigarh"
"Bajwara Chandigarh","160022","Chandigarh","Chandigarh","Chandigarh"
"Burail","160106","Chandigarh","Chandigarh","Chandigarh"
"Chandigarh","160017","Chandigarh","Chandigarh","Chandigarh"
"Engg College","160012","Chandigarh","Chandigarh","Chandigarh"
"General Bus Stand","160017","Chandigarh","Chandigarh","Chandigarh"
"Industrial Area Sector 28","160002","Chandigarh","Chandigarh","Chandigarh"
"Mani Mazra","160101","Chandigarh","Chandigarh","Chandigarh"
"Mohali Sas Nagar","160055","Chandigarh","Chandigarh","Chandigarh"
"New Secretariate","160001","Chandigarh","Chandigarh","Chandigarh"
"Sector 10 Chandigarh","160010","Chandigarh","Chandigarh","Chandigarh"
"Sector 11 Chandigarh","160011","Chandigarh","Chandigarh","Chandigarh"
"Sector 12 Chandigarh","160011","Chandigarh","Chandigarh","Chandigarh"
"Sector 14 Chandigarh","160014","Chandigarh","Chandigarh","Chandigarh"
"Sector 16 Chandigarh","160016","Chandigarh","Chandigarh","Chandigarh"
"Sector 17 Chandigarh","160017","Chandigarh","Chandigarh","Chandigarh"
"Sector 18 Chandigarh","160018","Chandigarh","Chandigarh","Chandigarh"
"Sector 19 Chandigarh","160019","Chandigarh","Chandigarh","Chandigarh"
"Sector 20 Chandigarh","160020","Chandigarh","Chandigarh","Chandigarh"
"Sector 21 Chandigarh","160022","Chandigarh","Chandigarh","Chandigarh"
"Sector 22 Chandigarh","160022","Chandigarh","Chandigarh","Chandigarh"
"Sector 23 Chandigarh","160023","Chandigarh","Chandigarh","Chandigarh"
"Sector 26 Chandigarh","160026","Chandigarh","Chandigarh","Chandigarh"
"Sector 27 Chandigarh","160019","Chandigarh","Chandigarh","Chandigarh"
"Sector 29 Chandigarh","160020","Chandigarh","Chandigarh","Chandigarh"
"Sector 31 Chandigarh","160031","Chandigarh","Chandigarh","Chandigarh"
"Sector 35 Chandigarh","160023","Chandigarh","Chandigarh","Chandigarh"
"Sector 36 Chandigarh","160036","Chandigarh","Chandigarh","Chandigarh"
"Sector 59 Chandigarh","160059","Chandigarh","Chandigarh","Chandigarh"
"Sector 61 Chandigarh","160061","Chandigarh","Chandigarh","Chandigarh"
"Sector 8 Chandigarh","160008","Chandigarh","Chandigarh","Chandigarh"
"Sector 9 Chandigarh","160009","Chandigarh","Chandigarh","Chandigarh"
"Abhanpur","493661","Raipur","Raipur","Chhattisgarh"
"Adbhar","495695","Bilaspur","Bilaspur","Chhattisgarh"
"Akaltara","495552","Bilaspur","Akaltara","Chhattisgarh"
"Akash Nagar","494554","Bastar","Jagdalpur","Chhattisgarh"
"Ambagarh Chowki","491665","Rajnandgaon","Rajnandgaon","Chhattisgarh"
"Ambikapur Ho.","497001","Surguja","Ambikapur","Chhattisgarh"
"Ambikapur Ho.","497001","Surguja","Ambikapur","Chhattisgarh"
"Anda","491221","Durg","Durg","Chhattisgarh"
"Antagarh","494665","Bastar","Jagdalpur","Chhattisgarh"
"Arang","493441","Raipur","Arang","Chhattisgarh"
"Arjunda","491225","Durg","Durg","Chhattisgarh"
"Arjuni","493330","Raipur","Raipur","Chhattisgarh"
"Asna","494221","Bastar","Jashpur","Chhattisgarh"
"Awapalli","494447","Bastar","Jagdalpur","Chhattisgarh"
"Bacheli","494553","Bastar","Jagdalpur","Chhattisgarh"
"Badekllepal","494445","Bastar","Jagdalpur","Chhattisgarh"
"Bagbahra","493449","Raipur","Raipur","Chhattisgarh"
"Bagicha","496224","Jashpur","Jashpur","Chhattisgarh"
"Baikunth","493116","Raipur","Raipur","Chhattisgarh"
"Baikunthpur","497335","Surguja","Baikunthpur","Chhattisgarh"
"Baikunthpur","497335","Koriya","Baikunthpur","Chhattisgarh"
"Bajrangpur","491443","Rajnandgaon","Rajnandgaon","Chhattisgarh"
"Bakawan","494222","Bastar","Jagdalpur","Chhattisgarh"
"Balco Nagar Kobra","495684","Bilaspur","Bilaspur","Chhattisgarh"
"Balco Nagar Kobra","495684","Bilaspur","Bilaspur","Chhattisgarh"
"Baloda","495559","Bilaspur","Baloda","Chhattisgarh"
"Baloda Bazar","493332","Raipur","Raipur","Chhattisgarh"
"Balrampur","497119","Surguja","Ambikapur","Chhattisgarh"
"Bamni Bazar","495660","Bilaspur","Bilaspur","Chhattisgarh"
"Bande Colony","494777","Bastar","Jagdalpur","Chhattisgarh"
"Bandha Bazar","491668","Rajnandgaon","Rajnandgaon","Chhattisgarh"
"Baniyagam","494227","Bastar","Jagdalpur","Chhattisgarh"
"Banki Mongra","495447","Bilaspur","Bilaspur","Chhattisgarh"
"Banskot","493562","Raipur","Raipur","Chhattisgarh"
"Baraduar","495687","Bilaspur","Bilaspur","Chhattisgarh"
"Baramkela","496551","Raigarh","Raigarh","Chhattisgarh"
"Barodia Kumaria","465686","Raigarh","Raigarh","Chhattisgarh"
"Basana","493354","Raipur","Raipur","Chhattisgarh"
"Bastanar","494435","Bastar","Jagdalpur","Chhattisgarh"
"Bastar","494223","Bastar","Jagdalpur","Chhattisgarh"
"Bastauli","497101","Surguja","Ambikapur","Chhattisgarh"
"Belghana","495116","Bilaspur","Bilaspur","Chhattisgarh"
"Bemetara","491335","Durg","Durg","Chhattisgarh"
"Berta","491332","Durg","Durg","Chhattisgarh"
"Bhaisma","495674","Bilaspur","Bilaspur","Chhattisgarh"
"Bhaiyathan","497231","Surguja","Ambikapur","Chhattisgarh"
"Bhanpuri","494224","Kanker","Bhanpuri","Chhattisgarh"
"Bhansi","494551","Bastar","Jagdalpur","Chhattisgarh"
"Bhanu Pratap Nagar","494669","Bastar","Jagdalpur","Chhattisgarh"
"Bhatapara","493118","Raipur","Bhatapara","Chhattisgarh"
"Bhatgaon","493222","Raipur","Bhatgaon","Chhattisgarh"
"Bhatgaon Collierry","497235","Surguja","Ambikapur","Chhattisgarh"
"Bhilai Civic Centre","490006","Durg","Durg","Chhattisgarh"
"Bhilai Civic Centre","490006","Durg","Durg","Chhattisgarh"
"Bhilai Civic Centre","490006","Durg","Durg","Chhattisgarh"
"Bhilai Civic Centre","490006","Durg","Durg","Chhattisgarh"
"Bhilai East","490021","Durg","Durg","Chhattisgarh"
"Bhilai Industrial Estate","490026","Durg","Durg","Chhattisgarh"
"Bhilai Jamul Cement Factory","490024","Durg","Durg","Chhattisgarh"
"Bhilai Khursipur","490011","Durg","Durg","Chhattisgarh"
"Bhilai Kumhari","490042","Durg","Durg","Chhattisgarh"
"Bhilai Marshalling Yard","490025","Durg","Durg","Chhattisgarh"
"Bhilai Nandini Mines","490036","Durg","Durg","Chhattisgarh"
"Bhilai Nawa Gaon","490010","Durg","Durg","Chhattisgarh"
"Bhilai S.A.F. Line","490022","Durg","Durg","Chhattisgarh"
"Bhilai Sector-1 Sbso","490001","Durg","Durg","Chhattisgarh"
"Bhilai Sector-1 Sbso","490001","Durg","Durg","Chhattisgarh"
"Bhilai Sector-1 Sbso","490001","Durg","Durg","Chhattisgarh"
"Bhilai Sector-1 Sbso","490001","Durg","Durg","Chhattisgarh"
"Bhilai Sector-1 Sbso","490001","Durg","Durg","Chhattisgarh"
"Bhilai Sector-1 Sbso","490001","Durg","Durg","Chhattisgarh"
"Bhilai Sector-1 Sbso","490001","Durg","Durg","Chhattisgarh"
"Bhilai Supela","490023","Durg","Durg","Chhattisgarh"
"Bhilai Supela","490023","Durg","Durg","Chhattisgarh"
"Bhopalpatnam","494446","Bastar","Jagdalpur","Chhattisgarh"
"Bijaipur","494444","Bastar","Jagdalpur","Chhattisgarh"
"Bilai Garh","493338","Raipur","Raipur","Chhattisgarh"
"Bilaspur Ho.","495001","Bilaspur","Bilaspur","Chhattisgarh"
"Bilaspur Ho.","495001","Bilaspur","Bilaspur","Chhattisgarh"
"Bilaspur Ho.","495001","Bilaspur","Bilaspur","Chhattisgarh"
"Bilaspur Ho.","495001","Bilaspur","Bilaspur","Chhattisgarh"
"Bilaspur Ho.","495001","Bilaspur","Bilaspur","Chhattisgarh"
"Bilaspur Ho.","495001","Bilaspur","Bilaspur","Chhattisgarh"
"Bilaspur Industrial Estate","495223","Bilaspur","Bilaspur","Chhattisgarh"
"Bilaspur Rs","495004","Bilaspur","Bilaspur","Chhattisgarh"
"Bilaspur Rs","495004","Bilaspur","Bilaspur","Chhattisgarh"
"Bilaspur Rs","495004","Bilaspur","Bilaspur","Chhattisgarh"
"Bilaspur Rs","495004","Bilaspur","Bilaspur","Chhattisgarh"
"Bilaspur Spinning Mills","495007","Bilaspur","Bilaspur","Chhattisgarh"
"Bilha","495224","Bilaspur","Bilha","Chhattisgarh"
"Birgaon","493221","Raipur","Birgaon","Chhattisgarh"
"Birra","495661","Janjgir - Champa","Janjgir - Champa","Chhattisgarh"
"Chakrabhata Camp","495220","Bilaspur","Bilaspur","Chhattisgarh"
"Champa","495671","Janjgir - Champa","Champa","Chhattisgarh"
"Chandrapur","495692","Janjgir - Champa","Janjgir - Champa","Chhattisgarh"
"Charama","494337","Kanker","Kanker","Chhattisgarh"
"Chhal","496665","Raigarh","Raigarh","Chhattisgarh"
"Chhapiheda","465689","Raigarh","Raigarh","Chhattisgarh"
"Chhote Kapasi","494771","Bastar","Jagdalpur","Chhattisgarh"
"Chhui Khadan","491885","Rajnandgaon","Rajnandgaon","Chhattisgarh"
"Chhura","493996","Raipur","Raipur","Chhattisgarh"
"Chhuria","491558","Rajnandgaon","Rajnandgaon","Chhattisgarh"
"Chichola","491557","Rajnandgaon","Rajnandgaon","Chhattisgarh"
"Chirimiri","497449","Surguja","Ambikapur","Chhattisgarh"
"Chirimiri Collierry","497773","Surguja","Ambikapur","Chhattisgarh"
"Churcha Collierry","497339","Surguja","Ambikapur","Chhattisgarh"
"Dabhara","495688","Janjgir - Champa","Janjgir - Champa","Chhattisgarh"
"Dalirajhara","491228","Durg","Durg","Chhattisgarh"
"Dalirajhara","491228","Durg","Durg","Chhattisgarh"
"Danta Ramgarh","494449","Bastar","Jagdalpur","Chhattisgarh"
"Dantewada","494449","Dantewada","Dantewada","Chhattisgarh"
"Dashrangpur","491336","Rajnandgaon","Rajnandgaon","Chhattisgarh"
"Deobhog","493890","Raipur","Raipur","Chhattisgarh"
"Dhamdah","491331","Durg","Durg","Chhattisgarh"
"Dhamtari","493773","Dhamtari","Dhamtari","Chhattisgarh"
"Dhamtari","493773","Dhamtari","Dhamtari","Chhattisgarh"
"Dharam Jaigarh","496116","Raigarh","Raigarh","Chhattisgarh"
"Dharampura","494005","Bastar","Jagdalpur","Chhattisgarh"
"Dondiawari","491230","Durg","Durg","Chhattisgarh"
"Dondilohara","491771","Durg","Durg","Chhattisgarh"
"Dongargaon","491661","Rajnandgaon","Dongargaon","Chhattisgarh"
"Dongargarh","491445","Rajnandgaon","Rajnandgaon","Chhattisgarh"
"Dornapal","494122","Bastar","Jashpur","Chhattisgarh"
"Duldula","496334","Kawardha","Kawardha","Chhattisgarh"
"Durg","490008","Durg","Durg","Chhattisgarh"
"Durg","490009","Durg","Durg","Chhattisgarh"
"Durg","490012","Durg","Durg","Chhattisgarh"
"Durg","491004","Durg","Durg","Chhattisgarh"
"Durg","491226","Durg","Durg","Chhattisgarh"
"Durg","491226","Durg","Durg","Chhattisgarh"
"Durg","494775","Durg","Durg","Chhattisgarh"
"Durg Ho.","491001","Durg","Durg","Chhattisgarh"
"Durg Ho.","491001","Durg","Durg","Chhattisgarh"
"Durg Ho.","491001","Durg","Durg","Chhattisgarh"
"Durg Kasardih","491003","Durg","Durg","Chhattisgarh"
"Durg Mohan Nagar","491002","Durg","Durg","Chhattisgarh"
"Durg Mohan Nagar","491002","Durg","Durg","Chhattisgarh"
"Gadiras","494572","Bastar","Jagdalpur","Chhattisgarh"
"Gandai Paderia","491888","Rajnandgaon","Rajnandgaon","Chhattisgarh"
"Ganiyari","495112","Bilaspur","Bilaspur","Chhattisgarh"
"Gariaband","493889","Raipur","Raipur","Chhattisgarh"
"Geedam","494441","Bastar","Geedam","Chhattisgarh"
"Gharghoda","496111","Raigarh","Gharghoda","Chhattisgarh"
"Gholeng","496338","Raigarh","Raigarh","Chhattisgarh"
"Ghumka","491444","Rajnandgaon","Rajnandgaon","Chhattisgarh"
"Godri Para","497555","Surguja","Ambikapur","Chhattisgarh"
"Gopal Nagar","495663","Bilaspur","Bilaspur","Chhattisgarh"
"Gunderdehi","491223","Durg","Durg","Chhattisgarh"
"Gurur","491227","Durg","Durg","Chhattisgarh"
"Haldibadi","497451","Surguja","Ambikapur","Chhattisgarh"
"Hardi","496450","Raigarh","Raigarh","Chhattisgarh"
"Hardi Bazar","495446","Bilaspur","Bilaspur","Chhattisgarh"
"Hatband","493113","Dhamtari","Dhamtari","Chhattisgarh"
"Hirr Mines","495222","Bilaspur","Bilaspur","Chhattisgarh"
"Jagdalpur Ho.","494001","Bastar","Jagdalpur","Chhattisgarh"
"Jagdalpur Ho.","494001","Bastar","Jagdalpur","Chhattisgarh"
"Jagdalpur Rs","494002","Bastar","Jagdalpur","Chhattisgarh"
"Jagdishpur","493555","Raipur","Raipur","Chhattisgarh"
"Jaijaipur","495690","Janjgir - Champa","Janjgir - Champa","Chhattisgarh"
"Jairam Nagar","495550","Bilaspur","Bilaspur","Chhattisgarh"
"Jamnipali","495450","Korba","Korba","Chhattisgarh"
"Janakpur","497778","Surguja","Ambikapur","Chhattisgarh"
"Janjigir","495668","Janjgir - Champa","Janjgir - Champa","Chhattisgarh"
"Jaspur Nagar","496331","Raigarh","Raigarh","Chhattisgarh"
"Jaspur Nagar","496331","Raigarh","Raigarh","Chhattisgarh"
"Jhagrakhand Colliery","497446","Surguja","Ambikapur","Chhattisgarh"
"Jhagrakhand Colliery South","497448","Surguja","Ambikapur","Chhattisgarh"
"Jhagrakhand Colliery West","497447","Surguja","Ambikapur","Chhattisgarh"
"Kanker Ho.","494334","Bastar","Jagdalpur","Chhattisgarh"
"Kanker Ho.","494334","Bastar","Jagdalpur","Chhattisgarh"
"Kansabel","496223","Jashpur","Jashpur","Chhattisgarh"
"Kargi Road","495113","Bilaspur","Bilaspur","Chhattisgarh"
"Kasdol","493335","Raipur","Raipur","Chhattisgarh"
"Katghora","495445","Korba","Katghora","Chhattisgarh"
"Katgi","493344","Raipur","Raipur","Chhattisgarh"
"Kawardha","491995","Kawardha","Kawardha","Chhattisgarh"
"Keshkal","494331","Bastar","Jagdalpur","Chhattisgarh"
"Khairagarh","491881","Rajnandgaon","Khairagarh","Chhattisgarh"
"Khamaria","491338","Durg","Durg","Chhattisgarh"
"Kharoa","493225","Raipur","Raipur","Chhattisgarh"
"Kharod","495556","Bilaspur","Kharod","Chhattisgarh"
"Kharsia","496661","Raigarh","Kharsia","Chhattisgarh"
"Khilchipur","465679","Raigarh","Raigarh","Chhattisgarh"
"Khujner","465687","Raigarh","Raigarh","Chhattisgarh"
"Kirandul","494556","Bastar","Kirandul","Chhattisgarh"
"Kondagaon","494226","Bastar","Kondagaon","Chhattisgarh"
"Kondatarai","496100","Raigarh","Raigarh","Chhattisgarh"
"Koni","495009","Bilaspur","Bilaspur","Chhattisgarh"
"Konta","494114","Dantewada","Dantewada","Chhattisgarh"
"Korar","494670","Bastar","Jagdalpur","Chhattisgarh"
"Korba Collierry","495679","Bilaspur","Bilaspur","Chhattisgarh"
"Korba Ho.","495677","Bilaspur","Bilaspur","Chhattisgarh"
"Korba Pragati Nagar","495680","Bilaspur","Bilaspur","Chhattisgarh"
"Korba Thermal Station","495681","Bilaspur","Bilaspur","Chhattisgarh"
"Koria Collierry","497559","Surguja","Ambikapur","Chhattisgarh"
"Kosir","496460","Janjgir - Champa","Janjgir - Champa","Chhattisgarh"
"Kunkruai","496225","Raigarh","Raigarh","Chhattisgarh"
"Kurasia Colliery","497553","Surguja","Ambikapur","Chhattisgarh"
"Kurawar","465667","Raigarh","Raigarh","Chhattisgarh"
"Kurud","493663","Dhamtari","Kurud","Chhattisgarh"
"Kusmi","497222","Surguja","Ambikapur","Chhattisgarh"
"Lailunga","496113","Raigarh","Raigarh","Chhattisgarh"
"Lakhanpur","497116","Surguja","Ambikapur","Chhattisgarh"
"Lakhanpuri","494336","Kanker","Kanker","Chhattisgarh"
"Lohandiguda","494010","Bastar","Jagdalpur","Chhattisgarh"
"Machadoli","495453","Bilaspur","Bilaspur","Chhattisgarh"
"Madded","494448","Bastar","Jagdalpur","Chhattisgarh"
"Madhar Cement Factory","493111","Raipur","Raipur","Chhattisgarh"
"Mahasamund","493445","Mahasamund","Mahasamund","Chhattisgarh"
"Mainpur","493895","Raipur","Raipur","Chhattisgarh"
"Malkharoda","495691","Janjgir - Champa","Janjgir - Champa","Chhattisgarh"
"Manendragarh","497442","Surguja","Manendragarh","Chhattisgarh"
"Manendragarh","497442","Koriya","Manendragarh","Chhattisgarh"
"Manikpur Collierry","495682","Bilaspur","Bilaspur","Chhattisgarh"
"Manora","496330","Raigarh","Raigarh","Chhattisgarh"
"Manpur","491229","Rajnandgaon","Rajnandgaon","Chhattisgarh"
"Marwahi","495118","Bilaspur","Bilaspur","Chhattisgarh"
"Masturi","495551","Bilaspur","Bilaspur","Chhattisgarh"
"Mungeli","495334","Bilaspur","Mungeli","Chhattisgarh"
"Nagri","493778","Dhamtari","Dhamtari","Chhattisgarh"
"Nakulnar","494552","Bastar","Jagdalpur","Chhattisgarh"
"Nandghat","491340","Durg","Durg","Chhattisgarh"
"Nandkathi","491113","Durg","Durg","Chhattisgarh"
"Narainpur","494661","Bastar","Jagdalpur","Chhattisgarh"
"Narharpur","494333","Bastar","Jagdalpur","Chhattisgarh"
"Nariyara","495553","Bilaspur","Bilaspur","Chhattisgarh"
"Nawanagar","491337","Durg","Durg","Chhattisgarh"
"Nayapararajim","493881","Raipur","Raipur","Chhattisgarh"
"Neora","493114","Raipur","Raipur","Chhattisgarh"
"Pakhanjor Camp","494776","Bastar","Jagdalpur","Chhattisgarh"
"Pali","495449","Korba","Korba","Chhattisgarh"
"Pallari","493228","Raipur","Raipur","Chhattisgarh"
"Pandaria","495337","Kawardha","Kawardha","Chhattisgarh"
"Panduka","492109","Raipur","Raipur","Chhattisgarh"
"Patan","491111","Durg","Patan","Chhattisgarh"
"Pathal Gaon","496118","Jashpur","Jashpur","Chhattisgarh"
"Patharia","495335","Bilaspur","Bilaspur","Chhattisgarh"
"Patna","497331","Surguja","Ambikapur","Chhattisgarh"
"Pendra","495119","Bilaspur","Pendra","Chhattisgarh"
"Pendra R.S.","495117","Bilaspur","Bilaspur","Chhattisgarh"
"Pharasgaon","494228","Bastar","Jagdalpur","Chhattisgarh"
"Pharasgaon Camp","494229","Bastar","Jagdalpur","Chhattisgarh"
"Phingeshwar","493992","Raipur","Raipur","Chhattisgarh"
"Pipra Bahigaon","494230","Bastar","Jagdalpur","Chhattisgarh"
"Pithoa","493551","Raipur","Raipur","Chhattisgarh"
"Pratapgarh","497114","Kawardha","Kawardha","Chhattisgarh"
"Pratappur","497223","Surguja","Ambikapur","Chhattisgarh"
"Pussore","496440","Raigarh","Raigarh","Chhattisgarh"
"Raigarh Ho.","496001","Raigarh","Raigarh","Chhattisgarh"
"Raigarh Ho.","496001","Raigarh","Raigarh","Chhattisgarh"
"Raigarh Jute Mills","496004","Raigarh","Raigarh","Chhattisgarh"
"Raipur Ganj","492009","Raipur","Raipur","Chhattisgarh"
"Raipur Ho.","492001","Raipur","Raipur","Chhattisgarh"
"Raipur Ho.","492001","Raipur","Raipur","Chhattisgarh"
"Raipur Ho.","492001","Raipur","Raipur","Chhattisgarh"
"Raipur Ho.","492001","Raipur","Raipur","Chhattisgarh"
"Raipur Ho.","492001","Raipur","Raipur","Chhattisgarh"
"Raipur Ho.","492001","Raipur","Raipur","Chhattisgarh"
"Raipur Ho.","492001","Raipur","Raipur","Chhattisgarh"
"Raipur Ho.","492001","Raipur","Raipur","Chhattisgarh"
"Raipur Ho.","492001","Raipur","Raipur","Chhattisgarh"
"Raipur Ho.","492001","Raipur","Raipur","Chhattisgarh"
"Raipur Ho.","492001","Raipur","Raipur","Chhattisgarh"
"Raipur Ho.","492001","Raipur","Raipur","Chhattisgarh"
"Raipur Kapa","492005","Raipur","Raipur","Chhattisgarh"
"Raipur Karchulian","486114","Raipur","Raipur","Chhattisgarh"
"Raipur Krishak Nagar","492012","Raipur","Raipur","Chhattisgarh"
"Raipur Mana Camp","492015","Raipur","Raipur","Chhattisgarh"
"Raipur Pandri","492004","Raipur","Raipur","Chhattisgarh"
"Raipur Rajkumar College","492003","Raipur","Raipur","Chhattisgarh"
"Raipur Shankar Nagar","492007","Raipur","Raipur","Chhattisgarh"
"Raipur W.R.S. Colony","492008","Raipur","Raipur","Chhattisgarh"
"Rajgamar Colliery","495683","Bilaspur","Bilaspur","Chhattisgarh"
"Rajim","493885","Raipur","Raipur","Chhattisgarh"
"Rajnandgaon Ho.","491441","Rajnandgaon","Rajnandgaon","Chhattisgarh"
"Rajnandgaon Ho.","491441","Rajnandgaon","Rajnandgaon","Chhattisgarh"
"Rajnandgaon Ho.","491441","Rajnandgaon","Rajnandgaon","Chhattisgarh"
"Rajnandgaon Ho.","491441","Rajnandgaon","Rajnandgaon","Chhattisgarh"
"Rajpur","496115","Raigarh","Raigarh","Chhattisgarh"
"Rajpur","497118","Surguja","Ambikapur","Chhattisgarh"
"Ramanuj Ganj","497220","Surguja","Ambikapur","Chhattisgarh"
"Ramanuj Nagar","497333","Surguja","Ambikapur","Chhattisgarh"
"Ratanpur","495422","Bilaspur","Ratanpur","Chhattisgarh"
"Rudri","493776","Dhamtari","Dhamtari","Chhattisgarh"
"Sahaspur","491991","Rajnandgaon","Rajnandgaon","Chhattisgarh"
"Saja","491993","Durg","Durg","Chhattisgarh"
"Sakti","495689","Janjgir - Champa","Sakti","Chhattisgarh"
"Sambalpur","494635","Bastar","Jagdalpur","Chhattisgarh"
"Sankara","492112","Raipur","Raipur","Chhattisgarh"
"Sanna","496336","Jashpur","Jashpur","Chhattisgarh"
"Saraipali","493558","Janjgir - Champa","Saraipali","Chhattisgarh"
"Sarangarh","496445","Raigarh","Sarangarh","Chhattisgarh"
"Saria","496554","Raigarh","Raigarh","Chhattisgarh"
"Sarona","494335","Bastar","Jagdalpur","Chhattisgarh"
"Sarsiwa","493559","Raipur","Raipur","Chhattisgarh"
"Seori Narajam","495557","Bilaspur","Bilaspur","Chhattisgarh"
"Shankargarh","497210","Surguja","Ambikapur","Chhattisgarh"
"Sikosa","491222","Durg","Durg","Chhattisgarh"
"Simga","493101","Korba","Simga","Chhattisgarh"
"Singrapur","494332","Bastar","Jagdalpur","Chhattisgarh"
"Sitapur","497111","Surguja","Ambikapur","Chhattisgarh"
"Sonarpal","494225","Bastar","Jagdalpur","Chhattisgarh"
"Sonawani Collierry","497557","Surguja","Ambikapur","Chhattisgarh"
"Sukma","494111","Jashpur","Jashpur","Chhattisgarh"
"Surajpur","497229","Surguja","Surajpur","Chhattisgarh"
"Surguja","497437","Surguja","Ambikapur","Chhattisgarh"
"Takhatpur","495330","Bilaspur","Takhatpur","Chhattisgarh"
"Tamnar","496107","Raigarh","Raigarh","Chhattisgarh"
"Tapkara","496227","Raigarh","Raigarh","Chhattisgarh"
"Tokapal","494442","Bastar","Jagdalpur","Chhattisgarh"
"Tongapal","494115","Bastar","Jashpur","Chhattisgarh"
"Wadraf Nagar","497225","Surguja","Ambikapur","Chhattisgarh"
"West Chirimiri Colliery","495452","Bilaspur","Bilaspur","Chhattisgarh"
"Karad","396240","Dadra & Nagar Haveli","Silvasa","Dadra & Nagar Haveli "
"Naroli","396235","Dadra & Nagar Haveli","Silvasa","Dadra & Nagar Haveli "
"Silvasa","396230","Dadra & Nagar Haveli","Silvasa","Dadra & Nagar Haveli "
"Daman","396210","Daman","Daman","Daman & Diu"
"Diu","362520","Daman","Diu","Daman & Diu"
"Moti Daman","396220","Daman","Daman","Daman & Diu"
"Connaught Place","110001","New Delhi","New Delhi","Delhi"
"Constitution House","110001","Central Delhi","New Delhi","Delhi"
"Eastern Court","110001","Central Delhi","New Delhi","Delhi"
"Election Commission","110001","Central Delhi","New Delhi","Delhi"
"Janpath","110001","Central Delhi","New Delhi","Delhi"
"Krishi Bhawan","110001","Central Delhi","New Delhi","Delhi"
"Lady Harding Medical College","110001","Central Delhi","New Delhi","Delhi"
"Laxminarain Mandir","110001","Central Delhi","New Delhi","Delhi"
"New Delhi G P O","110001","Central Delhi","New Delhi","Delhi"
"North Avenue","110001","Central Delhi","New Delhi","Delhi"
"Parliament House","110001","New Delhi","New Delhi","Delhi"
"Parliament Street","110001","New Delhi","New Delhi","Delhi"
"Patiala House","110001","Central Delhi","New Delhi","Delhi"
"Pragati Maidan","110001","Central Delhi","New Delhi","Delhi"
"Rail Bhawan","110001","Central Delhi","New Delhi","Delhi"
"Sansadiya Soudha","110001","Central Delhi","New Delhi","Delhi"
"Sectt North","110001","Central Delhi","New Delhi","Delhi"
"Shastri Bhawan","110001","Central Delhi","New Delhi","Delhi"
"Supreme Court","110001","Central Delhi","New Delhi","Delhi"
"A G C R","110002","Central Delhi","New Delhi","Delhi"
"Ajmeri Gate Extension","110002","Central Delhi","New Delhi","Delhi"
"Ansari Road","110002","Central Delhi","New Delhi","Delhi"
"Darya Ganj","110002","Central Delhi","New Delhi","Delhi"
"Gandhi Samarak","110002","Central Delhi","New Delhi","Delhi"
"Indian Agriculture","110002","Central Delhi","New Delhi","Delhi"
"Indraprastha","110002","Central Delhi","New Delhi","Delhi"
"Indraprastha Estate","110002","Central Delhi","New Delhi","Delhi"
"Minto Road","110002","Central Delhi","New Delhi","Delhi"
"Rajghat Power House","110002","Central Delhi","New Delhi","Delhi"
"Aliganj","110003","North Delhi","New Delhi","Delhi"
"Delhi High Court","110003","Central Delhi","New Delhi","Delhi"
"Golf Links","110003","Central Delhi","New Delhi","Delhi"
"Jawahar Lal Nehru Stadium","110003","South Delhi","New Delhi","Delhi"
"Lodi Colony Market","110003","South Delhi","New Delhi","Delhi"
"Lodi House Hostel","110003","South Delhi","New Delhi","Delhi"
"Lodi Road","110003","South Delhi","New Delhi","Delhi"
"Lok Nagar Bhawan","110003","Central Delhi","New Delhi","Delhi"
"Oberei Intercontinental","110003","South Delhi","New Delhi","Delhi"
"Pandara Road","110003","Central Delhi","New Delhi","Delhi"
"Pragati Vihar","110003","South Delhi","New Delhi","Delhi"
"Safdarjang Air Port","110003","South Delhi","New Delhi","Delhi"
"Wazir Nagar","110003","South Delhi","New Delhi","Delhi"
"Rashtrapati Bhawan","110004","Central Delhi","New Delhi","Delhi"
"Anand Nagar","110005","Central Delhi","New Delhi","Delhi"
"Anand Parbat","110005","Central Delhi","New Delhi","Delhi"
"Bank Street","110005","Central Delhi","New Delhi","Delhi"
"Desh Bandhu Gupta Road","110005","Central Delhi","New Delhi","Delhi"
"Karol Bagh","110005","Central Delhi","New Delhi","Delhi"
"Lower Camp Anand Parbat","110005","Central Delhi","New Delhi","Delhi"
"Model Basti","110005","North Delhi","New Delhi","Delhi"
"Sat Nahar","110005","Central Delhi","New Delhi","Delhi"
"Than Singh Nagar","110005","Central Delhi","New Delhi","Delhi"
"Bara Tooti","110006","Central Delhi","New Delhi","Delhi"
"Chandni Chowk","110006","Central Delhi","New Delhi","Delhi"
"Chawri Bazar","110006","Central Delhi","New Delhi","Delhi"
"Dareeba","110006","Central Delhi","New Delhi","Delhi"
"Delhi Cloth Mills","110006","Central Delhi","New Delhi","Delhi"
"Delhi G P O","110006","Central Delhi","New Delhi","Delhi"
"Delhi Sadar Bazar","110006","Central Delhi","New Delhi","Delhi"
"Farashkhana","110006","Central Delhi","New Delhi","Delhi"
"Fatehpuri","110006","Central Delhi","New Delhi","Delhi"
"Hamdard Dawakhana","110006","Central Delhi","New Delhi","Delhi"
"Hauz Qazi","110006","Central Delhi","New Delhi","Delhi"
"Idgah Road I S B T","110006","Central Delhi","New Delhi","Delhi"
"Jama Masjid","110006","Central Delhi","New Delhi","Delhi"
"Mori Gate","110006","Central Delhi","New Delhi","Delhi"
"Red Fort","110006","Central Delhi","New Delhi","Delhi"
"Sadar Thana Road","110006","Central Delhi","New Delhi","Delhi"
"Birla Lines","110007","North Delhi","New Delhi","Delhi"
"C C Institute","110007","North Delhi","New Delhi","Delhi"
"Delhi University","110007","North Delhi","New Delhi","Delhi"
"Jawahar Nagar","110007","North Delhi","New Delhi","Delhi"
"Kamla Nagar","110007","North Delhi","New Delhi","Delhi"
"Lancer Road Market","110007","North Delhi","New Delhi","Delhi"
"Lok Nayak Bhawan","110007","North Delhi","New Delhi","Delhi"
"Malka Ganj","110007","North Delhi","New Delhi","Delhi"
"Malka Ganj Market","110007","North Delhi","New Delhi","Delhi"
"Partap Nagar","110007","North Delhi","New Delhi","Delhi"
"Patrachar Road","110007","North Delhi","New Delhi","Delhi"
"Patrachar Vidyala","110007","North Delhi","New Delhi","Delhi"
"Pragati Vihar","110007","North Delhi","New Delhi","Delhi"
"Rana Pratap Bagh","110007","North Delhi","New Delhi","Delhi"
"Rly C A O","110007","North Delhi","New Delhi","Delhi"
"Roop Nagar","110007","North Delhi","New Delhi","Delhi"
"Roshan Area Road","110007","North Delhi","New Delhi","Delhi"
"Safdarjang Air Port","110007","North Delhi","New Delhi","Delhi"
"Sewa Sangh","110007","North Delhi","New Delhi","Delhi"
"Shakti Nagar","110007","North Delhi","New Delhi","Delhi"
"Subzi Mandi","110007","North Delhi","New Delhi","Delhi"
"Timarpur","110007","North Delhi","New Delhi","Delhi"
"Wazir Nagar","110007","North Delhi","New Delhi","Delhi"
"Dada Ghosh Bhawan","110008","Central Delhi","New Delhi","Delhi"
"Patel Nagar","110008","Central Delhi","New Delhi","Delhi"
"Patel Nagar East","110008","Central Delhi","New Delhi","Delhi"
"Patel Nagar South","110008","Central Delhi","New Delhi","Delhi"
"Patel Nagar West","110008","Central Delhi","New Delhi","Delhi"
"A F Palam","110010","West Delhi","New Delhi","Delhi"
"A P S Colony","110010","West Delhi","New Delhi","Delhi"
"Army Base","110010","West Delhi","New Delhi","Delhi"
"Bazar Road","110010","West Delhi","New Delhi","Delhi"
"Central Ordinance","110010","West Delhi","New Delhi","Delhi"
"Central Vehicle","110010","West Delhi","New Delhi","Delhi"
"Delhi Cantt","110010","South West","New Delhi","Delhi"
"Depot","110010","West Delhi","New Delhi","Delhi"
"Dhaula Khuan","110010","West Delhi","New Delhi","Delhi"
"Kirby Place","110010","West Delhi","New Delhi","Delhi"
"Work Shop","110010","West Delhi","New Delhi","Delhi"
"Defence Head Qrs","110011","Central Delhi","New Delhi","Delhi"
"Gymkhana Club","110011","Central Delhi","New Delhi","Delhi"
"Nirman Bhawan","110011","Central Delhi","New Delhi","Delhi"
"Sectt South","110011","Central Delhi","New Delhi","Delhi"
"Shahjahan Road","110011","Central Delhi","New Delhi","Delhi"
"South Avenue","110011","Central Delhi","New Delhi","Delhi"
"U P S C","110011","Central Delhi","New Delhi","Delhi"
"Udyog Bhawan","110011","Central Delhi","New Delhi","Delhi"
"Central Tractor","110012","Central Delhi","New Delhi","Delhi"
"Inderpuri","110012","Central Delhi","New Delhi","Delhi"
"N P Laboratories","110012","Central Delhi","New Delhi","Delhi"
"Organisation","110012","Central Delhi","New Delhi","Delhi"
"Research Institute","110012","Central Delhi","New Delhi","Delhi"
"Dargah Shareef","110013","South Delhi","New Delhi","Delhi"
"Hazrat Nizamuddin","110013","South Delhi","New Delhi","Delhi"
"Hari Nagar Ashram","110014","South Delhi","New Delhi","Delhi"
"Jangpura","110014","South Delhi","New Delhi","Delhi"
"Central Kirti Nagar","110015","North Delhi","New Delhi","Delhi"
"D I Area","110015","North Delhi","New Delhi","Delhi"
"E S I Hospital","110015","North Delhi","New Delhi","Delhi"
"Industrial Area","110015","North Delhi","New Delhi","Delhi"
"Karampura","110015","North Delhi","New Delhi","Delhi"
"Kirti Nagar","110015","North Delhi","New Delhi","Delhi"
"Mansarover Garden","110015","North Delhi","New Delhi","Delhi"
"Moti Nagar","110015","North Delhi","New Delhi","Delhi"
"North Industrial Area","110015","North Delhi","New Delhi","Delhi"
"Ramesh Nagar","110015","North Delhi","New Delhi","Delhi"
"Sudershan Park","110015","North Delhi","New Delhi","Delhi"
"Vishnu Garden","110015","North Delhi","New Delhi","Delhi"
"Zakhira","110015","North Delhi","New Delhi","Delhi"
"Ashram","110016","South Delhi","New Delhi","Delhi"
"Green Park","110016","South Delhi","New Delhi","Delhi"
"Green Park Market","110016","South Delhi","New Delhi","Delhi"
"Hauz Khas","110016","South Delhi","New Delhi","Delhi"
"Hauz Khas Market","110016","South Delhi","New Delhi","Delhi"
"I I T Hauz Khas","110016","South Delhi","New Delhi","Delhi"
"N I E Compus","110016","South Delhi","New Delhi","Delhi"
"Shri Aurobindo","110016","South Delhi","New Delhi","Delhi"
"Yusaf Sarai","110016","South Delhi","New Delhi","Delhi"
"Malviya Nagar","110017","South Delhi","New Delhi","Delhi"
"Panchseel Enclave","110017","South Delhi","New Delhi","Delhi"
"Pushpa Vihar Sector I","110017","South Delhi","New Delhi","Delhi"
"South Malviya Nagar","110017","South Delhi","New Delhi","Delhi"
"Ashok Nagar","110018","North Delhi","New Delhi","Delhi"
"Chand Nagar","110018","North Delhi","New Delhi","Delhi"
"Fateh Nagar","110018","North Delhi","New Delhi","Delhi"
"Khyalla Phase I","110018","North Delhi","New Delhi","Delhi"
"Khyalla Phase II","110018","North Delhi","New Delhi","Delhi"
"Mahabir Nagar","110018","West Delhi","New Delhi","Delhi"
"Major Bhupinder Singh Nag","110018","West Delhi","New Delhi","Delhi"
"Tihar","110018","West Delhi","New Delhi","Delhi"
"Tilak Nagar","110018","West Delhi","New Delhi","Delhi"
"Tilak Nagar East","110018","West Delhi","New Delhi","Delhi"
"Vikaspuri","110018","West Delhi","New Delhi","Delhi"
"Vishnu Garden","110018","West Delhi","New Delhi","Delhi"
"Govindpuri","110019","South Delhi","New Delhi","Delhi"
"Kalkaji","110019","South Delhi","New Delhi","Delhi"
"Nehru Place","110019","South Delhi","New Delhi","Delhi"
"C R R I","110020","South Delhi","New Delhi","Delhi"
"Flatted Factories Complex","110020","South Delhi","New Delhi","Delhi"
"Okhla Industrial Estate","110020","South Delhi","New Delhi","Delhi"
"Anand Niketan","110021","South Delhi","New Delhi","Delhi"
"Ashoka Hotel","110021","New Delhi","New Delhi","Delhi"
"Chankyapuri","110021","New Delhi","New Delhi","Delhi"
"Malcha Marg","110021","South Delhi","New Delhi","Delhi"
"Moti Bagh","110021","South Delhi","New Delhi","Delhi"
"Nanakpura","110021","South Delhi","New Delhi","Delhi"
"Postal Saving Bureau","110022","South Delhi","New Delhi","Delhi"
"R K Puram Sector I","110022","South Delhi","New Delhi","Delhi"
"R K Puram Sector Ii","110022","South Delhi","New Delhi","Delhi"
"R K Puram Sector Iii","110022","South Delhi","New Delhi","Delhi"
"R K Puram Sector Iv","110022","South Delhi","New Delhi","Delhi"
"R K Puram Sector Ix","110022","South Delhi","New Delhi","Delhi"
"R K Puram Sector Vii","110022","South Delhi","New Delhi","Delhi"
"R K Puram Sector Viii","110022","South Delhi","New Delhi","Delhi"
"R K Puram Sector Xii","110022","South Delhi","New Delhi","Delhi"
"R K Puram V","110022","South Delhi","New Delhi","Delhi"
"Kidwai Nagar","110023","South Delhi","New Delhi","Delhi"
"Kidwai Nagar West","110023","South Delhi","New Delhi","Delhi"
"Laxmi Bai Nagar","110023","South Delhi","New Delhi","Delhi"
"Netaji Nagar","110023","South Delhi","New Delhi","Delhi"
"Sarojini Nagar","110023","South Delhi","New Delhi","Delhi"
"Amar Colony","110024","South Delhi","New Delhi","Delhi"
"Defence Colony","110024","South Delhi","New Delhi","Delhi"
"Krishna Market","110024","South Delhi","New Delhi","Delhi"
"Lajpat Nagar","110024","South Delhi","New Delhi","Delhi"
"Jamia Nagar","110025","South Delhi","New Delhi","Delhi"
"Zakhir Nagar","110025","South Delhi","New Delhi","Delhi"
"Punjabi Bagh","110026","West Delhi","New Delhi","Delhi"
"Punjabi Bagh Sector Iii","110026","West Delhi","New Delhi","Delhi"
"J 6Block Rajouri Garden","110027","West Delhi","New Delhi","Delhi"
"J J Colony","110027","West Delhi","New Delhi","Delhi"
"Janta Market","110027","West Delhi","New Delhi","Delhi"
"Najafgarh Road","110027","South West","New Delhi","Delhi"
"Rajouri Garden","110027","West Delhi","New Delhi","Delhi"
"Rajouri Market","110027","West Delhi","New Delhi","Delhi"
"Subhash Nagar","110027","West Delhi","New Delhi","Delhi"
"Subhash Nagar West","110027","West Delhi","New Delhi","Delhi"
"Tatarpur","110027","West Delhi","New Delhi","Delhi"
"Naraina","110028","West Delhi","New Delhi","Delhi"
"Naraina Industrial Estate","110028","West Delhi","New Delhi","Delhi"
"Naraina Vihar","110028","West Delhi","New Delhi","Delhi"
"Himayunpur Extn","110029","South Delhi","New Delhi","Delhi"
"Nauroji Nagar","110029","South Delhi","New Delhi","Delhi"
"Safdarjang Enclave","110029","South Delhi","New Delhi","Delhi"
"MehrauIi","110030","South Delhi","New Delhi","Delhi"
"T B Hospital","110030","South Delhi","New Delhi","Delhi"
"Gandhi Nagar","110031","East Delhi","New Delhi","Delhi"
"Gandhi Nagar Bazar","110031","East Delhi","New Delhi","Delhi"
"Geeta Colony","110031","East Delhi","New Delhi","Delhi"
"Kailash Nagar","110031","East Delhi","New Delhi","Delhi"
"Raghubarpura","110031","East Delhi","New Delhi","Delhi"
"Sahstri Nagar","110031","East Delhi","New Delhi","Delhi"
"Balbir Nagar","110032","East Delhi","New Delhi","Delhi"
"Bhola Nath Nagar","110032","East Delhi","New Delhi","Delhi"
"Dilshad Garden","110032","East Delhi","New Delhi","Delhi"
"Kabool Nagar","110032","East Delhi","New Delhi","Delhi"
"Loni Road","110032","East Delhi","New Delhi","Delhi"
"Mansarover Park","110032","East Delhi","New Delhi","Delhi"
"New Seemapuri","110032","North East","New Delhi","Delhi"
"Rohtash Nagar","110032","East Delhi","New Delhi","Delhi"
"Seemapuri Old","110032","North East","New Delhi","Delhi"
"Shahdara","110032","North East","New Delhi","Delhi"
"Shahdara Mandi","110032","North East","New Delhi","Delhi"
"Teliwara","110032","East Delhi","New Delhi","Delhi"
"Vishwa Karma Nagar","110032","East Delhi","New Delhi","Delhi"
"Vishwan Nagar","110032","East Delhi","New Delhi","Delhi"
"Vivek Vihar","110032","East Delhi","New Delhi","Delhi"
"A T Mills","110033","North Delhi","New Delhi","Delhi"
"Adarsh Nagar","110033","North Delhi","New Delhi","Delhi"
"Bhaiparma Nand Nagar","110033","North Delhi","New Delhi","Delhi"
"G T S Nagar","110033","North Delhi","New Delhi","Delhi"
"Gujranwala Nagar Part Ii","110033","North Delhi","New Delhi","Delhi"
"Harijan Sewak Sangh","110033","North Delhi","New Delhi","Delhi"
"Jahangirpuri Block A","110033","North Delhi","New Delhi","Delhi"
"Jahangirpuri Block D","110033","North Delhi","New Delhi","Delhi"
"Jahangirpuri Block H","110033","North Delhi","New Delhi","Delhi"
"Jaroda Majra","110033","North Delhi","New Delhi","Delhi"
"Model Town A Block","110033","North West","New Delhi","Delhi"
"Model Town Ii","110033","North Delhi","New Delhi","Delhi"
"Mukerjee Nagar","110033","North Delhi","New Delhi","Delhi"
"New Sabzi Mandi","110033","North Delhi","New Delhi","Delhi"
"Nirankari Colony","110033","North Delhi","New Delhi","Delhi"
"Shalimar Bagh","110033","North Delhi","New Delhi","Delhi"
"Suraj Nagar","110033","North Delhi","New Delhi","Delhi"
"Vijay Nagar","110033","North Delhi","New Delhi","Delhi"
"Anandvas Shakurpur","110034","North Delhi","New Delhi","Delhi"
"Multani Mohalla","110034","North Delhi","New Delhi","Delhi"
"Pitampura","110034","North Delhi","New Delhi","Delhi"
"Rani Bagh","110034","North Delhi","New Delhi","Delhi"
"Saraswati Vihar","110034","North West","New Delhi","Delhi"
"Shakurbasti R S","110034","North Delhi","New Delhi","Delhi"
"Shakurpur Block I","110034","North Delhi","New Delhi","Delhi"
"Srinagar Colony","110034","North Delhi","New Delhi","Delhi"
"Ganeshpuri","110035","North Delhi","New Delhi","Delhi"
"Inderlok","110035","North Delhi","New Delhi","Delhi"
"Lawrence Road","110035","North Delhi","New Delhi","Delhi"
"Lekhu Nagar","110035","North Delhi","New Delhi","Delhi"
"Onkar Nagar","110035","North Delhi","New Delhi","Delhi"
"Power House","110035","North Delhi","New Delhi","Delhi"
"Sarai Rohila","110035","North Delhi","New Delhi","Delhi"
"Alipur","110036","North West","New Delhi","Delhi"
"Nangli Poona","110036","North Delhi","New Delhi","Delhi"
"Gurgaon Road","110037","South Delhi","New Delhi","Delhi"
"A F Rajokari","110038","South Delhi","New Delhi","Delhi"
"Bawana","110039","North West","New Delhi","Delhi"
"Narela","110040","North West","New Delhi","Delhi"
"Narela Town","110040","North West","New Delhi","Delhi"
"Sanoth","110040","North Delhi","New Delhi","Delhi"
"Budh Nagar","110041","North Delhi","New Delhi","Delhi"
"Jawalpuri","110041","North Delhi","New Delhi","Delhi"
"Nagloi","110041","North Delhi","New Delhi","Delhi"
"Nangloi Phase Iii","110041","North Delhi","New Delhi","Delhi"
"Sultanpuri Block C","110041","North Delhi","New Delhi","Delhi"
"Sultanpuri Block F","110041","North Delhi","New Delhi","Delhi"
"Suttanpuri Block B","110041","North Delhi","New Delhi","Delhi"
"Badli","110042","North Delhi","New Delhi","Delhi"
"Haiderpur","110042","North Delhi","New Delhi","Delhi"
"Sameypur Badli","110042","North Delhi","New Delhi","Delhi"
"Najafgarh","110043","South West","New Delhi","Delhi"
"Badarpur","110044","South Delhi","New Delhi","Delhi"
"Badarpur T P Station","110044","South Delhi","New Delhi","Delhi"
"Tughlakabad","110044","South Delhi","New Delhi","Delhi"
"Tughlakabad A F Station","110044","South Delhi","New Delhi","Delhi"
"Ambrohi","110045","West Delhi","New Delhi","Delhi"
"Bakrola","110045","South West","New Delhi","Delhi"
"Palam","110045","West Delhi","New Delhi","Delhi"
"Palam Enclave","110045","West Delhi","New Delhi","Delhi"
"Nangal Rava","110046","West Delhi","New Delhi","Delhi"
"Arjan Garh","110047","South Delhi","New Delhi","Delhi"
"Greater Kailash","110048","South Delhi","New Delhi","Delhi"
"Greater Kailash Ii","110048","South Delhi","New Delhi","Delhi"
"Kailash","110048","South Delhi","New Delhi","Delhi"
"Kailash Colony","110048","South Delhi","New Delhi","Delhi"
"Masjidmoth Phase Ii","110048","South Delhi","New Delhi","Delhi"
"N Block Greater","110048","South Delhi","New Delhi","Delhi"
"Andrews Ganj","110049","South Delhi","New Delhi","Delhi"
"Asian Games Village","110049","South Delhi","New Delhi","Delhi"
"Guatam Nagar","110049","South Delhi","New Delhi","Delhi"
"Gulmohar Park","110049","South Delhi","New Delhi","Delhi"
"Masjid Moth Extn","110049","South Delhi","New Delhi","Delhi"
"Sadiq Nagar","110049","South Delhi","New Delhi","Delhi"
"South Extn Part I","110049","South Delhi","New Delhi","Delhi"
"South Extn Part Ii","110049","South Delhi","New Delhi","Delhi"
"Anarkali","110051","South Delhi","New Delhi","Delhi"
"Azad Nagar","110051","South Delhi","New Delhi","Delhi"
"Gobindpura","110051","South Delhi","New Delhi","Delhi"
"Krishan Nagar","110051","South Delhi","New Delhi","Delhi"
"Krishan Nagar Bazar","110051","South Delhi","New Delhi","Delhi"
"Lajpat Rai Chowk","110051","South Delhi","New Delhi","Delhi"
"Radheypuri","110051","South Delhi","New Delhi","Delhi"
"Ram Nagar","110051","South Delhi","New Delhi","Delhi"
"Ashok Vihar","110052","North Delhi","New Delhi","Delhi"
"Bharat Nagar","110052","North Delhi","New Delhi","Delhi"
"Nimri","110052","North Delhi","New Delhi","Delhi"
"Satyawati Nagar","110052","North Delhi","New Delhi","Delhi"
"Shastri Nagar","110052","North Delhi","New Delhi","Delhi"
"Wazirpur Phase Iii","110052","North Delhi","New Delhi","Delhi"
"Bhajanpuri","110053","North Delhi","New Delhi","Delhi"
"Brahampuri","110053","North Delhi","New Delhi","Delhi"
"Jagjit Nagar","110053","North Delhi","New Delhi","Delhi"
"Maujpur","110053","North Delhi","New Delhi","Delhi"
"Seelampur","110053","North East","New Delhi","Delhi"
"Yamuna Vihar","110053","North Delhi","New Delhi","Delhi"
"Zafrabad","110053","North Delhi","New Delhi","Delhi"
"C R P F Camp","110054","North Delhi","New Delhi","Delhi"
"Civil Lines","110054","North Delhi","New Delhi","Delhi"
"Distt Courts","110054","North Delhi","New Delhi","Delhi"
"Maidens Hotel","110054","North Delhi","New Delhi","Delhi"
"Amrit Kaur Market","110055","Central Delhi","New Delhi","Delhi"
"Multani Dhanda","110055","Central Delhi","New Delhi","Delhi"
"P S B Paharganj","110055","Central Delhi","New Delhi","Delhi"
"Paharganj","110055","Central Delhi","New Delhi","Delhi"
"Swami Ram Tirath Nagar","110055","Central Delhi","New Delhi","Delhi"
"Shakurbasti","110056","North Delhi","New Delhi","Delhi"
"Munirka","110057","South Delhi","New Delhi","Delhi"
"Vasant Vihar I","110057","South West","New Delhi","Delhi"
"Vasant Vihar Ii","110057","South West","New Delhi","Delhi"
"Janakpuri","110058","West Delhi","New Delhi","Delhi"
"Janakpuri Block C 4","110058","West Delhi","New Delhi","Delhi"
"Janakpuri Block D 1","110058","West Delhi","New Delhi","Delhi"
"Janakpuri Blockc 2","110058","West Delhi","New Delhi","Delhi"
"Possangipur","110058","West Delhi","New Delhi","Delhi"
"Jeewan Park","110059","West Delhi","New Delhi","Delhi"
"Uttam Nagar","110059","West Delhi","New Delhi","Delhi"
"New Rajinder Nagar","110060","Central Delhi","New Delhi","Delhi"
"Rajinder Nagar","110060","Central Delhi","New Delhi","Delhi"
"Ravinder Rangsala","110060","Central Delhi","New Delhi","Delhi"
"Bijwasan","110061","South West","New Delhi","Delhi"
"Ambedkar Nagar","110062","South Delhi","New Delhi","Delhi"
"B S F Camp Tigri","110062","South Delhi","New Delhi","Delhi"
"Dakshimpuri Phase I","110062","South Delhi","New Delhi","Delhi"
"Dakshinpuri Phase Iii","110062","South Delhi","New Delhi","Delhi"
"Hamdard Nagar","110062","South Delhi","New Delhi","Delhi"
"Khanpur","110062","South Delhi","New Delhi","Delhi"
"Madangir","110062","South Delhi","New Delhi","Delhi"
"Pushpa Bhawan","110062","South Delhi","New Delhi","Delhi"
"Madipur","110063","North Delhi","New Delhi","Delhi"
"Paschim Vihar","110063","North Delhi","New Delhi","Delhi"
"Paschim Vihar Block B","110063","North Delhi","New Delhi","Delhi"
"Qr Madipur","110063","North Delhi","New Delhi","Delhi"
"Hari Nagar Be Block","110064","West Delhi","New Delhi","Delhi"
"Hari Nagar Da & Db Block","110064","West Delhi","New Delhi","Delhi"
"Mayapuri","110064","West Delhi","New Delhi","Delhi"
"Mayapuri Shopping Centre","110064","West Delhi","New Delhi","Delhi"
"East Of Kailash","110065","South Delhi","New Delhi","Delhi"
"Nehru Nagar","110065","South Delhi","New Delhi","Delhi"
"Sriniwaspuri","110065","South Delhi","New Delhi","Delhi"
"R K Puram","110066","West Delhi","New Delhi","Delhi"
"R K Puram West","110066","West Delhi","New Delhi","Delhi"
"D D A Munirka","110067","West Delhi","New Delhi","Delhi"
"Jawahar Lal Nehru Univers","110067","West Delhi","New Delhi","Delhi"
"Chhawla","110071","South West","New Delhi","Delhi"
"D D A Salam","110072","South West","New Delhi","Delhi"
"Jharoda Kalan","110072","South West","New Delhi","Delhi"
"P T S Jharoda Kalan","110072","South West","New Delhi","Delhi"
"Ujwa","110073","South West","New Delhi","Delhi"
"Dwarka","110075","West Delhi","New Delhi","Delhi"
"Kanjhawala","110081","North West","New Delhi","Delhi"
"Khera Kalan","110082","South West","New Delhi","Delhi"
"Mangolpuri","110083","North Delhi","New Delhi","Delhi"
"Mangolpuri Block 1","110083","North Delhi","New Delhi","Delhi"
"Mangolpuri Block A","110083","North Delhi","New Delhi","Delhi"
"Mangolpuri Block S","110083","North Delhi","New Delhi","Delhi"
"Kutubgarh","110084","South Delhi","New Delhi","Delhi"
"Rohini","110085","North Delhi","New Delhi","Delhi"
"Himmatpuri","110091","East Delhi","New Delhi","Delhi"
"Kalyanpuri","110091","East Delhi","New Delhi","Delhi"
"Khichripur","110091","East Delhi","New Delhi","Delhi"
"Trilokpuri","110091","East Delhi","New Delhi","Delhi"
"Kalyan Vas","110092","East Delhi","New Delhi","Delhi"
"Laxmi Nagar Market","110092","East Delhi","New Delhi","Delhi"
"Patper Ganj","110092","East Delhi","New Delhi","Delhi"
"Shakarpur","110092","East Delhi","New Delhi","Delhi"
"Nand Nagri","110093","East Delhi","New Delhi","Delhi"
"Nand Nagri A Block","110093","East Delhi","New Delhi","Delhi"
"Nathu Colony","110093","East Delhi","New Delhi","Delhi"
"Chilla Villege","110094","East Delhi","New Delhi","Delhi"
"Gokulpuri","110094","East Delhi","New Delhi","Delhi"
"Karawal Nagar","110094","North East","New Delhi","Delhi"
"Bhajan Pura","110096","North Delhi","New Delhi","Delhi"
"Air Port Dabolim","403801","South Goa","Margao","Goa"
"Aldana","403508","North Goa","Aldana","Goa"
"Altc Betim","403112","North Goa","Panaji","Goa"
"Alto Provirim","403521","North Goa","Panaji","Goa"
"Anjuna","403509","North Goa","Panaji","Goa"
"Aquem","403601","South Goa","Aquem","Goa"
"Assolna","403701","South Goa","Margao","Goa"
"Assonera","403503","North Goa","Panaji","Goa"
"Avpara","403518","North Goa","Panaji","Goa"
"Belui","403603","South Goa","Margao","Goa"
"Benavlim","403716","South Goa","Margao","Goa"
"Betim","403101","North Goa","Panaji","Goa"
"Calangute","403516","North Goa","Calangute","Goa"
"Can Sanlim","403712","South Goa","Margao","Goa"
"Canacona","403702","South Goa","Canacona","Goa"
"Candolim","403515","North Goa","Candolim","Goa"
"Caranzalem","403002","North Goa","Panaji","Goa"
"Carmona","403717","South Goa","Margao","Goa"
"Carona","403523","North Goa","Panaji","Goa"
"Chandor","403714","South Goa","Margao","Goa"
"Chicalim","403711","South Goa","Chicalim","Goa"
"Chorao","403102","North Goa","Panaji","Goa"
"Colva","403708","South Goa","Margao","Goa"
"Colvale","403513","North Goa","Colvale","Goa"
"Corlim Industrial Estate","403110","South Goa","Margao","Goa"
"Corlin","403529","North Goa","Panaji","Goa"
"Cortalim","403710","South Goa","Margao","Goa"
"Cuncolim","403703","South Goa","Cuncolim","Goa"
"Curchorem","403706","South Goa","Margao","Goa"
"Curotorim","403709","South Goa","Margao","Goa"
"Drampur","403725","South Goa","Margao","Goa"
"Fatorda","403602","South Goa","Margao","Goa"
"Goa Velha","403108","North Goa","Goa Velha","Goa"
"Lolien","403728","South Goa","Margao","Goa"
"Loutulim","403718","South Goa","Margao","Goa"
"Majorda","403713","South Goa","Margao","Goa"
"Mandrem","403527","North Goa","Panaji","Goa"
"Mapuca","403507","North Goa","Panaji","Goa"
"Mardol","403404","North Goa","Panaji","Goa"
"Mareela","403107","North Goa","Panaji","Goa"
"Margaon","403601","South Goa","Margao","Goa"
"Marmugao","403803","South Goa","Margao","Goa"
"Navelim","403707","South Goa","Navelim","Goa"
"Navelim Camp","403729","South Goa","Margao","Goa"
"Neura","403104","North Goa","Panaji","Goa"
"Nuvem","403604","South Goa","Margao","Goa"
"Ordinance Factory","403724","South Goa","Margao","Goa"
"Orelm","403724","South Goa","Margao","Goa"
"Pale","403105","North Goa","Pale","Goa"
"Panaji","403001","North Goa","Panaji","Goa"
"Panaji","403004","North Goa","Panaji","Goa"
"Panaji Altime","403001","North Goa","Panaji","Goa"
"Panaji Fontainhas","403001","North Goa","Panaji","Goa"
"Panaji Santainez","403001","North Goa","Panaji","Goa"
"Panaji Secretariat","403001","North Goa","Panaji","Goa"
"Parra","403510","North Goa","Panaji","Goa"
"Pernem","403512","North Goa","Pernem","Goa"
"Piedade","403403","North Goa","Panaji","Goa"
"Pilar","403203","North Goa","Panaji","Goa"
"Ponda","403401","North Goa","Ponda","Goa"
"Porvorim","403501","North Goa","Panaji","Goa"
"Queula","403408","North Goa","Queula","Goa"
"Qupem","403705","South Goa","Margao","Goa"
"Rabindar Panaji","403006","North Goa","Panaji","Goa"
"Raja","403720","South Goa","Margao","Goa"
"S Louranco","403204","North Goa","Panaji","Goa"
"Saligao","403511","North Goa","Saligao","Goa"
"Sanquelim","403505","North Goa","Sanquelim","Goa"
"Sanquem","403704","South Goa","Margao","Goa"
"Santa Estevam","403106","North Goa","Panaji","Goa"
"Santacruz Central","403505","North Goa","Panaji","Goa"
"Sanvoedem","403727","North Goa","Panaji","Goa"
"Sem Rachol","403719","South Goa","Margao","Goa"
"Sinquerim","403519","North Goa","Panaji","Goa"
"Siolim","403517","North Goa","Siolim","Goa"
"Sirdae","403111","North Goa","Panaji","Goa"
"Sisoda","403103","North Goa","Panaji","Goa"
"St Josede Azeal","403730","North Goa","Panaji","Goa"
"Tirim Indl Estate","403526","North Goa","Panaji","Goa"
"Tisea","403406","North Goa","Panaji","Goa"
"Tivim","403502","North Goa","Panaji","Goa"
"Usgaon","403407","North Goa","Panaji","Goa"
"Valpoi","403506","North Goa","Valpoi","Goa"
"Varea","403721","South Goa","Margao","Goa"
"Vasco Baina","403802","South Goa","Margao","Goa"
"Vasco Vadem","403802","South Goa","Margao","Goa"
"Vasco-Da-Gama Town","403802","South Goa","Margao","Goa"
"Velhagao","403402","North Goa","Panaji","Goa"
"Velim","403723","South Goa","Margao","Goa"
"Verna","403722","South Goa","Margao","Goa"
"Aat","396403","Valsad","Valsad","Gujarat"
"Abhlod","389156","Dohad","Dohad","Gujarat"
"Abrama","396406","Navsari","Abrama","Gujarat"
"Achhavani","396041","Navsari","Navsari ","Gujarat"
"Achhod","392111","Bharuch","Bharuch","Gujarat"
"Adadra","389341","Panchmahal","Godhara","Gujarat"
"Adalaj","382421","Gandhi Nagar","Adalaj","Gujarat"
"Adariyana","382780","Surendranagar","Surendranagar","Gujarat"
"Adas","388305","Anand","Anand","Gujarat"
"Adesar","370155","Kuchchh","Bhuj","Gujarat"
"Adhoi","370135","Kuchchh","Bhuj","Gujarat"
"Adia","384257","Mahesana","Mahesana","Gujarat"
"Adipur","370205","Kuchchh","Bhuj","Gujarat"
"Adityana","360545","Jamnagar","Jamnagar","Gujarat"
"Adraj Merda","382726","Mahesana","Mahesana","Gujarat"
"Adri","362257","Junagadh","Junagadh","Gujarat"
"Aerodramme Road","362220","Junagadh","Junagadh","Gujarat"
"Agathala","385586","Banaskantha","Palanpur","Gujarat"
"Agatrai","362222","Junagadh","Junagadh","Gujarat"
"Aghar","384271","Patan","Patan","Gujarat"
"Aglod","382805","Mahesana","Mahesana","Gujarat"
"Agnovad","395003","Surat","Surat","Gujarat"
"Agol","382166","Ahmedabad","Ahmedabad","Gujarat"
"Agri Campus","362001","Junagadh","Junagadh","Gujarat"
"Agri Inst Anand","388110","Anand","Anand","Gujarat"
"Ahmedabad","380025","Ahmedabad","Ahmedabad","Gujarat"
"Ahmedabad Air Port","380012","Ahmedabad","Ahmedabad","Gujarat"
"Ahmedabad Amraiwadi","380026","Ahmedabad","Ahmedabad","Gujarat"
"Ahmedabad Behrampura","380022","Ahmedabad","Ahmedabad","Gujarat"
"Ahmedabad Cantonment","380003","Ahmedabad","Ahmedabad","Gujarat"
"Ahmedabad Civil","380003","Ahmedabad","Ahmedabad","Gujarat"
"Ahmedabad G P O","380001","Ahmedabad","Ahmedabad","Gujarat"
"Ahmedabad Jivrajpark","380051","Ahmedabad","Ahmedabad","Gujarat"
"Ahmedabad Juhapura","380055","Ahmedabad","Ahmedabad","Gujarat"
"Ahmedabad Paldi","380007","Ahmedabad","Ahmedabad","Gujarat"
"Ahmedabad Railway Colony","380019","Ahmedabad","Ahmedabad","Gujarat"
"Ahmedabad Rajpur Gomtipur","380021","Ahmedabad","Ahmedabad","Gujarat"
"Ahmedabad Rakhialudyog Vi","380023","Ahmedabad","Ahmedabad","Gujarat"
"Ahmedabad Sahibag","380004","Ahmedabad","Ahmedabad","Gujarat"
"Ahmedabad Saraspur","380018","Ahmedabad","Ahmedabad","Gujarat"
"Ahmedabad Shah","380004","Ahmedabad","Ahmedabad","Gujarat"
"Ahmedabad Space","380028","Ahmedabad","Ahmedabad","Gujarat"
"Ahmedabad Thaltej Road","380054","Ahmedabad","Ahmedabad","Gujarat"
"Ahwa Dangs","394710","The Dangs","The Dangs","Gujarat"
"Aithor","384175","Mahesana","Mahesana","Gujarat"
"Ajab","362228","Junagadh","Junagadh","Gujarat"
"Ajarpura","388310","Anand","Anand","Gujarat"
"Aji Industrial Estate","360003","Rajkot","Rajkot","Gujarat"
"Akala","364431","Amreli","Amreli","Gujarat"
"Akhaj","382713","Mahesana","Mahesana","Gujarat"
"Akolwadi","362140","Junagadh","Junagadh","Gujarat"
"Akota","390005","Vadodara","Vadodara","Gujarat"
"Akrund","383260","Sabarkantha","Himatnagar","Gujarat"
"Alam Roza","380028","Ahmedabad","Ahmedabad","Gujarat"
"Alarsa","388543","Anand","Anand","Gujarat"
"Aliabada","361110","Jamnagar","Jamnagar","Gujarat"
"Alina","387305","Kheda","Nadiad","Gujarat"
"Alindra","387115","Kheda","Nadiad","Gujarat"
"Alindra","387510","Kheda","Nadiad","Gujarat"
"Alipur","396409","Valsad","Valsad","Gujarat"
"Alkapuri","390005","Vadodara","Vadodara","Gujarat"
"Amalsad","396310","Navsari","Navsari ","Gujarat"
"Amar Nagar","364485","Rajkot","Rajkot","Gujarat"
"Amargadh","364210","Bhavnagar","Bhavnagar","Gujarat"
"Amba","364537","Dohad","Dohad","Gujarat"
"Ambaji","385110","Banaskantha","Ambaji","Gujarat"
"Ambala","364215","Bhavnagar","Bhavnagar","Gujarat"
"Ambali","389348","Anand","Anand","Gujarat"
"Ambaliayasan","382732","Mahesana","Mahesana","Gujarat"
"Ambardi","364524","Bhavnagar","Bhavnagar","Gujarat"
"Ambasan","384111","Mahesana","Mahesana","Gujarat"
"Ambatalat","396051","Valsad","Valsad","Gujarat"
"Ambawadi","380006","Ahmedabad","Ahmedabad","Gujarat"
"Ambheti","396202","Valsad","Valsad","Gujarat"
"Amblas","362152","Junagadh","Junagadh","Gujarat"
"Amli","396245","Valsad","Valsad","Gujarat"
"Amod","392110","Bharuch","Bharuch","Gujarat"
"Amodara","383331","Sabarkantha","Himatnagar","Gujarat"
"Amran","363655","Jamnagar","Jamnagar","Gujarat"
"Amrapur","364457","Amreli","Amreli","Gujarat"
"Amrapur Gir","362246","Junagadh","Junagadh","Gujarat"
"Amreli","364601","Amreli","Amreli","Gujarat"
"Amul Dairy","388001","Kheda","Nadiad","Gujarat"
"Anand","388001","Anand","Anand","Gujarat"
"Anand Nagar","380007","Ahmedabad","Ahmedabad","Gujarat"
"Anand R S","388001","Kheda","Nadiad","Gujarat"
"Anaval","396510","Valsad","Valsad","Gujarat"
"Andada","393016","Bharuch","Andada","Gujarat"
"Anil Marg","380025","Ahmedabad","Ahmedabad","Gujarat"
"Anjar","370110","Kuchchh","Anjar","Gujarat"
"Anklas","396236","Valsad","Valsad","Gujarat"
"Anklave","388510","Kheda","Nadiad","Gujarat"
"Ankleshwar I E","393002","Bharuch","Bharuch","Gujarat"
"Ankleshwar R S","393001","Bharuch","Bharuch","Gujarat"
"Anodia","382856","Mahesana","Mahesana","Gujarat"
"Ansodar","364225","Bhavnagar","Bhavnagar","Gujarat"
"Antalia","396325","Valsad","Valsad","Gujarat"
"Antisar","387655","Kheda","Nadiad","Gujarat"
"Antisargate","387620","Kheda","Nadiad","Gujarat"
"Antroli","387366","Kheda","Nadiad","Gujarat"
"Application Centre","380053","Ahmedabad","Ahmedabad","Gujarat"
"Area","382325","Ahmedabad","Ahmedabad","Gujarat"
"Area","382424","Gandhi Nagar","Gandhinagar","Gujarat"
"Arnej","362726","Junagadh","Junagadh","Gujarat"
"Asarwa","380010","Ahmedabad","Ahmedabad","Gujarat"
"Asarwa Chakla","380016","Ahmedabad","Ahmedabad","Gujarat"
"Asarwa Ex South Ahmedabad","380024","Ahmedabad","Ahmedabad","Gujarat"
"Ashram Road","380009","Ahmedabad","Ahmedabad","Gujarat"
"Ashram Road","387001","Kheda","Nadiad","Gujarat"
"Asodar","388308","Anand","Anand","Gujarat"
"Atgam","396045","Valsad","Valsad","Gujarat"
"Athwa","395007","Surat","Surat","Gujarat"
"Athwalines","395001","Surat","Surat","Gujarat"
"Atkot","360040","Rajkot","Rajkot","Gujarat"
"Attarsumba","387610","Kheda","Nadiad","Gujarat"
"Atul","396020","Valsad","Atul","Gujarat"
"Avidha","393017","Bharuch","Bharuch","Gujarat"
"Azad Chowk","396001","Valsad","Valsad","Gujarat"
"Azad Society","380015","Ahmedabad","Ahmedabad","Gujarat"
"B P T E","364002","Bhavnagar","Bhavnagar","Gujarat"
"B S F Bhuj","370015","Kuchchh","Bhuj","Gujarat"
"Babapur","364610","Amreli","Amreli","Gujarat"
"Babra","364421","Bhavnagar","Bhavnagar","Gujarat"
"Badarkha","382270","Ahmedabad","Ahmedabad","Gujarat"
"Badhada","364522","Bhavnagar","Bhavnagar","Gujarat"
"Badoli","383410","Sabarkantha","Himatnagar","Gujarat"
"Bagasra","364522","Bhavnagar","Bhavnagar","Gujarat"
"Bagdana","364146","Bhavnagar","Bhavnagar","Gujarat"
"Bagdu","362263","Junagadh","Junagadh","Gujarat"
"Bagvadar","360590","Junagadh","Junagadh","Gujarat"
"Baharpura","364601","Amreli","Amreli","Gujarat"
"Bahauddin College Road","362001","Junagadh","Junagadh","Gujarat"
"Bahiyal","382308","Ahmedabad","Ahmedabad","Gujarat"
"Bahlapura","363421","Surendranagar","Surendranagar","Gujarat"
"Bajana","382745","Surendranagar","Surendranagar","Gujarat"
"Bajipura","394690","Surat","Surat","Gujarat"
"Bajwa","391310","Vadodara","Vadodara","Gujarat"
"Bakharla","360583","Junagadh","Junagadh","Gujarat"
"Bakor","389232","Panchmahal","Godhara","Gujarat"
"Bakrol","388315","Kheda","Nadiad","Gujarat"
"Balachadi","361230","Jamnagar","Jamnagar","Gujarat"
"Baladia","370427","Kuchchh","Bhuj","Gujarat"
"Balagam","362221","Junagadh","Junagadh","Gujarat"
"Balambha","361240","Jamnagar","Jamnagar","Gujarat"
"Baleshwar","394317","Surat","Surat","Gujarat"
"Balisana","384110","Patan","Patan","Gujarat"
"Balol","384410","Mahesana","Mahesana","Gujarat"
"Balva","382655","Mahesana","Mahesana","Gujarat"
"Bamangam","388520","Anand","Anand","Gujarat"
"Bamansa","362626","Junagadh","Junagadh","Gujarat"
"Bamna","383240","Sabarkantha","Himatnagar","Gujarat"
"Bamti","396020","Valsad","Valsad","Gujarat"
"Bandhani","388410","Kheda","Nadiad","Gujarat"
"Bantwa","362620","Junagadh","Bantwa","Gujarat"
"Bapu Nagar","380024","Ahmedabad","Ahmedabad","Gujarat"
"Bapu Nagar I E","380024","Ahmedabad","Ahmedabad","Gujarat"
"Bar","388267","Kheda","Nadiad","Gujarat"
"Baranpura","390001","Vadodara","Vadodara","Gujarat"
"Bardoli H Q","394601","Surat","Surat","Gujarat"
"Bareja","382425","Ahmedabad","Ahmedabad","Gujarat"
"Baroda Rayon","394220","Surat","Surat","Gujarat"
"Barwala Ghelasa","382450","Ahmedabad","Ahmedabad","Gujarat"
"Baska","389352","Panchmahal","Godhara","Gujarat"
"Basu","385526","Banaskantha","Palanpur","Gujarat"
"Bavka","389157","Dohad","Dohad","Gujarat"
"Bavla","382220","Ahmedabad","Bavla","Gujarat"
"Bavla Market Yard","382220","Ahmedabad","Ahmedabad","Gujarat"
"Bayad","383325","Sabarkantha","Himatnagar","Gujarat"
"Bazar","385535","Banaskantha","Palanpur","Gujarat"
"Bazar","364290","Bhavnagar","Bhavnagar","Gujarat"
"Bazar","361350","Jamnagar","Jamnagar","Gujarat"
"Bazar","362225","Junagadh","Junagadh","Gujarat"
"Bazar","362265","Junagadh","Junagadh","Gujarat"
"Bazar","362560","Junagadh","Junagadh","Gujarat"
"Bazar","362610","Junagadh","Junagadh","Gujarat"
"Bazar","382870","Mahesana","Mahesana","Gujarat"
"Bazar","389350","Panchmahal","Godhara","Gujarat"
"Bazar","389380","Panchmahal","Godhara","Gujarat"
"Bazar","383245","Sabarkantha","Himatnagar","Gujarat"
"Bazar","383315","Sabarkantha","Himatnagar","Gujarat"
"Bazar","363030","Surendranagar","Surendranagar","Gujarat"
"Bazar Chowk","360450","Rajkot","Rajkot","Gujarat"
"Bazar Dhokadava","362565","Junagadh","Junagadh","Gujarat"
"Bechraji","384210","Mahesana","Mahesana","Gujarat"
"Bedkuvadoor","394363","Surat","Surat","Gujarat"
"Benap","385571","Banaskantha","Palanpur","Gujarat"
"Bet","361330","Jamnagar","Jamnagar","Gujarat"
"Betwada","387660","Kheda","Nadiad","Gujarat"
"Bhabhar","385320","Banaskantha","Palanpur","Gujarat"
"Bhachau","370140","Kuchchh","Bhachau","Gujarat"
"Bhadarpur","391125","Vadodara","Vadodara","Gujarat"
"Bhadarwa","391780","Narmada","Rajpipla","Gujarat"
"Bhadath","385543","Banaskantha","Palanpur","Gujarat"
"Bhadbhuja","394378","Surat","Surat","Gujarat"
"Bhadeli Jagalala","396031","Valsad","Valsad","Gujarat"
"Bhader","364645","Amreli","Amreli","Gujarat"
"Bhadiad","382463","Ahmedabad","Ahmedabad","Gujarat"
"Bhadla","360080","Rajkot","Rajkot","Gujarat"
"Bhadran","388530","Anand","Anand","Gujarat"
"Bhadreswar","370411","Kuchchh","Bhuj","Gujarat"
"Bhadrod","364295","Bhavnagar","Bhavnagar","Gujarat"
"Bhadthar","361306","Jamnagar","Jamnagar","Gujarat"
"Bhagal","395003","Surat","Surat","Gujarat"
"Bhaili","391410","Vadodara","Vadodara","Gujarat"
"Bhairavnath Road","380028","Ahmedabad","Ahmedabad","Gujarat"
"Bhalak","384319","Mahesana","Mahesana","Gujarat"
"Bhalej","388205","Anand","Anand","Gujarat"
"Bhalod","393105","Bharuch","Bharuch","Gujarat"
"Bhandaria","364050","Bhavnagar","Bhavnagar","Gujarat"
"Bhandu","384120","Mahesana","Mahesana","Gujarat"
"Bhanduri","362248","Junagadh","Junagadh","Gujarat"
"Bhankher","384174","Mahesana","Mahesana","Gujarat"
"Bhanthla","388259","Kheda","Nadiad","Gujarat"
"Bhanvad","360510","Jamnagar","Bhanvad","Gujarat"
"Bharoda","388211","Anand","Anand","Gujarat"
"Bharuch","392001","Bharuch","Bharuch","Gujarat"
"Bharuch Society Area","392002","Bharuch","Bharuch","Gujarat"
"Bhatha","394510","Surat","Surat","Gujarat"
"Bhatia","361315","Jamnagar","Jamnagar","Gujarat"
"Bhatpur","391130","Narmada","Rajpipla","Gujarat"
"Bhav Anand Nagar","364005","Bhavnagar","Bhavnagar","Gujarat"
"Bhav Station Rd","364006","Bhavnagar","Bhavnagar","Gujarat"
"Bhavanivad","395003","Surat","Surat","Gujarat"
"Bhavnagar","364001","Bhavnagar","Bhavnagar","Gujarat"
"Bhavnagar Chitra","364004","Bhavnagar","Bhavnagar","Gujarat"
"Bhavnagar Para","364003","Bhavnagar","Bhavnagar","Gujarat"
"Bhavnagar Takhteswar","364002","Bhavnagar","Bhavnagar","Gujarat"
"Bhayavadar","360450","Rajkot","Bhayavadar","Gujarat"
"Bherai","364561","Bhavnagar","Bhavnagar","Gujarat"
"Bhesan","362020","Junagadh","Junagadh","Gujarat"
"Bhid Bazar","370001","Kuchchh","Bhuj","Gujarat"
"Bhilad","396105","Valsad","Valsad","Gujarat"
"Bhildi","385530","Banaskantha","Palanpur","Gujarat"
"Bhiloda","383245","Sabarkantha","Himatnagar","Gujarat"
"Bhimasar B","370160","Kuchchh","Bhuj","Gujarat"
"Bhimdad","364713","Bhavnagar","Bhavnagar","Gujarat"
"Bhogat","361290","Jamnagar","Jamnagar","Gujarat"
"Bhoika","363426","Surendranagar","Surendranagar","Gujarat"
"Bhojeshwar Plot","360575","Junagadh","Junagadh","Gujarat"
"Bhojraj Para","360311","Rajkot","Rajkot","Gujarat"
"Bhojva","382155","Ahmedabad","Ahmedabad","Gujarat"
"Bhrughupur","363415","Surendranagar","Surendranagar","Gujarat"
"Bhucharvada","362571","Junagadh","Junagadh","Gujarat"
"Bhuj","370001","Kuchchh","Bhuj","Gujarat"
"Bhujpur","370405","Kuchchh","Bhuj","Gujarat"
"Bhunav","384131","Mahesana","Mahesana","Gujarat"
"Bhuvneshwari Pith","360311","Rajkot","Rajkot","Gujarat"
"Bidada","370435","Kuchchh","Bhuj","Gujarat"
"Bigri","396110","Navsari","Navsari ","Gujarat"
"Bilia","384154","Mahesana","Mahesana","Gujarat"
"Bilkha","362110","Junagadh","Junagadh","Gujarat"
"Bilmora","396321","Valsad","Valsad","Gujarat"
"Bilodara","382831","Mahesana","Mahesana","Gujarat"
"Bilpudi","396068","Valsad","Valsad","Gujarat"
"Bindu Sarovar Road","384151","Mahesana","Mahesana","Gujarat"
"Birpur","388260","Kheda","Nadiad","Gujarat"
"Bitta","370635","Kuchchh","Bhuj","Gujarat"
"Bochasan R S","388140","Kheda","Nadiad","Gujarat"
"Bodeli","391135","Vadodara","Bodeli","Gujarat"
"Bodhan","394140","Surat","Surat","Gujarat"
"Bokhira","360579","Junagadh","Junagadh","Gujarat"
"Bombay Market","395003","Surat","Surat","Gujarat"
"Boria","388130","Kheda","Nadiad","Gujarat"
"Boriavi","387310","Kheda","Boriavi","Gujarat"
"Boriavi","382712","Mahesana","Boriavi","Gujarat"
"Borifalia","396412","Valsad","Valsad","Gujarat"
"Borsad","388540","Kheda","Borsad","Gujarat"
"Boru","382826","Mahesana","Mahesana","Gujarat"
"Boru Bakrol","389345","Panchmahal","Godhara","Gujarat"
"Borvav","362136","Junagadh","Junagadh","Gujarat"
"Botad","364710","Bhavnagar","Botad","Gujarat"
"Brahmanwada","384215","Mahesana","Mahesana","Gujarat"
"Brahmanwada","384222","Mahesana","Mahesana","Gujarat"
"Budhel","364022","Bhavnagar","Bhavnagar","Gujarat"
"Buhari","394630","Surat","Surat","Gujarat"
"Bundar","362265","Junagadh","Junagadh","Gujarat"
"Buva","392026","Bharuch","Bharuch","Gujarat"
"Calico Mills","380022","Ahmedabad","Ahmedabad","Gujarat"
"Cenral Colony","394680","Surat","Surat","Gujarat"
"Central Pulp Mills","394660","Surat","Surat","Gujarat"
"Chadotar","385111","Banaskantha","Palanpur","Gujarat"
"Chakalia Road","389151","Panchmahal","Godhara","Gujarat"
"Chaklasi","387315","Kheda","Chaklasi","Gujarat"
"Chalala","364630","Amreli","Chalala","Gujarat"
"Chalamali","391141","Vadodara","Vadodara","Gujarat"
"Chaloda","382260","Ahmedabad","Ahmedabad","Gujarat"
"Chalthan","394305","Surat","Chalthan","Gujarat"
"Chamardi","364315","Bhavnagar","Bhavnagar","Gujarat"
"Chamardi","364410","Bhavnagar","Bhavnagar","Gujarat"
"Chanasma","384220","Mahesana","Chanasma","Gujarat"
"Chand Kheda","382424","Gandhi Nagar","Gandhinagar","Gujarat"
"Chandisar","385510","Banaskantha","Palanpur","Gujarat"
"Chandkheda Society","391105","Vadodara","Vadodara","Gujarat"
"Chandlodia","382481","Gandhi Nagar","Gandhinagar","Gujarat"
"Chandod","391105","Vadodara","Vadodara","Gujarat"
"Chandrumana","384256","Patan","Patan","Gujarat"
"Changa","388421","Kheda","Nadiad","Gujarat"
"Charada","382810","Mahesana","Mahesana","Gujarat"
"Charadava","363331","Surendranagar","Surendranagar","Gujarat"
"Charadu","382704","Mahesana","Mahesana","Gujarat"
"Charotar","388466","Kheda","Nadiad","Gujarat"
"Chavand","364435","Amreli","Amreli","Gujarat"
"Chavdigate","364001","Bhavnagar","Bhavnagar","Gujarat"
"Chekhla","385595","Banaskantha","Palanpur","Gujarat"
"Chela","361012","Jamnagar","Jamnagar","Gujarat"
"Chhablia","384365","Mahesana","Mahesana","Gujarat"
"Chhala","382321","Gandhi Nagar","Gandhinagar","Gujarat"
"Chhani","391740","Vadodara","Vadodara","Gujarat"
"Chhani Road","390002","Vadodara","Vadodara","Gujarat"
"Chhapi","385210","Banaskantha","Palanpur","Gujarat"
"Chhara","362733","Junagadh","Junagadh","Gujarat"
"Chhatiarda","384207","Mahesana","Mahesana","Gujarat"
"Chhatral","382729","Mahesana","Mahesana","Gujarat"
"Chhaya","360578","Junagadh","Chhaya","Gujarat"
"Chhaya Plot","360575","Junagadh","Junagadh","Gujarat"
"Chhipadi","387635","Kheda","Nadiad","Gujarat"
"Chhipwad","396001","Valsad","Valsad","Gujarat"
"Chhodvadi","362036","Junagadh","Junagadh","Gujarat"
"Chhota Udepur","391165","Vadodara","Vadodara","Gujarat"
"Chikhli","396521","Valsad","Chikhli","Gujarat"
"Chikhodra","388320","Anand","Anand","Gujarat"
"Chital","364620","Amreli","Amreli","Gujarat"
"Chitari Bazar","388620","Kheda","Nadiad","Gujarat"
"Chithoda","383421","Sabarkantha","Himatnagar","Gujarat"
"Chitrasani","385010","Banaskantha","Palanpur","Gujarat"
"Chitravad","362155","Junagadh","Junagadh","Gujarat"
"Chitravad","360452","Rajkot","Rajkot","Gujarat"
"Chobari","370141","Kuchchh","Bhuj","Gujarat"
"Chogath","364335","Bhavnagar","Bhavnagar","Gujarat"
"Choila","383327","Sabarkantha","Himatnagar","Gujarat"
"Chokari","391443","Vadodara","Vadodara","Gujarat"
"Chokdi","363412","Surendranagar","Surendranagar","Gujarat"
"Choki","362315","Junagadh","Junagadh","Gujarat"
"Chora","362012","Junagadh","Junagadh","Gujarat"
"Choranda","391244","Vadodara","Vadodara","Gujarat"
"Chorvad","362250","Junagadh","Chorvad","Gujarat"
"Chotila","363520","Surendranagar","Surendranagar","Gujarat"
"Chuda","362021","Junagadh","Junagadh","Gujarat"
"Chuda","363410","Surendranagar","Surendranagar","Gujarat"
"Cimatral","382729","Mahesana","Mahesana","Gujarat"
"Circle Stamp Depot","380003","Ahmedabad","Ahmedabad","Gujarat"
"City","392001","Bharuch","Bharuch","Gujarat"
"City","370001","Kuchchh","Bhuj","Gujarat"
"City","384265","Mahesana","Mahesana","Gujarat"
"City","360001","Rajkot","Rajkot","Gujarat"
"City","395003","Surat","Surat","Gujarat"
"City Civil Lines","389001","Panchmahal","Godhara","Gujarat"
"Civil Lines","392001","Bharuch","Bharuch","Gujarat"
"Collectorate","364001","Bhavnagar","Bhavnagar","Gujarat"
"Collectorate","384001","Mahesana","Mahesana","Gujarat"
"Collectorate","360001","Rajkot","Rajkot","Gujarat"
"College Area","388620","Kheda","Nadiad","Gujarat"
"College Area","383315","Sabarkantha","Himatnagar","Gujarat"
"College Chowk","360311","Rajkot","Rajkot","Gujarat"
"College Road","370001","Kuchchh","Bhuj","Gujarat"
"College Road","387001","Kheda","Nadiad","Gujarat"
"Colony","391750","Vadodara","Vadodara","Gujarat"
"D B Chowk","364270","Bhavnagar","Bhavnagar","Gujarat"
"D B Chowk","363421","Surendranagar","Surendranagar","Gujarat"
"Dabhad","384327","Mahesana","Mahesana","Gujarat"
"Dabhan","387320","Kheda","Nadiad","Gujarat"
"Dabhel","396415","Navsari","Navsari ","Gujarat"
"Dabhi","384513","Mahesana","Mahesana","Gujarat"
"Dabhla","382867","Mahesana","Mahesana","Gujarat"
"Dabhoda","382355","Ahmedabad","Ahmedabad","Gujarat"
"Dabhoda","384328","Mahesana","Mahesana","Gujarat"
"Dabhoi","384328","Mahesana","Dabhoi","Gujarat"
"Dabhoi R S","391110","Vadodara","Vadodara","Gujarat"
"Dabhow","387210","Kheda","Nadiad","Gujarat"
"Dabka","391441","Narmada","Rajpipla","Gujarat"
"Dahegam","382305","Ahmedabad","Dahegam","Gujarat"
"Dahegam Jawahar","382305","Ahmedabad","Ahmedabad","Gujarat"
"Dahej","392130","Bharuch","Bharuch","Gujarat"
"Dahisara","370485","Kuchchh","Bhuj","Gujarat"
"Dahisara","363660","Jamnagar","Jamnagar","Gujarat"
"Dahod","389151","Panchmahal","Godhara","Gujarat"
"Dakor","388225","Kheda","Dakor","Gujarat"
"Daldi","363626","Surendranagar","Surendranagar","Gujarat"
"Dalkhania","364641","Amreli","Amreli","Gujarat"
"Daman","396210","Valsad","Valsad","Gujarat"
"Damnagar","364220","Bhavnagar","Damnagar","Gujarat"
"Damnizumpa","396125","Valsad","Valsad","Gujarat"
"Dandia Bazar","390001","Vadodara","Vadodara","Gujarat"
"Dangarva","382705","Mahesana","Mahesana","Gujarat"
"Danta Bhavangadh","385120","Banaskantha","Palanpur","Gujarat"
"Dantiwada Colony","385505","Banaskantha","Palanpur","Gujarat"
"Darbargadh","360530","Jamnagar","Jamnagar","Gujarat"
"Darbargadh","360410","Rajkot","Rajkot","Gujarat"
"Darbargadh Chowk","370001","Kuchchh","Bhuj","Gujarat"
"Dari","362259","Junagadh","Junagadh","Gujarat"
"Dariapur","380001","Ahmedabad","Ahmedabad","Gujarat"
"Dasada","382750","Surendranagar","Surendranagar","Gujarat"
"Dasaj","384172","Mahesana","Mahesana","Gujarat"
"Datha","364130","Bhavnagar","Bhavnagar","Gujarat"
"Daumoti","384121","Mahesana","Mahesana","Gujarat"
"Davad","383225","Sabarkantha","Himatnagar","Gujarat"
"Davol","388544","Anand","Anand","Gujarat"
"Daxini Society","380008","Ahmedabad","Ahmedabad","Gujarat"
"Dayadra","392020","Bharuch","Bharuch","Gujarat"
"Debhari","388261","Kheda","Nadiad","Gujarat"
"Dedan","364550","Amreli","Amreli","Gujarat"
"Dediapada","393040","Narmada","Rajpipla","Gujarat"
"Degam","396530","Navsari","Navsari ","Gujarat"
"Deheli","393125","Bharuch","Bharuch","Gujarat"
"Dehvan","388556","Kheda","Nadiad","Gujarat"
"Deiol","389310","Panchmahal","Godhara","Gujarat"
"Delhi Gala","380001","Ahmedabad","Ahmedabad","Gujarat"
"Delhigate","385001","Banaskantha","Palanpur","Gujarat"
"Delvada","362510","Junagadh","Junagadh","Gujarat"
"Delvada","382812","Navsari","Navsari ","Gujarat"
"Demai","383330","Sabarkantha","Himatnagar","Gujarat"
"Denap","384323","Mahesana","Mahesana","Gujarat"
"Der","384112","Patan","Patan","Gujarat"
"Derdikumbhaji","364465","Rajkot","Rajkot","Gujarat"
"Derol","389322","Panchmahal","Godhara","Gujarat"
"Derol R S","389320","Panchmahal","Godhara","Gujarat"
"Deroli","383332","Sabarkantha","Himatnagar","Gujarat"
"Desaivago","387001","Kheda","Nadiad","Gujarat"
"Desaiwada","382721","Mahesana","Mahesana","Gujarat"
"Desar","391774","Vadodara","Vadodara","Gujarat"
"Desra","396321","Valsad","Valsad","Gujarat"
"Dethli","384152","Mahesana","Mahesana","Gujarat"
"Detroj","382120","Ahmedabad","Ahmedabad","Gujarat"
"Deva","387382","Kheda","Nadiad","Gujarat"
"Devalia","363332","Surendranagar","Surendranagar","Gujarat"
"Devda","362652","Junagadh","Junagadh","Gujarat"
"Devgadh Bariya","389380","Panchmahal","Godhara","Gujarat"
"Devgana","364262","Bhavnagar","Bhavnagar","Gujarat"
"Devsar","396380","Valsad","Devsar","Gujarat"
"Dhamlej","362276","Junagadh","Junagadh","Gujarat"
"Dhandhuka","382460","Ahmedabad","Dhandhuka","Gujarat"
"Dhandhuka Khand","362012","Junagadh","Junagadh","Gujarat"
"Dhandhusar","362012","Junagadh","Junagadh","Gujarat"
"Dhanera","385310","Banaskantha","Dhanera","Gujarat"
"Dhank","360460","Rajkot","Rajkot","Gujarat"
"Dhanki","363115","Surendranagar","Surendranagar","Gujarat"
"Dhanpur","389382","Dohad","Dohad","Gujarat"
"Dhansura","383310","Sabarkantha","Himatnagar","Gujarat"
"Dharampur","396050","Valsad","Dharampur","Gujarat"
"Dhari","364640","Amreli","Amreli","Gujarat"
"Dharmaji","388430","Kheda","Nadiad","Gujarat"
"Dharmendra Sinhji College","360001","Rajkot","Rajkot","Gujarat"
"Dharoi D S C","384360","Mahesana","Mahesana","Gujarat"
"Dharoji","360410","Rajkot","Rajkot","Gujarat"
"Dharoli","393111","Bharuch","Bharuch","Gujarat"
"Dhasa Jn","364740","Bhavnagar","Bhavnagar","Gujarat"
"Dhasagam","364730","Bhavnagar","Bhavnagar","Gujarat"
"Dhima","385566","Banaskantha","Palanpur","Gujarat"
"Dhinoj","384225","Mahesana","Mahesana","Gujarat"
"Dhola","364320","Bhavnagar","Dhola","Gujarat"
"Dholera","382455","Ahmedabad","Ahmedabad","Gujarat"
"Dholka","387810","Ahmedabad","Dholka","Gujarat"
"Dholka Kharakuva","387810","Ahmedabad","Ahmedabad","Gujarat"
"Dhoraji Sugar Factory","360411","Rajkot","Rajkot","Gujarat"
"Dhrangadhra","363310","Surendranagar","Dhrangadhra","Gujarat"
"Dhrangadhra C W","363315","Surendranagar","Surendranagar","Gujarat"
"Dhrapha","360520","Jamnagar","Jamnagar","Gujarat"
"Dhrol","361210","Jamnagar","Dhrol","Gujarat"
"Dhundakuva","388131","Anand","Anand","Gujarat"
"Dhuva","385542","Banaskantha","Palanpur","Gujarat"
"Dhuvaran R S","388610","Kheda","Nadiad","Gujarat"
"Dhuvav","361120","Jamnagar","Jamnagar","Gujarat"
"Digendra Nagar","396570","Valsad","Valsad","Gujarat"
"Digvijagar","382470","Gandhi Nagar","Gandhinagar","Gujarat"
"Digvijaygram","361140","Jamnagar","Digvijaygram","Gujarat"
"Dihor","364151","Bhavnagar","Bhavnagar","Gujarat"
"Dindroi","384291","Mahesana","Mahesana","Gujarat"
"Dingucha","382742","Mahesana","Mahesana","Gujarat"
"Disa","385535","Banaskantha","Palanpur","Gujarat"
"Distrcit Court","380001","Ahmedabad","Ahmedabad","Gujarat"
"Div","362520","Junagadh","Junagadh","Gujarat"
"Diva","393018","Bharuch","Bharuch","Gujarat"
"Diwada Colony","389250","Panchmahal","Godhara","Gujarat"
"Diwan Chowk","362001","Junagadh","Junagadh","Gujarat"
"Diyodar","385330","Banaskantha","Palanpur","Gujarat"
"Dolatpura","362037","Junagadh","Junagadh","Gujarat"
"Dolvan","364365","Bhavnagar","Bhavnagar","Gujarat"
"Dr Ambedkar Road","382721","Mahesana","Mahesana","Gujarat"
"Dudheswar","380004","Ahmedabad","Ahmedabad","Gujarat"
"Dudhrej","363040","Surendranagar","Surendranagar","Gujarat"
"Dudkha","384247","Mahesana","Mahesana","Gujarat"
"Dumas","394550","Surat","Surat","Gujarat"
"Dumra","370490","Kuchchh","Bhuj","Gujarat"
"Dumrul Bazar","387001","Kheda","Nadiad","Gujarat"
"Dungar","364555","Dohad","Dohad","Gujarat"
"Dungri","396375","Dohad","Dohad","Gujarat"
"Durgapur","370440","Kuchchh","Bhuj","Gujarat"
"Dwarka","361335","Jamnagar","Dwarka","Gujarat"
"Dwarka Cement Factory","361336","Jamnagar","Jamnagar","Gujarat"
"Ellisbridge","380006","Ahmedabad","Ahmedabad","Gujarat"
"Endhal","396340","Navsari","Navsari ","Gujarat"
"Eral","389342","Panchmahal","Godhara","Gujarat"
"Eru Agri College","396450","Valsad","Valsad","Gujarat"
"Fadvel","396540","Navsari","Navsari ","Gujarat"
"Falu","382806","Mahesana","Mahesana","Gujarat"
"Fatana","360592","Jamnagar","Jamnagar","Gujarat"
"Fateganj","390002","Vadodara","Vadodara","Gujarat"
"Fatehgadh","370156","Kuchchh","Bhuj","Gujarat"
"Fatepur","383781","Mahesana","Mahesana","Gujarat"
"Fatepura","389172","Dohad","Dohad","Gujarat"
"Fedra Fertilizemagar","382465","Ahmedabad","Ahmedabad","Gujarat"
"Fertilizernagar Tribhco S","394515","Surat","Surat","Gujarat"
"Fort Songadh","394670","Surat","Surat","Gujarat"
"Freeland Ganj Dahod","389160","Panchmahal","Godhara","Gujarat"
"Fudeda","382863","Mahesana","Mahesana","Gujarat"
"Fulwadi","360370","Rajkot","Rajkot","Gujarat"
"Furtikui","391108","Vadodara","Vadodara","Gujarat"
"Gabat","383335","Sabarkantha","Himatnagar","Gujarat"
"Gad Boriad","391152","Vadodara","Vadodara","Gujarat"
"Gadat","394631","Surat","Surat","Gujarat"
"Gadat","396350","Navsari","Navsari ","Gujarat"
"Gadh","385515","Narmada","Rajpipla","Gujarat"
"Gadhda Khadir","370170","Kuchchh","Bhuj","Gujarat"
"Gadhda S N","364750","Bhavnagar","Bhavnagar","Gujarat"
"Gadhsisa","370445","Kuchchh","Bhuj","Gujarat"
"Gaduli","370627","Kuchchh","Bhuj","Gujarat"
"Gagodar","370146","Kuchchh","Bhuj","Gujarat"
"Gajera","391810","Bharuch","Bharuch","Gujarat"
"Gambhira","388425","Anand","Anand","Gujarat"
"Gambhoi","383030","Sabarkantha","Himatnagar","Gujarat"
"Gambhu","384011","Mahesana","Mahesana","Gujarat"
"Gamdi","388122","Kheda","Nadiad","Gujarat"
"Gandevi","396360","Valsad","Gandevi","Gujarat"
"Gandhi Ashram Ahmedabad","380027","Ahmedabad","Ahmedabad","Gujarat"
"Gandhi Baug","364290","Bhavnagar","Bhavnagar","Gujarat"
"Gandhi Chowk","364240","Bhavnagar","Bhavnagar","Gujarat"
"Gandhi Chowk","387620","Kheda","Nadiad","Gujarat"
"Gandhi Ganj","388540","Kheda","Nadiad","Gujarat"
"Gandhi Nagar","382010","Gandhi Nagar","Gandhinagar","Gujarat"
"Gandhi Nagar C R P F Camp","382042","Gandhi Nagar","Gandhinagar","Gujarat"
"Gandhi Nagar G M S","382043","Gandhi Nagar","Gandhinagar","Gujarat"
"Gandhi Nagar Sector 17","382017","Gandhi Nagar","Gandhinagar","Gujarat"
"Gandhi Nagar Sector 19","382019","Gandhi Nagar","Gandhinagar","Gujarat"
"Gandhi Nagar Sector 20","382020","Gandhi Nagar","Gandhinagar","Gujarat"
"Gandhi Nagar Sector 21","382021","Gandhi Nagar","Gandhinagar","Gujarat"
"Gandhi Nagar Sector 22","382022","Gandhi Nagar","Gandhinagar","Gujarat"
"Gandhi Nagar Sector 23","382023","Gandhi Nagar","Gandhinagar","Gujarat"
"Gandhi Nagar Sector 24","382023","Gandhi Nagar","Gandhinagar","Gujarat"
"Gandhi Nagar Sector 28","382028","Gandhi Nagar","Gandhinagar","Gujarat"
"Gandhi Nagar Sector 29","382029","Gandhi Nagar","Gandhinagar","Gujarat"
"Gandhi Nagar Sector 30","382030","Gandhi Nagar","Gandhinagar","Gujarat"
"Gandhi Nagar Sector 9","382009","Gandhi Nagar","Gandhinagar","Gujarat"
"Gandhi Nagar T P S","382041","Gandhi Nagar","Gandhinagar","Gujarat"
"Gandhi Nagar Vidhansabha","382010","Gandhi Nagar","Gandhinagar","Gujarat"
"Gandhi Road","380001","Ahmedabad","Ahmedabad","Gujarat"
"Gandhi Road","382721","Mahesana","Mahesana","Gujarat"
"Ganga Bazar","370110","Kuchchh","Bhuj","Gujarat"
"Gangadhra R S","394310","Surat","Surat","Gujarat"
"Garbada","389155","Dohad","Dohad","Gujarat"
"Gariyadhar","364505","Bhavnagar","Bhavnagar","Gujarat"
"Gate","363001","Surendranagar","Surendranagar","Gujarat"
"Gavada","382815","Mahesana","Mahesana","Gujarat"
"Gayatri Nagar","392001","Bharuch","Bharuch","Gujarat"
"Gedi","370169","Kuchchh","Bhuj","Gujarat"
"Gendigate","390017","Vadodara","Vadodara","Gujarat"
"Gerita Kolvada R S","382820","Mahesana","Mahesana","Gujarat"
"Ghala","394155","Surat","Surat","Gujarat"
"Ghandhinagar Sector 16","382016","Gandhi Nagar","Gandhinagar","Gujarat"
"Ghanghli","364241","Bhavnagar","Bhavnagar","Gujarat"
"Ghantu Dhanpura","382871","Mahesana","Mahesana","Gujarat"
"Ghantvad","362710","Junagadh","Junagadh","Gujarat"
"Ghasgawara","388620","Kheda","Nadiad","Gujarat"
"Ghatlodia Ahmedabad","380061","Ahmedabad","Ahmedabad","Gujarat"
"Ghed Bamnasa","362626","Junagadh","Junagadh","Gujarat"
"Ghed Koylana","362633","Junagadh","Junagadh","Gujarat"
"Gheekanta Road","380001","Ahmedabad","Ahmedabad","Gujarat"
"Gheti","364265","Bhavnagar","Bhavnagar","Gujarat"
"Ghodasar","380050","Ahmedabad","Ahmedabad","Gujarat"
"Ghodasar","387110","Kheda","Nadiad","Gujarat"
"Ghogamba","389365","Panchmahal","Godhara","Gujarat"
"Ghoghla","362540","Junagadh","Junagadh","Gujarat"
"Ghumansan","382718","Mahesana","Mahesana","Gujarat"
"Ghundarana","364296","Bhavnagar","Bhavnagar","Gujarat"
"Ghunsia","362151","Junagadh","Junagadh","Gujarat"
"Gidc Ankleshwar","383002","Sabarkantha","Himatnagar","Gujarat"
"Gim Plot","360410","Rajkot","Rajkot","Gujarat"
"Gir Gadhda","362530","Junagadh","Junagadh","Gujarat"
"Girdharnagar","380010","Ahmedabad","Ahmedabad","Gujarat"
"Girnar Road","362001","Junagadh","Junagadh","Gujarat"
"Gita Mandir Road","380022","Ahmedabad","Ahmedabad","Gujarat"
"Goddod","395007","Surat","Surat","Gujarat"
"Godhavi","382115","Ahmedabad","Ahmedabad","Gujarat"
"Godhra","389001","Panchmahal","Godhra","Gujarat"
"Godhra Kachchh","370450","Kuchchh","Bhuj","Gujarat"
"Godhra Road","389151","Panchmahal","Godhara","Gujarat"
"Godsamba","394163","Surat","Surat","Gujarat"
"Gogha","364110","Bhavnagar","Bhavnagar","Gujarat"
"Gogha Circle","364001","Bhavnagar","Bhavnagar","Gujarat"
"Gomta","360320","Rajkot","Rajkot","Gujarat"
"Gomtipur","380021","Ahmedabad","Ahmedabad","Gujarat"
"Gondal","360311","Rajkot","Gondal","Gujarat"
"Gopalgram","364632","Amreli","Amreli","Gujarat"
"Gopalpuri","370240","Kuchchh","Bhuj","Gujarat"
"Gopipura","395001","Surat","Surat","Gujarat"
"Gora Colony","393155","Bharuch","Bharuch","Gujarat"
"Gorad","384228","Mahesana","Mahesana","Gujarat"
"Gorva","390016","Anand","Anand","Gujarat"
"Gothda","391773","Vadodara","Vadodara","Gujarat"
"Gothva","384318","Mahesana","Mahesana","Gujarat"
"Govt Medical College","395001","Surat","Surat","Gujarat"
"Goya Bazar","393001","Bharuch","Bharuch","Gujarat"
"Gozaria","382825","Mahesana","Mahesana","Gujarat"
"Grain Market","361001","Jamnagar","Jamnagar","Gujarat"
"Grain Market","361160","Jamnagar","Jamnagar","Gujarat"
"Green Chowk","363621","Rajkot","Rajkot","Gujarat"
"Green Chowk","363641","Rajkot","Rajkot","Gujarat"
"Gudel","388625","Anand","Anand","Gujarat"
"Gujarat College Ahmedabad","380006","Ahmedabad","Ahmedabad","Gujarat"
"Gujarat High Court","380009","Ahmedabad","Ahmedabad","Gujarat"
"Gujarat University","380009","Ahmedabad","Ahmedabad","Gujarat"
"Gujarat Vidhyapith Ahmeda","380014","Ahmedabad","Ahmedabad","Gujarat"
"Gujarwadi","363045","Surendranagar","Surendranagar","Gujarat"
"Gundala","370410","Kuchchh","Bhuj","Gujarat"
"Gundarna","364296","Bhavnagar","Bhavnagar","Gujarat"
"Gundiali","370455","Kuchchh","Bhuj","Gujarat"
"Gunja","384385","Mahesana","Mahesana","Gujarat"
"Gurukulsupa","396418","Valsad","Valsad","Gujarat"
"Hadala Bhal","363425","Surendranagar","Surendranagar","Gujarat"
"Hadiana","361011","Jamnagar","Jamnagar","Gujarat"
"Hajikhana Bazar","392001","Bharuch","Bharuch","Gujarat"
"Hajipura","383001","Sabarkantha","Himatnagar","Gujarat"
"Hajira","394270","Surat","Surat","Gujarat"
"Haldarwas","387140","Kheda","Nadiad","Gujarat"
"Halol","389350","Panchmahal","Halol","Gujarat"
"Halvad Bazar","363330","Surendranagar","Surendranagar","Gujarat"
"Hamapur","364445","Amreli","Amreli","Gujarat"
"Hansot","393030","Bharuch","Bharuch","Gujarat"
"Hanuman Bhagda","396030","Valsad","Valsad","Gujarat"
"Hanumangufa","360575","Junagadh","Junagadh","Gujarat"
"Harij","384240","Mahesana","Harij","Gujarat"
"Harmadia","362721","Junagadh","Junagadh","Gujarat"
"Harni Aerodrame","390006","Vadodara","Vadodara","Gujarat"
"Harsol","383305","Sabarkantha","Himatnagar","Gujarat"
"Hathab","364071","Bhavnagar","Bhavnagar","Gujarat"
"Hathuran","394125","Surat","Surat","Gujarat"
"Himatnagar","383001","Sabarkantha","Himatnagar","Gujarat"
"Hospital","380016","Ahmedabad","Ahmedabad","Gujarat"
"I D Hospital Road","390018","Vadodara","Vadodara","Gujarat"
"I E","363030","Surendranagar","Surendranagar","Gujarat"
"Idar","383430","Sabarkantha","Idar","Gujarat"
"Ikhar","392230","Bharuch","Bharuch","Gujarat"
"Illav","394810","Bharuch","Bharuch","Gujarat"
"Illol","383220","Sabarkantha","Himatnagar","Gujarat"
"Inderpura","395002","Surat","Surat","Gujarat"
"Indian Institute Of Management","380015","Ahmedabad","Ahmedabad","Gujarat"
"Industrial Estate","382043","Gandhi Nagar","Gandhinagar","Gujarat"
"Industrial Estate","387001","Kheda","Nadiad","Gujarat"
"Industrial Estate","382721","Mahesana","Mahesana","Gujarat"
"Industrial Estate","389001","Panchmahal","Godhara","Gujarat"
"Industrial Estate","389330","Panchmahal","Godhara","Gujarat"
"Iqbalgadh","385135","Banaskantha","Palanpur","Gujarat"
"Isand","382743","Mahesana","Mahesana","Gujarat"
"Isanpur","382443","Ahmedabad","Ahmedabad","Gujarat"
"Jabugam","391155","Vadodara","Vadodara","Gujarat"
"Jadar","383110","Sabarkantha","Himatnagar","Gujarat"
"Jafrabad","364540","Amreli","Jafrabad","Gujarat"
"Jagana","385011","Banaskantha","Palanpur","Gujarat"
"Jagidan","382710","Mahesana","Mahesana","Gujarat"
"Jagmal Road","362001","Junagadh","Junagadh","Gujarat"
"Jairaj Plot","360001","Rajkot","Rajkot","Gujarat"
"Jakhau","370640","Kuchchh","Bhuj","Gujarat"
"Jalalpore","396421","Valsad","Jalalpore","Gujarat"
"Jalalpur","364741","Bhavnagar","Bhavnagar","Gujarat"
"Jalia Amreli","364616","Amreli","Amreli","Gujarat"
"Jalila","382255","Ahmedabad","Ahmedabad","Gujarat"
"Jam Chakla","384151","Mahesana","Mahesana","Gujarat"
"Jam Devalia","361321","Jamnagar","Jamnagar","Gujarat"
"Jam Gadhka","361295","Jamnagar","Jamnagar","Gujarat"
"Jam Jodhpur","360530","Jamnagar","Jam Jodhpur","Gujarat"
"Jam Kalyanpur","361320","Jamnagar","Jamnagar","Gujarat"
"Jam Kandorna","360405","Jamnagar","Jamnagar","Gujarat"
"Jam Venthli","361130","Jamnagar","Jamnagar","Gujarat"
"Jamalpur","380001","Ahmedabad","Ahmedabad","Gujarat"
"Jamalpur Chakla","380001","Ahmedabad","Ahmedabad","Gujarat"
"Jambu","363424","Surendranagar","Surendranagar","Gujarat"
"Jambughoda","389390","Panchmahal","Godhara","Gujarat"
"Jambusar Bazar","392150","Bharuch","Bharuch","Gujarat"
"Jamla","382736","Mahesana","Mahesana","Gujarat"
"Jamnagar","361001","Jamnagar","Jamnagar","Gujarat"
"Jamnagar Aerodrome","361003","Jamnagar","Jamnagar","Gujarat"
"Jamnagar Bedeshwar","361002","Jamnagar","Jamnagar","Gujarat"
"Jamnagar Bedi","361009","Jamnagar","Jamnagar","Gujarat"
"Jamnagar Digvijay","361004","Jamnagar","Jamnagar","Gujarat"
"Jamnagar Gulabnagar","361007","Jamnagar","Jamnagar","Gujarat"
"Jamnagar Khodiyar Colony","361006","Jamnagar","Jamnagar","Gujarat"
"Jamnagar Patel Colony","361008","Jamnagar","Jamnagar","Gujarat"
"Jamnagar Udyog","361009","Jamnagar","Jamnagar","Gujarat"
"Janatha Super Market","384001","Mahesana","Mahesana","Gujarat"
"Janta Nagar","382449","Ahmedabad","Ahmedabad","Gujarat"
"Jantral","382861","Mahesana","Mahesana","Gujarat"
"Jantral Pm","389325","Panchmahal","Godhara","Gujarat"
"Jaravat","387111","Kheda","Nadiad","Gujarat"
"Jarod","391510","Vadodara","Vadodara","Gujarat"
"Jasdan","360050","Rajkot","Jasdan","Gujarat"
"Jaska","384321","Mahesana","Mahesana","Gujarat"
"Jawahar Chowk","380050","Ahmedabad","Ahmedabad","Gujarat"
"Jawahar Nagar","391320","Vadodara","Vadodara","Gujarat"
"Jesar","364510","Bhavnagar","Bhavnagar","Gujarat"
"Jesingpura","364601","Amreli","Amreli","Gujarat"
"Jetalpur","382426","Ahmedabad","Ahmedabad","Gujarat"
"Jetalsar Jn","360360","Rajkot","Rajkot","Gujarat"
"Jetalvasna","384122","Mahesana","Mahesana","Gujarat"
"Jetholi","388266","Kheda","Nadiad","Gujarat"
"Jetpur","360370","Rajkot","Rajkot","Gujarat"
"Jetpur Morbi","363630","Rajkot","Rajkot","Gujarat"
"Jhadeshvar","392011","Bharuch","Bharuch","Gujarat"
"Jhagadia","393110","Bharuch","Bharuch","Gujarat"
"Jhalarapa","362001","Junagadh","Junagadh","Gujarat"
"Jhalod","389170","Dohad","Dohad","Gujarat"
"Jhampa","395003","Surat","Surat","Gujarat"
"Jhanor","392014","Bharuch","Bharuch","Gujarat"
"Jharola","388390","Anand","Anand","Gujarat"
"Jher","387651","Kheda","Nadiad","Gujarat"
"Jherda","385580","Banaskantha","Palanpur","Gujarat"
"Jholapur","382160","Ahmedabad","Ahmedabad","Gujarat"
"Jhotana","384421","Mahesana","Mahesana","Gujarat"
"Jhulasan","382741","Mahesana","Mahesana","Gujarat"
"Jira","364521","Bhavnagar","Bhavnagar","Gujarat"
"Jodiya","361250","Jamnagar","Jamnagar","Gujarat"
"Joravarnagar","363020","Surendranagar","Surendranagar","Gujarat"
"Jornaj","382719","Mahesana","Mahesana","Gujarat"
"Jubilee Garden","390001","Vadodara","Vadodara","Gujarat"
"Juna Disa","385540","Banaskantha","Palanpur","Gujarat"
"Junagadh","362001","Junagadh","Junagadh","Gujarat"
"Junagadh Bhavnath","362004","Junagadh","Junagadh","Gujarat"
"Junagadh Joshipura","362002","Junagadh","Junagadh","Gujarat"
"Junagadh Udyognagar","362003","Junagadh","Junagadh","Gujarat"
"Junction Plot","360001","Rajkot","Rajkot","Gujarat"
"Juthal","362247","Junagadh","Junagadh","Gujarat"
"K P T","382043","Gandhi Nagar","Gandhinagar","Gujarat"
"Kabilpore","396424","Valsad","Valsad","Gujarat"
"Kabirchowk","380005","Ahmedabad","Ahmedabad","Gujarat"
"Kachchha","396370","Valsad","Valsad","Gujarat"
"Kachholi","396370","Valsad","Valsad","Gujarat"
"Kada","384305","Mahesana","Mahesana","Gujarat"
"Kadachhala","391142","Vadodara","Vadodara","Gujarat"
"Kadana","389240","Panchmahal","Godhara","Gujarat"
"Kadi","382715","Mahesana","Kadi","Gujarat"
"Kadiadra","383440","Sabarkantha","Himatnagar","Gujarat"
"Kadiawada","383462","Sabarkantha","Himatnagar","Gujarat"
"Kadipani","391175","Vadodara","Vadodara","Gujarat"
"Kadod","394335","Surat","Surat","Gujarat"
"Kadodara","394327","Surat","Kadodara","Gujarat"
"Kadwal","389145","Panchmahal","Godhara","Gujarat"
"Kahanva","391815","Bharuch","Bharuch","Gujarat"
"Kahipur","384370","Mahesana","Mahesana","Gujarat"
"Kahoda","384130","Mahesana","Mahesana","Gujarat"
"Kailash Hindu Lodge","387113","Kheda","Nadiad","Gujarat"
"Kakanpur","388713","Panchmahal","Godhara","Gujarat"
"Kakoshi","384290","Mahesana","Mahesana","Gujarat"
"Kakrapar","394360","Surat","Surat","Gujarat"
"Kalamsar","388555","Anand","Anand","Gujarat"
"Kalavad","361160","Jamnagar","Kalavad","Gujarat"
"Kalavad Road","360001","Rajkot","Rajkot","Gujarat"
"Kalgam","396142","Valsad","Valsad","Gujarat"
"Kaliavadi","396427","Valsad","Valsad","Gujarat"
"Kalol","382721","Mahesana","Kalol","Gujarat"
"Kalol P M","389330","Panchmahal","Godhara","Gujarat"
"Kaloli E","382725","Mahesana","Mahesana","Gujarat"
"Kalri","384213","Mahesana","Mahesana","Gujarat"
"Kalsar","388230","Mahesana","Mahesana","Gujarat"
"Kalsar Bhav","364131","Bhavnagar","Bhavnagar","Gujarat"
"Kalsari","362132","Junagadh","Junagadh","Gujarat"
"Kalupur Chakla","380001","Ahmedabad","Ahmedabad","Gujarat"
"Kalva Chowk","362001","Junagadh","Junagadh","Gujarat"
"Kalyan Raiji Mandir","361305","Jamnagar","Jamnagar","Gujarat"
"Kalyana","384231","Mahesana","Mahesana","Gujarat"
"Kalyanpura","382165","Ahmedabad","Ahmedabad","Gujarat"
"Kamalpura","385001","Banaskantha","Palanpur","Gujarat"
"Kamana","384375","Mahesana","Mahesana","Gujarat"
"Kamboi","384230","Mahesana","Mahesana","Gujarat"
"Kamboi Bk","385533","Banaskantha","Palanpur","Gujarat"
"Kamli","384140","Mahesana","Mahesana","Gujarat"
"Kamrej","394180","Surat","Surat","Gujarat"
"Kamrej Char Rasta","394185","Surat","Surat","Gujarat"
"Kanalus","361280","Jamnagar","Jamnagar","Gujarat"
"Kandagara","370472","Kuchchh","Bhuj","Gujarat"
"Kandari","391210","Vadodara","Vadodara","Gujarat"
"Kandla F T Z","370230","Kuchchh","Bhuj","Gujarat"
"Kandla Port Harbour","370210","Kuchchh","Bhuj","Gujarat"
"Kanij","387120","Kheda","Nadiad","Gujarat"
"Kanisa","388641","Anand","Anand","Gujarat"
"Kanjha","362615","Junagadh","Junagadh","Gujarat"
"Kanjri","387325","Kheda","Nadiad","Gujarat"
"Kanjri Pm","389351","Panchmahal","Godhara","Gujarat"
"Kankaria Road","380022","Ahmedabad","Ahmedabad","Gujarat"
"Kanodar","385520","Banaskantha","Kanodar","Gujarat"
"Kanpura","394650","Surat","Surat","Gujarat"
"Kansa","384250","Mahesana","Mahesana","Gujarat"
"Kansari","388630","Kheda","Nadiad","Gujarat"
"Kantharavi","384280","Mahesana","Mahesana","Gujarat"
"Kantharia","388307","Kheda","Nadiad","Gujarat"
"Kantharia Bharuch","392162","Bharuch","Bharuch","Gujarat"
"Kapad Bazar","360370","Rajkot","Rajkot","Gujarat"
"Kapadwanj","387620","Kheda","Nadiad","Gujarat"
"Kapaya","370415","Kuchchh","Bhuj","Gujarat"
"Kapura","394655","Surat","Surat","Gujarat"
"Karad D G P","396240","Valsad","Valsad","Gujarat"
"Karadi","396440","Navsari","Navsari ","Gujarat"
"Karakhadi","391450","Vadodara","Vadodara","Gujarat"
"Karali","391136","Vadodara","Vadodara","Gujarat"
"Karamsad","388325","Kheda","Karamsad","Gujarat"
"Karannagar","382727","Mahesana","Mahesana","Gujarat"
"Karchelia","394240","Surat","Surat","Gujarat"
"Kardej","364061","Bhavnagar","Bhavnagar","Gujarat"
"Kareli","391818","Bharuch","Bharuch","Gujarat"
"Karjisan","382707","Mahesana","Mahesana","Gujarat"
"Karli","384171","Mahesana","Mahesana","Gujarat"
"Karmad","392160","Bharuch","Bharuch","Gujarat"
"Karoli","389344","Panchmahal","Godhara","Gujarat"
"Kashipura","388540","Kheda","Nadiad","Gujarat"
"Kasor","388461","Anand","Anand","Gujarat"
"Kasturbadham","360020","Rajkot","Rajkot","Gujarat"
"Kasturinagar Sertha","382423","Gandhi Nagar","Gandhinagar","Gujarat"
"Kathana R S","388550","Kheda","Nadiad","Gujarat"
"Kathlal","387630","Kheda","Nadiad","Gujarat"
"Kathor","394150","Surat","Surat","Gujarat"
"Kathwada M P","382430","Ahmedabad","Ahmedabad","Gujarat"
"Katopore Bazar","392001","Bharuch","Bharuch","Gujarat"
"Katosan Road","382145","Ahmedabad","Ahmedabad","Gujarat"
"Katpur","364292","Patan","Patan","Gujarat"
"Kauka","382265","Ahmedabad","Ahmedabad","Gujarat"
"Kaumudi Society","391110","Vadodara","Vadodara","Gujarat"
"Kavi","392170","Vadodara","Vadodara","Gujarat"
"Kavikant Road","364001","Bhavnagar","Bhavnagar","Gujarat"
"Kavitha","388545","Kheda","Nadiad","Gujarat"
"Kawant","391170","Bharuch","Bharuch","Gujarat"
"Kayavarohan","391220","Vadodara","Vadodara","Gujarat"
"Kenedi","361285","Jamnagar","Jamnagar","Gujarat"
"Kera Kachchh","370430","Kuchchh","Bhuj","Gujarat"
"Keshod","362220","Junagadh","Keshod","Gujarat"
"Keshod Akshyagadh","362259","Junagadh","Junagadh","Gujarat"
"Kevadia Colony","393151","Bharuch","Bharuch","Gujarat"
"Kevadra","362227","Junagadh","Junagadh","Gujarat"
"Khadia","380001","Ahmedabad","Ahmedabad","Gujarat"
"Khadia","362013","Junagadh","Junagadh","Gujarat"
"Khadsupa Boarding","396443","Valsad","Valsad","Gujarat"
"Khageshri","362653","Junagadh","Junagadh","Gujarat"
"Khambha","364650","Amreli","Amreli","Gujarat"
"Khambhalia","361305","Jamnagar","Khambhalia","Gujarat"
"Khambhalia Gate","361001","Jamnagar","Jamnagar","Gujarat"
"Khambhat","388620","Kheda","Khambhat","Gujarat"
"Khambholaj","388330","Anand","Anand","Gujarat"
"Khanderao Market","390001","Vadodara","Vadodara","Gujarat"
"Khandhera","361013","Jamnagar","Jamnagar","Gujarat"
"Khandosan","384311","Mahesana","Mahesana","Gujarat"
"Khankuva","388216","Anand","Anand","Gujarat"
"Khanpur","380001","Anand","Anand","Gujarat"
"Kharaghoda","382760","Surendranagar","Kharaghoda","Gujarat"
"Kharedi","360540","Dohad","Dohad","Gujarat"
"Kharee","396430","Valsad","Valsad","Gujarat"
"Khargate","364001","Bhavnagar","Bhavnagar","Gujarat"
"Kharna","382327","Ahmedabad","Ahmedabad","Gujarat"
"Khatalwada","396120","Valsad","Valsad","Gujarat"
"Khatodra","395002","Surat","Surat","Gujarat"
"Khatrajgate","387130","Kheda","Nadiad","Gujarat"
"Khatri Chakla","370001","Kuchchh","Bhuj","Gujarat"
"Khavda","370510","Kuchchh","Bhuj","Gujarat"
"Khavda B S F","370515","Kuchchh","Bhuj","Gujarat"
"Kheda","387411","Kheda","Kheda","Gujarat"
"Kheda Camp","387421","Kheda","Nadiad","Gujarat"
"Khedbrahma","383255","Sabarkantha","Khedbrahma","Gujarat"
"Khedoi","370130","Kuchchh","Bhuj","Gujarat"
"Kherali","363023","Surendranagar","Surendranagar","Gujarat"
"Kheralu","384325","Mahesana","Kheralu","Gujarat"
"Khergam","396040","Navsari","Navsari ","Gujarat"
"Kherva Jagudam","382711","Mahesana","Mahesana","Gujarat"
"Khimana","385554","Banaskantha","Palanpur","Gujarat"
"Khimat","385545","Banaskantha","Palanpur","Gujarat"
"Khirasraghed","362224","Junagadh","Junagadh","Gujarat"
"Khodiyarnagar","382352","Ahmedabad","Ahmedabad","Gujarat"
"Khodu","363041","Surendranagar","Surendranagar","Gujarat"
"Khojanaka Road","361005","Jamnagar","Jamnagar","Gujarat"
"Khokhar Chakla","387810","Ahmedabad","Ahmedabad","Gujarat"
"Khokhra","380050","Ahmedabad","Ahmedabad","Gujarat"
"Kholvad","394190","Surat","Surat","Gujarat"
"Khombhadi","370670","Kuchchh","Bhuj","Gujarat"
"Khorasa Gir","362258","Junagadh","Junagadh","Gujarat"
"Kidianagar","370147","Kuchchh","Bhuj","Gujarat"
"Killapardi","396125","Valsad","Valsad","Gujarat"
"Kim","394110","Surat","Surat","Gujarat"
"Kirtistambh","385001","Banaskantha","Palanpur","Gujarat"
"Koday","370460","Kuchchh","Bhuj","Gujarat"
"Kodinar","362720","Junagadh","Junagadh","Gujarat"
"Kodinar K U","362725","Junagadh","Junagadh","Gujarat"
"Kodram","384329","Mahesana","Mahesana","Gujarat"
"Kolak","396115","Valsad","Valsad","Gujarat"
"Kolavada","382051","Gandhi Nagar","Gandhinagar","Gujarat"
"Koliyak","364070","Bhavnagar","Bhavnagar","Gujarat"
"Kolki","360470","Rajkot","Rajkot","Gujarat"
"Kondh","363312","Surendranagar","Surendranagar","Gujarat"
"Kora","392155","Bharuch","Bharuch","Gujarat"
"Kos","394690","Surat","Surat","Gujarat"
"Kosamba R S Bazar","394120","Surat","Surat","Gujarat"
"Kosindra","391140","Anand","Anand","Gujarat"
"Kotda N","370605","Kuchchh","Bhuj","Gujarat"
"Koth Gangad","382240","Ahmedabad","Ahmedabad","Gujarat"
"Kothamba","389220","Panchmahal","Godhara","Gujarat"
"Kothara","370645","Kuchchh","Bhuj","Gujarat"
"Kotkuva","384170","Mahesana","Mahesana","Gujarat"
"Koylana","362633","Junagadh","Junagadh","Gujarat"
"Koyli","391330","Vadodara","Vadodara","Gujarat"
"Krankach","364565","Amreli","Amreli","Gujarat"
"Krishnagar","364001","Bhavnagar","Bhavnagar","Gujarat"
"Krishnagar","362265","Junagadh","Junagadh","Gujarat"
"Krishnanagar","382346","Ahmedabad","Ahmedabad","Gujarat"
"Kuha","382433","Ahmedabad","Ahmedabad","Gujarat"
"Kukarmunda","394380","Surat","Surat","Gujarat"
"Kukarvada","382831","Mahesana","Mahesana","Gujarat"
"Kukma","370105","Kuchchh","Bhuj","Gujarat"
"Kumbhan","364298","Bhavnagar","Bhavnagar","Gujarat"
"Kumbharvada","364006","Bhavnagar","Bhavnagar","Gujarat"
"Kumbhasan","385518","Banaskantha","Palanpur","Gujarat"
"Kungher","384255","Patan","Patan","Gujarat"
"Kunjeav","388335","Kheda","Nadiad","Gujarat"
"Kunkavav","364450","Amreli","Amreli","Gujarat"
"Kuntasi","363666","Jamnagar","Jamnagar","Gujarat"
"Kutiyan","362265","Porbandar","Porbandar","Gujarat"
"Kutiyana","362265","Junagadh","Kutiyana","Gujarat"
"Kuvara","384270","Mahesana","Mahesana","Gujarat"
"L G Hospital Road","380050","Ahmedabad","Ahmedabad","Gujarat"
"Lachhras","393150","Narmada","Rajpipla","Gujarat"
"Ladol","382840","Mahesana","Mahesana","Gujarat"
"Laija","370475","Kuchchh","Bhuj","Gujarat"
"Lajpor","394235","Surat","Surat","Gujarat"
"Lakadia","370145","Kuchchh","Bhuj","Gujarat"
"Lakhani","385541","Banaskantha","Palanpur","Gujarat"
"Lakhpat","370630","Kuchchh","Bhuj","Gujarat"
"Lakhtar","382775","Surendranagar","Surendranagar","Gujarat"
"Lakhvad","384440","Mahesana","Mahesana","Gujarat"
"Lal Bunglow","361001","Jamnagar","Jamnagar","Gujarat"
"Lal Darwaja","380001","Ahmedabad","Ahmedabad","Gujarat"
"Lallubhai Chakla","392001","Bharuch","Bharuch","Gujarat"
"Lalpur","361170","Jamnagar","Jamnagar","Gujarat"
"Lamba","361322","Jamnagar","Jamnagar","Gujarat"
"Langhnej","382730","Mahesana","Mahesana","Gujarat"
"Lanva","384229","Mahesana","Mahesana","Gujarat"
"Lasundra","387640","Kheda","Nadiad","Gujarat"
"Lathi","364430","Amreli","Lathi","Gujarat"
"Lathi Plot","360490","Rajkot","Rajkot","Gujarat"
"Lathidad","364712","Bhavnagar","Bhavnagar","Gujarat"
"Latipur","361220","Jamnagar","Jamnagar","Gujarat"
"Laxmipura","383275","Sabarkantha","Himatnagar","Gujarat"
"Liliya","364535","Amreli","Amreli","Gujarat"
"Limbasi","387520","Kheda","Nadiad","Gujarat"
"Limbdi","363421","Surendranagar","Limbdi","Gujarat"
"Limbodara","382739","Mahesana","Mahesana","Gujarat"
"Limbuda","362621","Junagadh","Junagadh","Gujarat"
"Limda Chowk","362220","Junagadh","Junagadh","Gujarat"
"Limdi Doli","389111","Panchmahal","Godhara","Gujarat"
"Limdi Pm","389180","Panchmahal","Godhara","Gujarat"
"Limkheda","389140","Dohad","Dohad","Gujarat"
"Linch","384435","Mahesana","Mahesana","Gujarat"
"Lodhava","362271","Junagadh","Junagadh","Gujarat"
"Lodhika","360035","Rajkot","Rajkot","Gujarat"
"Lodra","382835","Mahesana","Mahesana","Gujarat"
"Loej","362226","Junagadh","Junagadh","Gujarat"
"Lolada","384242","Mahesana","Mahesana","Gujarat"
"Loria","370007","Kuchchh","Bhuj","Gujarat"
"Loteswar Bhagol","388001","Kheda","Nadiad","Gujarat"
"Lothal Bhurkhi R S","382230","Ahmedabad","Ahmedabad","Gujarat"
"Lunawada","389230","Panchmahal","Lunawada","Gujarat"
"Lunidhar","364460","Amreli","Amreli","Gujarat"
"Lunsar","363535","Surendranagar","Surendranagar","Gujarat"
"Lunva","384132","Mahesana","Mahesana","Gujarat"
"Lusadia","383251","Sabarkantha","Himatnagar","Gujarat"
"Lushala","362215","Junagadh","Junagadh","Gujarat"
"M G Road","360575","Junagadh","Junagadh","Gujarat"
"M P Shah College","363001","Surendranagar","Surendranagar","Gujarat"
"Madana","385519","Banaskantha","Palanpur","Gujarat"
"Madanzampa","390001","Vadodara","Vadodara","Gujarat"
"Madetha","385531","Banaskantha","Palanpur","Gujarat"
"Madhada","364245","Bhavnagar","Bhavnagar","Gujarat"
"Madhavpur Ghed","362230","Junagadh","Junagadh","Gujarat"
"Madhavpur Kachchh","370020","Kuchchh","Bhuj","Gujarat"
"Madhi","394340","Surat","Surat","Gujarat"
"Madhupura Market","380004","Ahmedabad","Ahmedabad","Gujarat"
"Magarwada","396223","Valsad","Valsad","Gujarat"
"Maguna","384411","Mahesana","Mahesana","Gujarat"
"Mahalaxmi Road","389330","Panchmahal","Godhara","Gujarat"
"Mahavirnagar","383001","Sabarkantha","Himatnagar","Gujarat"
"Mahesana","384001","Mahesana","Mahesana","Gujarat"
"Mahiari","362623","Junagadh","Junagadh","Gujarat"
"Mahidharpura","395003","Surat","Surat","Gujarat"
"Mahisa","387340","Kheda","Nadiad","Gujarat"
"Mahudha","387335","Kheda","Mahudha","Gujarat"
"Mahudi","382857","Mahesana","Mahesana","Gujarat"
"Mahuva","364290","Bhavnagar","Mahuva","Gujarat"
"Mahuva N","394250","Surat","Surat","Gujarat"
"Mahuvaria","394244","Surat","Surat","Gujarat"
"Majadar","385215","Banaskantha","Palanpur","Gujarat"
"Majevadi","362011","Junagadh","Junagadh","Gujarat"
"Makhiala","362014","Junagadh","Junagadh","Gujarat"
"Maktupur","384178","Mahesana","Mahesana","Gujarat"
"Malan","385112","Banaskantha","Palanpur","Gujarat"
"Malataj","387220","Kheda","Nadiad","Gujarat"
"Malaviyanagar","360004","Rajkot","Rajkot","Gujarat"
"Malesar Navsari","396445","Navsari","Navsari ","Gujarat"
"Malgadh","385585","Banaskantha","Palanpur","Gujarat"
"Maliya Hatina","362245","Junagadh","Junagadh","Gujarat"
"Maliya Miyana","363670","Rajkot","Rajkot","Gujarat"
"Malosan","382816","Mahesana","Mahesana","Gujarat"
"Malpur","383345","Sabarkantha","Malpur","Gujarat"
"Mamadpur","385421","Banaskantha","Palanpur","Gujarat"
"Mamakotha Road","364001","Bhavnagar","Bhavnagar","Gujarat"
"Manavadar","362630","Junagadh","Manavadar","Gujarat"
"Manda","396156","Valsad","Valsad","Gujarat"
"Mandal","382130","Ahmedabad","Ahmedabad","Gujarat"
"Mandala","391230","Vadodara","Vadodara","Gujarat"
"Mandali","384133","Mahesana","Mahesana","Gujarat"
"Mander","362231","Dohad","Dohad","Gujarat"
"Mandvi","370465","Kuchchh","Mandvi","Gujarat"
"Mandvi","389230","Panchmahal","Godhara","Gujarat"
"Mandvi","390001","Vadodara","Vadodara","Gujarat"
"Mandvi Chowk","361001","Jamnagar","Jamnagar","Gujarat"
"Mandvi Chowk","360001","Rajkot","Rajkot","Gujarat"
"Mandvi Surat","394160","Surat","Surat","Gujarat"
"Manek Chowk","380001","Ahmedabad","Ahmedabad","Gujarat"
"Manek Chowk","360575","Junagadh","Junagadh","Gujarat"
"Manekpura","364601","Amreli","Amreli","Gujarat"
"Mangnath Pipli","362111","Junagadh","Junagadh","Gujarat"
"Mangnath Road","362001","Junagadh","Junagadh","Gujarat"
"Mangrol","362225","Junagadh","Mangrol","Gujarat"
"Manhar Plot","360002","Rajkot","Rajkot","Gujarat"
"Maninagar","380008","Ahmedabad","Ahmedabad","Gujarat"
"Manjal","370610","Kuchchh","Bhuj","Gujarat"
"Mankni","391126","Vadodara","Vadodara","Gujarat"
"Mankuva","370030","Kuchchh","Bhuj","Gujarat"
"Mansa Bazar","382845","Mahesana","Mahesana","Gujarat"
"Manubar","392161","Bharuch","Bharuch","Gujarat"
"Manund","384260","Patan","Patan","Gujarat"
"Market","382305","Ahmedabad","Ahmedabad","Gujarat"
"Market Yard","388540","Kheda","Nadiad","Gujarat"
"Market Yard","382715","Mahesana","Mahesana","Gujarat"
"Market Yard","384151","Mahesana","Mahesana","Gujarat"
"Market Yard","384315","Mahesana","Mahesana","Gujarat"
"Market Yard","360311","Rajkot","Rajkot","Gujarat"
"Market Yard","383215","Sabarkantha","Himatnagar","Gujarat"
"Market Yard","383430","Sabarkantha","Himatnagar","Gujarat"
"Marketing Yard","360003","Rajkot","Rajkot","Gujarat"
"Marketyard","387130","Kheda","Nadiad","Gujarat"
"Marketyard","384265","Mahesana","Mahesana","Gujarat"
"Maroli Bazar","396436","Valsad","Valsad","Gujarat"
"Masar Road","391421","Vadodara","Vadodara","Gujarat"
"Maska","370471","Kuchchh","Bhuj","Gujarat"
"Matar","387530","Kheda","Nadiad","Gujarat"
"Matied","393021","Bharuch","Bharuch","Gujarat"
"Matiyana","362627","Junagadh","Junagadh","Gujarat"
"Matwad","396439","Navsari","Navsari ","Gujarat"
"Mavjinjva","364458","Amreli","Amreli","Gujarat"
"Medarda","362260","Junagadh","Junagadh","Gujarat"
"Medical Campus","361008","Jamnagar","Jamnagar","Gujarat"
"Meghraj","383350","Sabarkantha","Meghraj","Gujarat"
"Mehesana Ind Estate","384002","Mahesana","Mahesana","Gujarat"
"Mehlav","388440","Kheda","Nadiad","Gujarat"
"Mehlol","389343","Panchmahal","Godhara","Gujarat"
"Mehmadabad","380050","Ahmedabad","Ahmedabad","Gujarat"
"Mehmedabad","387130","Kheda","Nadiad","Gujarat"
"Mekhadi","362242","Junagadh","Junagadh","Gujarat"
"Meloj","384153","Mahesana","Mahesana","Gujarat"
"Memnagar Ahmedabad","380052","Ahmedabad","Ahmedabad","Gujarat"
"Mengani","360070","Rajkot","Rajkot","Gujarat"
"Menpura","388235","Kheda","Nadiad","Gujarat"
"Mesar","384273","Mahesana","Mahesana","Gujarat"
"Meshvan","362223","Junagadh","Junagadh","Gujarat"
"Meta","385525","Banaskantha","Palanpur","Gujarat"
"Methan","384292","Mahesana","Mahesana","Gujarat"
"Methodist Hospital","387001","Kheda","Nadiad","Gujarat"
"Meu","382706","Mahesana","Mahesana","Gujarat"
"Mia Matar","392115","Bharuch","Bharuch","Gujarat"
"Millpara","360002","Rajkot","Rajkot","Gujarat"
"Milpara","360575","Junagadh","Junagadh","Gujarat"
"Mithapur","361345","Jamnagar","Mithapur","Gujarat"
"Miyagam","391245","Vadodara","Vadodara","Gujarat"
"Miyagam Karjan","391240","Vadodara","Vadodara","Gujarat"
"Mobhu Road","391430","Vadodara","Vadodara","Gujarat"
"Mochi Bazar","360001","Rajkot","Rajkot","Gujarat"
"Modaj","387135","Kheda","Nadiad","Gujarat"
"Modasa","383315","Sabarkantha","Modasa","Gujarat"
"Modhera","384212","Mahesana","Mahesana","Gujarat"
"Mogar","388340","Anand","Anand","Gujarat"
"Mogri","388445","Kheda","Nadiad","Gujarat"
"Mohlel","387330","Kheda","Nadiad","Gujarat"
"Mohmadpura","392001","Bharuch","Bharuch","Gujarat"
"Mojidad","363411","Surendranagar","Surendranagar","Gujarat"
"Mojri","389123","Panchmahal","Godhara","Gujarat"
"Mokal","360571","Junagadh","Junagadh","Gujarat"
"Monpur","364622","Amreli","Amreli","Gujarat"
"Mor","394530","Surat","Surat","Gujarat"
"Mora","389110","Panchmahal","Godhara","Gujarat"
"Morbi","363641","Rajkot","Rajkot","Gujarat"
"Morbi P P Works","363642","Rajkot","Rajkot","Gujarat"
"Morva Rena","388714","Panchmahal","Godhara","Gujarat"
"Morvada","385326","Banaskantha","Palanpur","Gujarat"
"Mosali","394421","Surat","Surat","Gujarat"
"Mota","394345","Surat","Surat","Gujarat"
"Mota Ankadia","364455","Amreli","Amreli","Gujarat"
"Mota Bazar","387240","Kheda","Nadiad","Gujarat"
"Mota Bazar","396001","Valsad","Valsad","Gujarat"
"Mota Bhamodra","364517","Bhavnagar","Bhavnagar","Gujarat"
"Mota Charodia","364508","Bhavnagar","Bhavnagar","Gujarat"
"Mota Khuntavada","364280","Bhavnagar","Bhavnagar","Gujarat"
"Mota Miya Mangrol","394410","Surat","Surat","Gujarat"
"Mota Pondha","396201","Valsad","Valsad","Gujarat"
"Mota Samadhiala","364635","Amreli","Amreli","Gujarat"
"Mota Varachchha","394101","Surat","Surat","Gujarat"
"Motazinjhuvada","364519","Bhavnagar","Bhavnagar","Gujarat"
"Mothara","370650","Kuchchh","Bhuj","Gujarat"
"Moti Amroli","391157","Vadodara","Vadodara","Gujarat"
"Moti Daman","396220","Valsad","Valsad","Gujarat"
"Moti Kantdi","388716","Panchmahal","Godhara","Gujarat"
"Moti Kharaj","389158","Dohad","Dohad","Gujarat"
"Moti Monpuri","362133","Junagadh","Junagadh","Gujarat"
"Moti Murad","360421","Rajkot","Rajkot","Gujarat"
"Moti Vavdi","364270","Bhavnagar","Bhavnagar","Gujarat"
"Moti Zari","389135","Dohad","Dohad","Gujarat"
"Moviya","360320","Rajkot","Rajkot","Gujarat"
"Mroli Sanjan","396130","Valsad","Valsad","Gujarat"
"Mu Co Chowk","360001","Rajkot","Rajkot","Gujarat"
"Muderda","384261","Mahesana","Mahesana","Gujarat"
"Muglisara","395003","Surat","Surat","Gujarat"
"Mujpur Harji","384241","Mahesana","Mahesana","Gujarat"
"Mujpur Padra","391442","Vadodara","Vadodara","Gujarat"
"Muktampur","392012","Bharuch","Bharuch","Gujarat"
"Muletha","385531","Banaskantha","Palanpur","Gujarat"
"Muli","363510","Surendranagar","Surendranagar","Gujarat"
"Mundra","370421","Kuchchh","Mundra","Gujarat"
"Municipal Corporation","380001","Ahmedabad","Ahmedabad","Gujarat"
"N C Market","380002","Ahmedabad","Ahmedabad","Gujarat"
"N C Mills","380025","Ahmedabad","Ahmedabad","Gujarat"
"Nabipur","392210","Bharuch","Bharuch","Gujarat"
"Nadana","361301","Jamnagar","Jamnagar","Gujarat"
"Nadiad","387001","Kheda","Nadiad","Gujarat"
"Nadisar","388712","Panchmahal","Godhara","Gujarat"
"Nagalpur K","370132","Kuchchh","Bhuj","Gujarat"
"Nagar Estate","361004","Jamnagar","Jamnagar","Gujarat"
"Nagarwada","390001","Vadodara","Vadodara","Gujarat"
"Nageshri","364545","Amreli","Amreli","Gujarat"
"Nagnesh","363416","Surendranagar","Surendranagar","Gujarat"
"Nakhtrana","370615","Kuchchh","Bhuj","Gujarat"
"Naldhara","394241","Surat","Surat","Gujarat"
"Naliya","370655","Kuchchh","Bhuj","Gujarat"
"Nana Amodra","391137","Vadodara","Vadodara","Gujarat"
"Nana Jadra","364292","Bhavnagar","Bhavnagar","Gujarat"
"Nana Pondha","396126","Valsad","Valsad","Gujarat"
"Nanadia","362625","Junagadh","Junagadh","Gujarat"
"Nandasan","382706","Mahesana","Mahesana","Gujarat"
"Nandej","382435","Ahmedabad","Nandej","Gujarat"
"Nandesari I E","391340","Vadodara","Vadodara","Gujarat"
"Nandol","382310","Ahmedabad","Ahmedabad","Gujarat"
"Nani Bazar","363667","Jamnagar","Jamnagar","Gujarat"
"Nani Bazar","363641","Rajkot","Rajkot","Gujarat"
"Nani Bhaghol","383205","Sabarkantha","Himatnagar","Gujarat"
"Nani Naroli","394114","Bharuch","Bharuch","Gujarat"
"Nani Vahial","396065","Valsad","Valsad","Gujarat"
"Napa","388560","Kheda","Nadiad","Gujarat"
"Napad","388350","Kheda","Nadiad","Gujarat"
"Nar","388150","Anand","Anand","Gujarat"
"Naranpur","370429","Kuchchh","Bhuj","Gujarat"
"Naranpura","380013","Ahmedabad","Ahmedabad","Gujarat"
"Naranpura Vistar","380013","Ahmedabad","Ahmedabad","Gujarat"
"Narayannagar","380007","Ahmedabad","Ahmedabad","Gujarat"
"Nardipur","382735","Mahesana","Mahesana","Gujarat"
"Nargol","396135","Valsad","Valsad","Gujarat"
"Nari","364055","Bhavnagar","Bhavnagar","Gujarat"
"Narmadanagar","392015","Bharuch","Bharuch","Gujarat"
"Naroda","382325","Ahmedabad","Ahmedabad","Gujarat"
"Naroda I E","382330","Ahmedabad","Ahmedabad","Gujarat"
"Naroda Road","380025","Ahmedabad","Ahmedabad","Gujarat"
"Naroda Society","382325","Ahmedabad","Ahmedabad","Gujarat"
"Narol","382405","Ahmedabad","Ahmedabad","Gujarat"
"Naroli","396235","Valsad","Valsad","Gujarat"
"Narsanda","387345","Kheda","Nadiad","Gujarat"
"Naswadi","391150","Vadodara","Vadodara","Gujarat"
"Natapur","389121","Panchmahal","Godhara","Gujarat"
"Nava Sangpur","382875","Mahesana","Mahesana","Gujarat"
"Navabunder","362515","Junagadh","Junagadh","Gujarat"
"Navabwada","395003","Surat","Surat","Gujarat"
"Navagadh","360375","Rajkot","Rajkot","Gujarat"
"Navagam","387540","Kheda","Nadiad","Gujarat"
"Navapura","370465","Anand","Anand","Gujarat"
"Navasari","396445","Valsad","Valsad","Gujarat"
"Navavadaj","380013","Ahmedabad","Ahmedabad","Gujarat"
"Navibundar","360585","Junagadh","Junagadh","Gujarat"
"Navjivan","380014","Ahmedabad","Ahmedabad","Gujarat"
"Navli","388355","Anand","Anand","Gujarat"
"Navrangpura","380009","Ahmedabad","Ahmedabad","Gujarat"
"Navsari Ih","396424","Navsari","Navsari ","Gujarat"
"Navsari Junathan","396445","Navsari","Navsari ","Gujarat"
"Nayka","387550","Kheda","Nadiad","Gujarat"
"Nayta","384278","Patan","Patan","Gujarat"
"Nepalpura","388254","Kheda","Nadiad","Gujarat"
"Nesdi","364518","Bhavnagar","Bhavnagar","Gujarat"
"Netra","370620","Kuchchh","Bhuj","Gujarat"
"Netrang","393130","Bharuch","Bharuch","Gujarat"
"New Chamanpura","380016","Ahmedabad","Ahmedabad","Gujarat"
"New Jagnath","360001","Rajkot","Rajkot","Gujarat"
"New Super Market","361001","Jamnagar","Jamnagar","Gujarat"
"Nijhar","394370","Surat","Surat","Gujarat"
"Nikava","361162","Jamnagar","Jamnagar","Gujarat"
"Nikora","392031","Bharuch","Bharuch","Gujarat"
"Ningala","364760","Bhavnagar","Bhavnagar","Gujarat"
"Nirmali","387650","Kheda","Nadiad","Gujarat"
"Nirmalnagar","364001","Bhavnagar","Bhavnagar","Gujarat"
"Nirona","370061","Kuchchh","Bhuj","Gujarat"
"No Delivery","384328","Mahesana","Mahesana","Gujarat"
"Nonghanvadar","364507","Bhavnagar","Bhavnagar","Gujarat"
"O N G C","380005","Ahmedabad","Ahmedabad","Gujarat"
"O N G C Ankleshwar","393010","Bharuch","Bharuch","Gujarat"
"Ode","388210","Kheda","Ode","Gujarat"
"Odhav","382410","Ahmedabad","Ahmedabad","Gujarat"
"Odhav G V M M Nd","382410","Ahmedabad","Ahmedabad","Gujarat"
"Odhav I E","382415","Ahmedabad","Ahmedabad","Gujarat"
"Okha","361350","Jamnagar","Jamnagar","Gujarat"
"Olpad","394540","Surat","Surat","Gujarat"
"Orna","394330","Surat","Surat","Gujarat"
"Orvada","389122","Panchmahal","Godhara","Gujarat"
"Othwad","388257","Kheda","Nadiad","Gujarat"
"P T C","362001","Junagadh","Junagadh","Gujarat"
"Pachhegam","364312","Bhavnagar","Bhavnagar","Gujarat"
"Padal","388217","Kheda","Nadiad","Gujarat"
"Padav Bazar","389151","Panchmahal","Godhara","Gujarat"
"Paddhari","360110","Surat","Paddhari","Gujarat"
"Padmavati Chaugan","390001","Vadodara","Vadodara","Gujarat"
"Padra","391440","Anand","Padra","Gujarat"
"Pajod","362624","Junagadh","Junagadh","Gujarat"
"Pakhajan","392165","Kheda","Nadiad","Gujarat"
"Palace","385002","Banaskantha","Palanpur","Gujarat"
"Palace Road","393145","Bharuch","Bharuch","Gujarat"
"Palaj","388465","Kheda","Nadiad","Gujarat"
"Palana","387350","Kheda","Nadiad","Gujarat"
"Palanpur","385001","Banaskantha","Palanpur","Gujarat"
"Palanpur Joravar","385001","Banaskantha","Palanpur","Gujarat"
"Palansva","370157","Kuchchh","Bhuj","Gujarat"
"Palasar","384235","Mahesana","Mahesana","Gujarat"
"Palej","392220","Bharuch","Palej","Gujarat"
"Paliad Veda","382737","Mahesana","Mahesana","Gujarat"
"Palitana","364270","Bhavnagar","Palitana","Gujarat"
"Paliyad","364720","Bhavnagar","Bhavnagar","Gujarat"
"Palodar","384206","Mahesana","Mahesana","Gujarat"
"Palsana","394315","Surat","Surat","Gujarat"
"Pamol","382721","Anand","Anand","Gujarat"
"Panar","396460","Valsad","Valsad","Gujarat"
"Panch Fanas","392001","Bharuch","Bharuch","Gujarat"
"Panch Hatdi","360490","Rajkot","Rajkot","Gujarat"
"Panchasar","363669","Jamnagar","Jamnagar","Gujarat"
"Pancheshwar Chowk","361001","Jamnagar","Jamnagar","Gujarat"
"Panchot","384205","Mahesana","Mahesana","Gujarat"
"Panchvati","388220","Kheda","Nadiad","Gujarat"
"Pandesara I E","394221","Surat","Surat","Gujarat"
"Pandoli","388160","Anand","Anand","Gujarat"
"Pandva","388265","Kheda","Nadiad","Gujarat"
"Paneli","360480","Rajkot","Rajkot","Gujarat"
"Pani Gate","389151","Panchmahal","Godhara","Gujarat"
"Panigate","390017","Vadodara","Vadodara","Gujarat"
"Panol","394115","Bharuch","Bharuch","Gujarat"
"Pansar","382740","Narmada","Rajpipla","Gujarat"
"Pansina","363423","Surendranagar","Surendranagar","Gujarat"
"Panthavada","385546","Banaskantha","Palanpur","Gujarat"
"Panvad","391168","Vadodara","Vadodara","Gujarat"
"Pardi Paria","396145","Valsad","Valsad","Gujarat"
"Pariej","392021","Bharuch","Bharuch","Gujarat"
"Parsi Agiyari Chwok","360001","Rajkot","Rajkot","Gujarat"
"Parvadi","364275","Bhavnagar","Bhavnagar","Gujarat"
"Parvata","391146","Vadodara","Vadodara","Gujarat"
"Patan","384265","Mahesana","Patan","Gujarat"
"Patanvav","360430","Rajkot","Rajkot","Gujarat"
"Patdi","382765","Surendranagar","Surendranagar","Gujarat"
"Patel Society Area","387002","Kheda","Nadiad","Gujarat"
"Pati","394632","Surat","Surat","Gujarat"
"Patna Bhal","364311","Bhavnagar","Bhavnagar","Gujarat"
"Patri","370425","Kuchchh","Bhuj","Gujarat"
"Pavagadh","389360","Panchmahal","Godhara","Gujarat"
"Pavan Chakli","361005","Jamnagar","Jamnagar","Gujarat"
"Pavijetpur","391160","Vadodara","Vadodara","Gujarat"
"Pavthi","362142","Junagadh","Junagadh","Gujarat"
"Pegampura","395003","Surat","Surat","Gujarat"
"Pethapur","382610","Gandhi Nagar","Gandhinagar","Gujarat"
"Petlad","388450","Kheda","Petlad","Gujarat"
"Petrochemical","391346","Vadodara","Vadodara","Gujarat"
"Petrofils","391347","Vadodara","Vadodara","Gujarat"
"Phansa","396140","Valsad","Valsad","Gujarat"
"Pharmacy","384170","Mahesana","Mahesana","Gujarat"
"Piava","364526","Bhavnagar","Bhavnagar","Gujarat"
"Pij","387230","Kheda","Nadiad","Gujarat"
"Piludra","384380","Mahesana","Mahesana","Gujarat"
"Piludra Gajera","391816","Bharuch","Bharuch","Gujarat"
"Pilval","382850","Mahesana","Mahesana","Gujarat"
"Pindharpura","384226","Mahesana","Mahesana","Gujarat"
"Piplag","387355","Kheda","Nadiad","Gujarat"
"Piplav","388460","Kheda","Nadiad","Gujarat"
"Piplod","389130","Narmada","Rajpipla","Gujarat"
"Pith Bazar","388620","Kheda","Nadiad","Gujarat"
"Pithalpur","364135","Bhavnagar","Bhavnagar","Gujarat"
"Pithawadi","364523","Bhavnagar","Bhavnagar","Gujarat"
"Plot","361005","Jamnagar","Jamnagar","Gujarat"
"Polarpur","382250","Ahmedabad","Ahmedabad","Gujarat"
"Polytechnic","380015","Ahmedabad","Ahmedabad","Gujarat"
"Popatpara","360001","Rajkot","Rajkot","Gujarat"
"Por","391243","Vadodara","Vadodara","Gujarat"
"Porbandar","360575","Junagadh","Porbandar","Gujarat"
"Porbandar Birlasagar","360576","Junagadh","Junagadh","Gujarat"
"Porbandar G Id C","360577","Junagadh","Junagadh","Gujarat"
"Porbandhar HO","360575","Porbandar","Porbandar","Gujarat"
"Porda","388105","Kheda","Nadiad","Gujarat"
"Port Area","360575","Junagadh","Junagadh","Gujarat"
"Poshina","383422","Sabarkantha","Himatnagar","Gujarat"
"Power House","362205","Junagadh","Junagadh","Gujarat"
"Power House","389001","Panchmahal","Godhara","Gujarat"
"Prabhas Patan","362268","Junagadh","Junagadh","Gujarat"
"Prantij","383205","Sabarkantha","Prantij","Gujarat"
"Prasnavada","362278","Junagadh","Junagadh","Gujarat"
"Pratapganj","390002","Vadodara","Vadodara","Gujarat"
"Pratapnagar Nandod","393140","Narmada","Rajpipla","Gujarat"
"Pratapnagar R S","390004","Vadodara","Vadodara","Gujarat"
"Public Offices Ahmedabad","380016","Ahmedabad","Ahmedabad","Gujarat"
"Pundhra","382855","Mahesana","Mahesana","Gujarat"
"Puni","394352","Navsari","Navsari ","Gujarat"
"Putli","395002","Surat","Surat","Gujarat"
"R Bazar","370165","Kuchchh","Bhuj","Gujarat"
"R S","392001","Bharuch","Bharuch","Gujarat"
"R S","364710","Bhavnagar","Bhavnagar","Gujarat"
"R S","388450","Kheda","Nadiad","Gujarat"
"R S","389001","Panchmahal","Godhara","Gujarat"
"R S","389151","Panchmahal","Godhara","Gujarat"
"R S","383255","Sabarkantha","Himatnagar","Gujarat"
"R S","394650","Surat","Surat","Gujarat"
"R S","395003","Surat","Surat","Gujarat"
"R S","382760","Surendranagar","Surendranagar","Gujarat"
"R S","391165","Vadodara","Vadodara","Gujarat"
"R S","396321","Valsad","Valsad","Gujarat"
"Race Course Road","360001","Rajkot","Rajkot","Gujarat"
"Radhanpur","385340","Banaskantha","Radhanpur","Gujarat"
"Radhivad","383270","Sabarkantha","Himatnagar","Gujarat"
"Radhu","387560","Kheda","Nadiad","Gujarat"
"Rahpar","370165","Kuchchh","Bhuj","Gujarat"
"Raigadh","383276","Sabarkantha","Himatnagar","Gujarat"
"Raikhad","380001","Ahmedabad","Ahmedabad","Gujarat"
"Railway Colony","384002","Mahesana","Mahesana","Gujarat"
"Railway Station","396001","Valsad","Valsad","Gujarat"
"Railwaypura","380002","Ahmedabad","Ahmedabad","Gujarat"
"Raipur","380001","Ahmedabad","Ahmedabad","Gujarat"
"Rajgadhi","385001","Banaskantha","Palanpur","Gujarat"
"Rajkawada","384265","Mahesana","Mahesana","Gujarat"
"Rajkot","360001","Rajkot","Rajkot","Gujarat"
"Rajkot Bedipura","360003","Rajkot","Rajkot","Gujarat"
"Rajkot Bhaktinagar","360002","Rajkot","Rajkot","Gujarat"
"Rajkot Bhomeshwar Plot","360006","Rajkot","Rajkot","Gujarat"
"Rajkot S N Gurukul","360004","Rajkot","Rajkot","Gujarat"
"Rajkot Saurastra","360004","Rajkot","Rajkot","Gujarat"
"Rajpardi","393115","Bharuch","Bharuch","Gujarat"
"Rajpipla","393145","Bharuch","Rajpipla","Gujarat"
"Rajputpara","360001","Rajkot","Rajkot","Gujarat"
"Rajsitapur","363320","Surendranagar","Surendranagar","Gujarat"
"Rajula","364560","Amreli","Rajula","Gujarat"
"Rakhial","380021","Ahmedabad","Ahmedabad","Gujarat"
"Rakhial R S","382315","Ahmedabad","Ahmedabad","Gujarat"
"Ramnagar","395005","Anand","Anand","Gujarat"
"Ramnathpara","360001","Rajkot","Rajkot","Gujarat"
"Ramnivas","362001","Junagadh","Junagadh","Gujarat"
"Ramol","387710","Anand","Ramol","Gujarat"
"Rampura","363435","Surendranagar","Surendranagar","Gujarat"
"Rampura Bhankoda","382140","Ahmedabad","Ahmedabad","Gujarat"
"Ramsan","385315","Banaskantha","Palanpur","Gujarat"
"Ran","361316","Jamnagar","Jamnagar","Gujarat"
"Ranakandorna","360570","Junagadh","Junagadh","Gujarat"
"Ranasan","382880","Mahesana","Mahesana","Gujarat"
"Ranava RS","360560","Porbandar","Porbandar","Gujarat"
"Ranavav","360550","Junagadh","Ranavav","Gujarat"
"Ranavav ","360550","Porbandar","Porbandar","Gujarat"
"Ranavav R S","360560","Junagadh","Junagadh","Gujarat"
"Randheja","382620","Gandhi Nagar","Gandhinagar","Gujarat"
"Raner","385522","Banaskantha","Palanpur","Gujarat"
"Rangadhi","385340","Banaskantha","Palanpur","Gujarat"
"Ranghola","364231","Bhavnagar","Bhavnagar","Gujarat"
"Rangpur Z","391169","Vadodara","Vadodara","Gujarat"
"Raniamba","394365","Surat","Surat","Gujarat"
"Ranip","382480","Ahmedabad","Ranip","Gujarat"
"Ranjitnagar","361005","Jamnagar","Jamnagar","Gujarat"
"Ranjitnagar","389355","Panchmahal","Godhara","Gujarat"
"Ranjitpura","360510","Jamnagar","Jamnagar","Gujarat"
"Rankuva","396560","Valsad","Valsad","Gujarat"
"Ranoli","391350","Anand","Ranoli","Gujarat"
"Ranpur","363610","Ahmedabad","Ahmedabad","Gujarat"
"Ranpur Sorath","362030","Junagadh","Junagadh","Gujarat"
"Ranu","391445","Vadodara","Vadodara","Gujarat"
"Ranuj","384275","Mahesana","Mahesana","Gujarat"
"Ras","388570","Anand","Anand","Gujarat"
"Rasnol","388336","Anand","Anand","Gujarat"
"Ratanpur","387570","Kheda","Nadiad","Gujarat"
"Ratanpur Anand","388307","Kheda","Nadiad","Gujarat"
"Ratanpur Bhal","364313","Bhavnagar","Bhavnagar","Gujarat"
"Ratanpur Kantdi","388715","Panchmahal","Godhara","Gujarat"
"Rav","370168","Kuchchh","Bhuj","Gujarat"
"Raval","361325","Jamnagar","Jamnagar","Gujarat"
"Ravapar","370625","Kuchchh","Bhuj","Gujarat"
"Revdi Bazar","380002","Ahmedabad","Ahmedabad","Gujarat"
"Rindrol","382836","Mahesana","Mahesana","Gujarat"
"Rly Crossing Ahmedabad","380010","Ahmedabad","Ahmedabad","Gujarat"
"Ronvel","396055","Valsad","Valsad","Gujarat"
"Rudan","387385","Kheda","Nadiad","Gujarat"
"Rumla","396060","Navsari","Navsari ","Gujarat"
"Rupal","382630","Gandhi Nagar","Gandhinagar","Gujarat"
"Rustompura","395002","Surat","Surat","Gujarat"
"S A Mills","380050","Ahmedabad","Ahmedabad","Gujarat"
"S N Road","390017","Vadodara","Vadodara","Gujarat"
"Sabarmati","380005","Ahmedabad","Ahmedabad","Gujarat"
"Sachin","394230","Surat","Sachin","Gujarat"
"Sadadvel","396452","Navsari","Navsari ","Gujarat"
"Sadhli","391250","Vadodara","Vadodara","Gujarat"
"Sadra","382320","Gandhi Nagar","Gandhinagar","Gujarat"
"Sagbara","393050","Narmada","Rajpipla","Gujarat"
"Sagrampura","395002","Surat","Surat","Gujarat"
"Saij","382733","Mahesana","Mahesana","Gujarat"
"Saijpur Bogha","382345","Ahmedabad","Ahmedabad","Gujarat"
"Saiyad Rajpura","362530","Junagadh","Junagadh","Gujarat"
"Saiyedpura","395003","Surat","Surat","Gujarat"
"Sajod","393020","Bharuch","Bharuch","Gujarat"
"Sakatsanala","363665","Jamnagar","Jamnagar","Gujarat"
"Sakti Plot","363641","Rajkot","Rajkot","Gujarat"
"Salabatpura","395003","Surat","Surat","Gujarat"
"Salal","383120","Sabarkantha","Himatnagar","Gujarat"
"Salangpur Hanuman","382451","Ahmedabad","Ahmedabad","Gujarat"
"Salaya","361310","Jamnagar","Salaya","Gujarat"
"Saldi","364536","Amreli","Amreli","Gujarat"
"Saliawadi","388256","Kheda","Nadiad","Gujarat"
"Salun","387360","Kheda","Nadiad","Gujarat"
"Samakhiali","370150","Kuchchh","Bhuj","Gujarat"
"Samana","360521","Jamnagar","Jamnagar","Gujarat"
"Samarkha","388360","Anand","Anand","Gujarat"
"Samau","382823","Mahesana","Mahesana","Gujarat"
"Samdhi Ranajivas","385516","Banaskantha","Palanpur","Gujarat"
"Sami","384245","Mahesana","Mahesana","Gujarat"
"Samlaya R S","391520","Vadodara","Vadodara","Gujarat"
"Samni","392025","Bharuch","Bharuch","Gujarat"
"Sanakhada","362550","Junagadh","Junagadh","Gujarat"
"Sanand","382110","Ahmedabad","Sanand","Gujarat"
"Sanand Society Area","382110","Ahmedabad","Ahmedabad","Gujarat"
"Sandasal","391530","Vadodara","Vadodara","Gujarat"
"Sander","384276","Patan","Patan","Gujarat"
"Sandesar","388132","Anand","Anand","Gujarat"
"Sanjeli","389175","Dohad","Dohad","Gujarat"
"Sanjipadi","370465","Kuchchh","Bhuj","Gujarat"
"Sankhalpur","384211","Mahesana","Mahesana","Gujarat"
"Sankhari","384277","Patan","Patan","Gujarat"
"Sankheda","391145","Vadodara","Vadodara","Gujarat"
"Sankheswar","384246","Mahesana","Mahesana","Gujarat"
"Sanosra","364230","Bhavnagar","Bhavnagar","Gujarat"
"Sanosra","362634","Junagadh","Junagadh","Gujarat"
"Sanosra Raj","360022","Rajkot","Rajkot","Gujarat"
"Sant Punit Marg","380050","Ahmedabad","Ahmedabad","Gujarat"
"Sant Road","389120","Panchmahal","Godhara","Gujarat"
"Santalpur","385350","Banaskantha","Palanpur","Gujarat"
"Santhal","384430","Mahesana","Mahesana","Gujarat"
"Santkanvar Colony","390006","Vadodara","Vadodara","Gujarat"
"Santrampur","389260","Panchmahal","Santrampur","Gujarat"
"Saputara","394720","The Dangs","The Dangs","Gujarat"
"Sara","363334","Navsari","Navsari ","Gujarat"
"Saradia","388262","Kheda","Nadiad","Gujarat"
"Sarambhada","364633","Amreli","Amreli","Gujarat"
"Sarar","391241","Vadodara","Vadodara","Gujarat"
"Sarasia","364660","Amreli","Amreli","Gujarat"
"Sarbhan","392035","Bharuch","Bharuch","Gujarat"
"Sarbhon","394350","Surat","Surat","Gujarat"
"Sardagram","362235","Junagadh","Junagadh","Gujarat"
"Sardar Bag","394601","Surat","Surat","Gujarat"
"Sardar Krishinagar","385506","Banaskantha","Palanpur","Gujarat"
"Sardarbaug","362001","Junagadh","Junagadh","Gujarat"
"Sardargadh","362640","Junagadh","Junagadh","Gujarat"
"Sardarganj","388001","Kheda","Nadiad","Gujarat"
"Sardarnagar","382340","Ahmedabad","Ahmedabad","Gujarat"
"Sardarnagar Kubernagar","382340","Ahmedabad","Ahmedabad","Gujarat"
"Sardarnagar Society","390002","Vadodara","Vadodara","Gujarat"
"Sardarpur","382860","Mahesana","Mahesana","Gujarat"
"Sardhar","360025","Rajkot","Rajkot","Gujarat"
"Sardhev","382640","Gandhi Nagar","Gandhinagar","Gujarat"
"Sardoi","383320","Sabarkantha","Himatnagar","Gujarat"
"Sariad","384272","Mahesana","Mahesana","Gujarat"
"Sarigam","396155","Valsad","Valsad","Gujarat"
"Sarkhej","382213","Ahmedabad","Ahmedabad","Gujarat"
"Sarkhej Road","380007","Ahmedabad","Ahmedabad","Gujarat"
"Sarod","392180","Bharuch","Bharuch","Gujarat"
"Sarol","388531","Kheda","Nadiad","Gujarat"
"Sarsa","388365","Anand","Anand","Gujarat"
"Sarsai","362120","Junagadh","Junagadh","Gujarat"
"Sasam","385517","Banaskantha","Palanpur","Gujarat"
"Sasangir","362135","Junagadh","Junagadh","Gujarat"
"Satem","396466","Navsari","Navsari ","Gujarat"
"Sathamba","383340","Sabarkantha","Himatnagar","Gujarat"
"Sathod","391111","Vadodara","Vadodara","Gujarat"
"Satlasana","384330","Mahesana","Mahesana","Gujarat"
"Satta Bazar","363310","Surendranagar","Surendranagar","Gujarat"
"Savalia C W","388240","Kheda","Nadiad","Gujarat"
"Savar City","364515","Bhavnagar","Bhavnagar","Gujarat"
"Savarkundla","364515","Bhavnagar","Savarkundla","Gujarat"
"Savli Town","391770","Vadodara","Vadodara","Gujarat"
"Sayad Rajpara","362552","Junagadh","Junagadh","Gujarat"
"Sayan","394130","Surat","Sayan","Gujarat"
"Sayar","393107","Bharuch","Bharuch","Gujarat"
"Sayla","363430","Surendranagar","Surendranagar","Gujarat"
"Sayma","388170","Kheda","Nadiad","Gujarat"
"Selamba","393025","Narmada","Rajpipla","Gujarat"
"Serisa","382716","Mahesana","Mahesana","Gujarat"
"Sevalia R S","388245","Kheda","Nadiad","Gujarat"
"Sevni","394320","Surat","Surat","Gujarat"
"Sewasi","391101","Vadodara","Vadodara","Gujarat"
"Shahpur","380001","Ahmedabad","Ahmedabad","Gujarat"
"Shahpur Sorath","362205","Junagadh","Junagadh","Gujarat"
"Shamlaji","383355","Sabarkantha","Himatnagar","Gujarat"
"Sharadnagar","390009","Vadodara","Vadodara","Gujarat"
"Shardagram","362235","Junagadh","Junagadh","Gujarat"
"Shardanagar","380007","Ahmedabad","Ahmedabad","Gujarat"
"Shastrinagar","380013","Ahmedabad","Ahmedabad","Gujarat"
"Shedubhar","364432","Amreli","Amreli","Gujarat"
"Shehera","389210","Panchmahal","Godhara","Gujarat"
"Shekh Pipalia","364436","Amreli","Amreli","Gujarat"
"Sherbaug","362255","Junagadh","Junagadh","Gujarat"
"Shergadh","362249","Junagadh","Junagadh","Gujarat"
"Shil","362240","Junagadh","Junagadh","Gujarat"
"Shili","388213","Anand","Anand","Gujarat"
"Shivarajgadh","360335","Rajkot","Rajkot","Gujarat"
"Shivrajpur Mines","389370","Panchmahal","Godhara","Gujarat"
"Shiyani","363427","Surendranagar","Surendranagar","Gujarat"
"Shri Amirgadh","385130","Banaskantha","Palanpur","Gujarat"
"Shri Sardanagar","363636","Rajkot","Rajkot","Gujarat"
"Shrinagar","383430","Sabarkantha","Himatnagar","Gujarat"
"Shroff Bazar","389001","Panchmahal","Godhara","Gujarat"
"Shukaltirth","392030","Bharuch","Bharuch","Gujarat"
"Sidhpur","384151","Mahesana","Sidhpur","Gujarat"
"Sidhraj Road","384265","Mahesana","Mahesana","Gujarat"
"Sihi","384176","Mahesana","Mahesana","Gujarat"
"Sihor","364240","Bhavnagar","Sihor","Gujarat"
"Sihori","385550","Banaskantha","Palanpur","Gujarat"
"Silvassa","396230","Valsad","Valsad","Gujarat"
"Simar","362551","Junagadh","Junagadh","Gujarat"
"Simarda","388485","Kheda","Nadiad","Gujarat"
"Sindhaj","362715","Junagadh","Junagadh","Gujarat"
"Sindhi Ambawadi","382475","Ahmedabad","Ahmedabad","Gujarat"
"Sindhi Colony","382475","Ahmedabad","Ahmedabad","Gujarat"
"Sindhvai","392001","Bharuch","Bharuch","Gujarat"
"Sinhuj","387430","Kheda","Nadiad","Gujarat"
"Sinor","391115","Vadodara","Vadodara","Gujarat"
"Sipor","384335","Mahesana","Mahesana","Gujarat"
"Sisodra","391116","Vadodara","Vadodara","Gujarat"
"Sisodra Navsari","396463","Navsari","Navsari ","Gujarat"
"Snjan","396150","Valsad","Valsad","Gujarat"
"Society Area","382721","Mahesana","Mahesana","Gujarat"
"Society Area","383315","Sabarkantha","Himatnagar","Gujarat"
"Sodhana","360595","Jamnagar","Jamnagar","Gujarat"
"Sodpur","387331","Kheda","Nadiad","Gujarat"
"Sojitra","387240","Kheda","Nadiad","Gujarat"
"Sokhada","391745","Vadodara","Vadodara","Gujarat"
"Solsumba","396165","Valsad","Valsad","Gujarat"
"Sonaria Block","380021","Ahmedabad","Ahmedabad","Gujarat"
"Sonasan","383210","Sabarkantha","Himatnagar","Gujarat"
"Songadh","364250","Bhavnagar","Songadh","Gujarat"
"Sonifalia","394150","Surat","Surat","Gujarat"
"Sorathiawadi","360002","Rajkot","Rajkot","Gujarat"
"Southern Township","391320","Vadodara","Vadodara","Gujarat"
"Srp Group Area","387001","Kheda","Nadiad","Gujarat"
"Stadium Marg","380013","Ahmedabad","Ahmedabad","Gujarat"
"Station Plot","362630","Junagadh","Junagadh","Gujarat"
"Station Road","364440","Amreli","Amreli","Gujarat"
"Station Road","364601","Amreli","Amreli","Gujarat"
"Station Road","364640","Amreli","Amreli","Gujarat"
"Station Road","393145","Bharuch","Bharuch","Gujarat"
"Station Road","364270","Bhavnagar","Bhavnagar","Gujarat"
"Station Road","361001","Jamnagar","Jamnagar","Gujarat"
"Station Road","362001","Junagadh","Junagadh","Gujarat"
"Station Road","387001","Kheda","Nadiad","Gujarat"
"Station Road","384315","Mahesana","Mahesana","Gujarat"
"Station Road","360410","Rajkot","Rajkot","Gujarat"
"Station Road","383001","Sabarkantha","Himatnagar","Gujarat"
"Station Road","383205","Sabarkantha","Himatnagar","Gujarat"
"Station Road","383235","Sabarkantha","Himatnagar","Gujarat"
"Station Road","363001","Surendranagar","Surendranagar","Gujarat"
"Sub Foreign","380001","Ahmedabad","Ahmedabad","Gujarat"
"Subhanpura","390007","Vadodara","Vadodara","Gujarat"
"Subhas Market","361001","Jamnagar","Jamnagar","Gujarat"
"Subhas Road","362620","Junagadh","Junagadh","Gujarat"
"Subir","394716","The Dangs","The Dangs","Gujarat"
"Sudamada","363440","Surendranagar","Surendranagar","Gujarat"
"Sudasana","384340","Mahesana","Mahesana","Gujarat"
"Sugar Factory","394601","Surat","Surat","Gujarat"
"Sukhpar","370040","Kuchchh","Bhuj","Gujarat"
"Sukhrampura Ahmedabad","380023","Ahmedabad","Ahmedabad","Gujarat"
"Sukhsar","389190","Panchmahal","Godhara","Gujarat"
"Sultanpur","364470","Amreli","Amreli","Gujarat"
"Sumrasar","370006","Kuchchh","Bhuj","Gujarat"
"Sunav","388470","Anand","Anand","Gujarat"
"Sundalpura","388212","Anand","Anand","Gujarat"
"Sundarna","388480","Kheda","Nadiad","Gujarat"
"Sundarpur","382862","Mahesana","Mahesana","Gujarat"
"Sundhia","384345","Mahesana","Mahesana","Gujarat"
"Sunsar","384227","Mahesana","Mahesana","Gujarat"
"Supedi","360440","Rajkot","Rajkot","Gujarat"
"Super Market","392001","Bharuch","Bharuch","Gujarat"
"Suraj","382717","Mahesana","Mahesana","Gujarat"
"Suraj Karadi","361347","Jamnagar","Jamnagar","Gujarat"
"Surat","395003","Surat","Surat","Gujarat"
"Surat A K Road","395008","Surat","Surat","Gujarat"
"Surat Katargam","395004","Surat","Surat","Gujarat"
"Surat Nanpura","395001","Surat","Surat","Gujarat"
"Surat Navyug College","395009","Surat","Surat","Gujarat"
"Surat Rander","395005","Surat","Surat","Gujarat"
"Surat S V R College","395007","Surat","Surat","Gujarat"
"Surat Sagrampura","395001","Surat","Surat","Gujarat"
"Surat Textiles Market","395002","Surat","Surat","Gujarat"
"Surat Varachha Road","395006","Surat","Surat","Gujarat"
"Sureli Vejalpur","389347","Panchmahal","Godhara","Gujarat"
"Surendra Nagar Stn Road","363002","Surendranagar","Surendranagar","Gujarat"
"Surendranagar","363001","Surendranagar","Surendranagar","Gujarat"
"Surgam","385570","Banaskantha","Palanpur","Gujarat"
"Sutrapada","362275","Junagadh","Junagadh","Gujarat"
"T P S","388239","Kheda","Nadiad","Gujarat"
"Tadkeshwar","394170","Surat","Surat","Gujarat"
"Takatuka","383246","Sabarkantha","Himatnagar","Gujarat"
"Takhatgadh","383215","Sabarkantha","Himatnagar","Gujarat"
"Talaja","364140","Bhavnagar","Talaja","Gujarat"
"Talala","362150","Junagadh","Junagadh","Gujarat"
"Talavgate Road","384001","Mahesana","Mahesana","Gujarat"
"Talgajarda","364293","Bhavnagar","Bhavnagar","Gujarat"
"Talod","383215","Sabarkantha","Talod","Gujarat"
"Tana","364260","Bhavnagar","Bhavnagar","Gujarat"
"Tanakhala","391151","Vadodara","Vadodara","Gujarat"
"Tankan","392040","Bharuch","Bharuch","Gujarat"
"Tankara","363650","Rajkot","Rajkot","Gujarat"
"Tankaria","392240","Bharuch","Bharuch","Gujarat"
"Tansa","364120","Bhavnagar","Bhavnagar","Gujarat"
"Tarabh","384312","Mahesana","Mahesana","Gujarat"
"Taranga Hill R S","384350","Mahesana","Mahesana","Gujarat"
"Tarapur","388180","Anand","Anand","Gujarat"
"Tarota Bazar R S","396445","Valsad","Valsad","Gujarat"
"Tarsadi","394120","Surat","Surat","Gujarat"
"Tavdipura","380004","Ahmedabad","Ahmedabad","Gujarat"
"Tavra","392013","Bharuch","Bharuch","Gujarat"
"Tejgadh","391156","Vadodara","Vadodara","Gujarat"
"Tera","370660","Kuchchh","Bhuj","Gujarat"
"Tervada","385325","Banaskantha","Palanpur","Gujarat"
"Thakkar Bapanagar","382350","Ahmedabad","Ahmedabad","Gujarat"
"Thaliya","364145","Bhavnagar","Bhavnagar","Gujarat"
"Tham","392163","Bharuch","Bharuch","Gujarat"
"Thamna","388215","Anand","Anand","Gujarat"
"Thana Pipli","362216","Junagadh","Junagadh","Gujarat"
"Thangadh","363530","Surendranagar","Thangadh","Gujarat"
"Thara","385555","Banaskantha","Palanpur","Gujarat"
"Tharad","385565","Banaskantha","Tharad","Gujarat"
"Thasra","388250","Kheda","Nadiad","Gujarat"
"Thol","382728","Mahesana","Mahesana","Gujarat"
"Three Gate","384265","Mahesana","Mahesana","Gujarat"
"Thuvavi","391107","Vadodara","Vadodara","Gujarat"
"Tikar Rana","363333","Surendranagar","Surendranagar","Gujarat"
"Tilakwada","391120","Narmada","Rajpipla","Gujarat"
"Timba","388711","Panchmahal","Godhara","Gujarat"
"Timba Road","388710","Panchmahal","Godhara","Gujarat"
"Timbavadi","362015","Junagadh","Junagadh","Gujarat"
"Timbi","362730","Junagadh","Junagadh","Gujarat"
"Tintodan","382868","Mahesana","Mahesana","Gujarat"
"Tintoi","383250","Sabarkantha","Himatnagar","Gujarat"
"Tiskari","396025","Valsad","Valsad","Gujarat"
"Tithal","396006","Valsad","Valsad","Gujarat"
"Tori","364481","Amreli","Amreli","Gujarat"
"Torna","387365","Kheda","Nadiad","Gujarat"
"Tower Road","364601","Amreli","Amreli","Gujarat"
"Tower Road","388250","Kheda","Nadiad","Gujarat"
"Town","364710","Bhavnagar","Bhavnagar","Gujarat"
"Town","361335","Jamnagar","Jamnagar","Gujarat"
"Town","388001","Kheda","Nadiad","Gujarat"
"Town","388225","Kheda","Nadiad","Gujarat"
"Town","388255","Kheda","Nadiad","Gujarat"
"Township","391345","Vadodara","Vadodara","Gujarat"
"Traj","387531","Kheda","Nadiad","Gujarat"
"Tran Darwaja","388620","Kheda","Nadiad","Gujarat"
"Trapaj","364150","Bhavnagar","Bhavnagar","Gujarat"
"Tundav","384165","Mahesana","Mahesana","Gujarat"
"Tundav Savli","391775","Vadodara","Vadodara","Gujarat"
"Turkha","364714","Bhavnagar","Bhavnagar","Gujarat"
"Uber","392153","Bharuch","Bharuch","Gujarat"
"Uchhal","394375","Surat","Surat","Gujarat"
"Udayanagar","370203","Kuchchh","Bhuj","Gujarat"
"Udhna","394210","Surat","Surat","Gujarat"
"Udhnagam","394210","Surat","Surat","Gujarat"
"Udvada","396180","Valsad","Valsad","Gujarat"
"Udvada R S","396185","Valsad","Valsad","Gujarat"
"Udyognagar","360002","Rajkot","Rajkot","Gujarat"
"Udyognagar","363001","Surendranagar","Surendranagar","Gujarat"
"Udyognagar","396445","Valsad","Valsad","Gujarat"
"Ugamedi","364765","Bhavnagar","Bhavnagar","Gujarat"
"Ugat","396469","Navsari","Navsari ","Gujarat"
"Ujedia","382316","Ahmedabad","Ahmedabad","Gujarat"
"Ukaidam","394680","Surat","Surat","Gujarat"
"Umalla","393120","Bharuch","Bharuch","Gujarat"
"Umargam","396170","Valsad","Valsad","Gujarat"
"Umargam I E","396171","Valsad","Valsad","Gujarat"
"Umarpada","394445","Surat","Surat","Gujarat"
"Umarsadi","396175","Valsad","Valsad","Gujarat"
"Umbari","385551","Banaskantha","Palanpur","Gujarat"
"Umbhel","394325","Surat","Surat","Gujarat"
"Umedgadh","383230","Sabarkantha","Himatnagar","Gujarat"
"Umeta","388515","Anand","Anand","Gujarat"
"Umiyamataji","384170","Mahesana","Mahesana","Gujarat"
"Umra","394243","Surat","Surat","Gujarat"
"Umrala","364330","Bhavnagar","Bhavnagar","Gujarat"
"Umreth","388220","Kheda","Umreth","Gujarat"
"Umta","384320","Mahesana","Mahesana","Gujarat"
"Un","385560","Banaskantha","Un","Gujarat"
"Una Sorath","362560","Junagadh","Junagadh","Gujarat"
"Unai","396590","Navsari","Navsari ","Gujarat"
"Unava","384160","Mahesana","Mahesana","Gujarat"
"Unava Balva","382650","Gandhi Nagar","Gandhinagar","Gujarat"
"Unchamala","394364","Surat","Surat","Gujarat"
"Undel","388640","Anand","Anand","Gujarat"
"University Campus","360005","Rajkot","Rajkot","Gujarat"
"Unjha","384170","Mahesana","Unjha","Gujarat"
"Untdi","396385","Valsad","Valsad","Gujarat"
"Upera","384177","Mahesana","Mahesana","Gujarat"
"Upleta","360490","Rajkot","Upleta","Gujarat"
"Utran P H C","394105","Surat","Surat","Gujarat"
"Uttarsanda","387370","Kheda","Nadiad","Gujarat"
"Uvarsad","382422","Gandhi Nagar","Gandhinagar","Gujarat"
"V T College","388001","Kheda","Nadiad","Gujarat"
"V V Nagar","388120","Kheda","Nadiad","Gujarat"
"Vad","396042","Navsari","Navsari ","Gujarat"
"Vada","385590","Banaskantha","Palanpur","Gujarat"
"Vadach","391817","Bharuch","Bharuch","Gujarat"
"Vadadla","388435","Kheda","Nadiad","Gujarat"
"Vadagam Sk","383307","Sabarkantha","Himatnagar","Gujarat"
"Vadaj Ahmedabad","380013","Ahmedabad","Ahmedabad","Gujarat"
"Vadal","362310","Junagadh","Junagadh","Gujarat"
"Vadali","383235","Sabarkantha","Himatnagar","Gujarat"
"Vadasan","382833","Mahesana","Mahesana","Gujarat"
"Vadasinor","388255","Kheda","Nadiad","Gujarat"
"Vadasma","382708","Mahesana","Mahesana","Gujarat"
"Vadavli","384221","Mahesana","Mahesana","Gujarat"
"Vaddla Rana","360572","Junagadh","Junagadh","Gujarat"
"Vaddla Vadasinor","388258","Kheda","Nadiad","Gujarat"
"Vadgam","385410","Banaskantha","Palanpur","Gujarat"
"Vadia","364480","Amreli","Vadia","Gujarat"
"Vadia Colony","393145","Bharuch","Bharuch","Gujarat"
"Vadinar","361010","Jamnagar","Jamnagar","Gujarat"
"Vadipura","363001","Surendranagar","Surendranagar","Gujarat"
"Vadnagar Kodinar","362727","Junagadh","Junagadh","Gujarat"
"Vadod","388370","Anand","Anand","Gujarat"
"Vadodara","390001","Vadodara","Vadodara","Gujarat"
"Vadodara","390001","Vadodara","Vadodara","Gujarat"
"Vadodara Ajwa Road","390019","Vadodara","Vadodara","Gujarat"
"Vadodara Atlardra","390012","Vadodara","Vadodara","Gujarat"
"Vadodara Chemical Industr","390003","Vadodara","Vadodara","Gujarat"
"Vadodara Dodia","362256","Junagadh","Junagadh","Gujarat"
"Vadodara E M E School","390008","Vadodara","Vadodara","Gujarat"
"Vadodara Fetepura","390006","Vadodara","Vadodara","Gujarat"
"Vadodara Ind Estate","390016","Vadodara","Vadodara","Gujarat"
"Vadodara Kareli Bag","390018","Vadodara","Vadodara","Gujarat"
"Vadodara Makarpura","390014","Vadodara","Vadodara","Gujarat"
"Vadodara Makarpura I E","390010","Vadodara","Vadodara","Gujarat"
"Vadodara Maneja","390013","Vadodara","Vadodara","Gujarat"
"Vadodara Manjalpur","390011","Vadodara","Vadodara","Gujarat"
"Vadodara O N G C Colony","390009","Vadodara","Vadodara","Gujarat"
"Vadodara Pratapnagar","390004","Vadodara","Vadodara","Gujarat"
"Vadodara Race Course","390007","Vadodara","Vadodara","Gujarat"
"Vadodara Sayajiganj","390005","Vadodara","Vadodara","Gujarat"
"Vadodara Vidyutnagar Colo","390015","Vadodara","Vadodara","Gujarat"
"Vadodara Wadi","390017","Vadodara","Vadodara","Gujarat"
"Vadodari Bhaghol","391110","Vadodara","Vadodara","Gujarat"
"Vadtal","387375","Kheda","Nadiad","Gujarat"
"Vadu","391460","Vadodara","Vadodara","Gujarat"
"Vadu Mahesana","382709","Mahesana","Mahesana","Gujarat"
"Vaghania","364456","Amreli","Amreli","Gujarat"
"Vaghnagar","364297","Bhavnagar","Bhavnagar","Gujarat"
"Vaghodia Road","390019","Vadodara","Vadodara","Gujarat"
"Vagholia","391760","Vadodara","Vadodara","Gujarat"
"Vagnagar Bazar","384355","Mahesana","Mahesana","Gujarat"
"Vagra","392140","Bharuch","Bharuch","Gujarat"
"Vaheval","394242","Surat","Surat","Gujarat"
"Vaktapur","383010","Sabarkantha","Himatnagar","Gujarat"
"Valad","382360","Ahmedabad","Ahmedabad","Gujarat"
"Valam","384310","Mahesana","Mahesana","Gujarat"
"Valan","362722","Junagadh","Junagadh","Gujarat"
"Valan","392310","Vadodara","Vadodara","Gujarat"
"Valasan","388226","Kheda","Nadiad","Gujarat"
"Valia","393135","Bharuch","Bharuch","Gujarat"
"Vallabhipur","364310","Bhavnagar","Bhavnagar","Gujarat"
"Valod","394640","Surat","Surat","Gujarat"
"Valsad","396001","Valsad","Valsad","Gujarat"
"Valsad I E","396035","Valsad","Valsad","Gujarat"
"Valsad Sugar Factory","396007","Valsad","Valsad","Gujarat"
"Valsura","361150","Jamnagar","Jamnagar","Gujarat"
"Valukad G","364021","Bhavnagar","Bhavnagar","Gujarat"
"Valukad S","364251","Bhavnagar","Bhavnagar","Gujarat"
"Vamaj","382734","Mahesana","Mahesana","Gujarat"
"Vana","363110","Surendranagar","Surendranagar","Gujarat"
"Vanakbara","362570","Junagadh","Junagadh","Gujarat"
"Vanda","364525","Bhavnagar","Bhavnagar","Gujarat"
"Vankal","394430","Navsari","Navsari ","Gujarat"
"Vankaner Bardoli","394620","Surat","Surat","Gujarat"
"Vankia","364615","Amreli","Amreli","Gujarat"
"Vanod","382770","Surendranagar","Surendranagar","Gujarat"
"Vansada","396580","Valsad","Valsad","Gujarat"
"Vansjalia","360531","Jamnagar","Jamnagar","Gujarat"
"Vansol","387515","Kheda","Nadiad","Gujarat"
"Vansola","396580","Valsad","Valsad","Gujarat"
"Vantda Bayad","383326","Sabarkantha","Himatnagar","Gujarat"
"Vanthali Sorath","362610","Junagadh","Junagadh","Gujarat"
"Vanthvali","387435","Kheda","Nadiad","Gujarat"
"Vapi","396191","Valsad","Vapi","Gujarat"
"Vapi I E","396195","Valsad","Valsad","Gujarat"
"Varad","394355","Surat","Surat","Gujarat"
"Varahi","385360","Banaskantha","Palanpur","Gujarat"
"Varal","364261","Bhavnagar","Bhavnagar","Gujarat"
"Vardhari","388270","Panchmahal","Godhara","Gujarat"
"Variav","394520","Surat","Surat","Gujarat"
"Variavi Bhaghol","395003","Surat","Surat","Gujarat"
"Varkund","396217","Valsad","Valsad","Gujarat"
"Varnama","391242","Vadodara","Vadodara","Gujarat"
"Vartej","364060","Bhavnagar","Vartej","Gujarat"
"Vasad","388306","Anand","Anand","Gujarat"
"Vasai","383450","Sabarkantha","Himatnagar","Gujarat"
"Vasai Dabhla","382865","Mahesana","Mahesana","Gujarat"
"Vasavad","364490","Amreli","Amreli","Gujarat"
"Vasisthanagar Ahmedabad","380050","Ahmedabad","Ahmedabad","Gujarat"
"Vasitalav","364290","Bhavnagar","Bhavnagar","Gujarat"
"Vaso","387380","Kheda","Nadiad","Gujarat"
"Vastadevdi","395008","Surat","Surat","Gujarat"
"Vastral","382418","Ahmedabad","Vastral","Gujarat"
"Vastrel","382418","Ahmedabad","Ahmedabad","Gujarat"
"Vatadra","388585","Anand","Anand","Gujarat"
"Vatva","382440","Ahmedabad","Ahmedabad","Gujarat"
"Vatva I E","382445","Ahmedabad","Ahmedabad","Gujarat"
"Vatva Jasodanagar","382445","Ahmedabad","Ahmedabad","Gujarat"
"Vav","385575","Navsari","Navsari ","Gujarat"
"Vav Kathodra","394326","Surat","Surat","Gujarat"
"Vavania","363668","Jamnagar","Jamnagar","Gujarat"
"Vavdimoti","364276","Bhavnagar","Bhavnagar","Gujarat"
"Vavera","364570","Amreli","Amreli","Gujarat"
"Veda Paliad","382731","Mahesana","Mahesana","Gujarat"
"Veda Pilwai","382851","Mahesana","Mahesana","Gujarat"
"Vedachha","396472","Valsad","Valsad","Gujarat"
"Vedachhi","394641","Surat","Surat","Gujarat"
"Vedancha","385521","Banaskantha","Palanpur","Gujarat"
"Vejalpur","389340","Panchmahal","Vejalpur","Gujarat"
"Vejpur","391535","Vadodara","Vadodara","Gujarat"
"Velachha","394405","Surat","Surat","Gujarat"
"Velan","362722","Junagadh","Junagadh","Gujarat"
"Velavadar","364506","Bhavnagar","Bhavnagar","Gujarat"
"Verabar","383434","Sabarkantha","Himatnagar","Gujarat"
"Verable Rayon Factory","362266","Junagadh","Junagadh","Gujarat"
"Verad","360515","Jamnagar","Jamnagar","Gujarat"
"Veraval","362265","Junagadh","Veraval","Gujarat"
"Veraval Bhidiya Plot","362267","Junagadh","Junagadh","Gujarat"
"Veraval Udyognagar","362260","Junagadh","Junagadh","Gujarat"
"Vesma","396475","Navsari","Navsari ","Gujarat"
"Vihar","382832","Mahesana","Mahesana","Gujarat"
"Vijapur","382870","Mahesana","Vijapur","Gujarat"
"Vijaynagar","383460","Sabarkantha","Himatnagar","Gujarat"
"Vijpadi","364530","Bhavnagar","Bhavnagar","Gujarat"
"Vinchhia","360050","Rajkot","Rajkot","Gujarat"
"Viramgam","382150","Ahmedabad","Viramgam","Gujarat"
"Viramgam Choksi Bazar","382150","Ahmedabad","Ahmedabad","Gujarat"
"Virampur","385012","Banaskantha","Palanpur","Gujarat"
"Virani","370665","Kuchchh","Bhuj","Gujarat"
"Virnagar","360060","Rajkot","Rajkot","Gujarat"
"Virochannagar","382170","Ahmedabad","Ahmedabad","Gujarat"
"Virpur","360380","Rajkot","Rajkot","Gujarat"
"Virsad","388580","Anand","Anand","Gujarat"
"Visavadar","362130","Junagadh","Visavadar","Gujarat"
"Visnagar","384315","Mahesana","Visnagar","Gujarat"
"Vithal Udyognagar","388121","Kheda","Nadiad","Gujarat"
"Vithon","370675","Kuchchh","Bhuj","Gujarat"
"Viveknandnagar","360002","Rajkot","Rajkot","Gujarat"
"Vora Bazar","364001","Bhavnagar","Bhavnagar","Gujarat"
"Vorvad","389001","Panchmahal","Godhara","Gujarat"
"Vorwad","389230","Panchmahal","Godhara","Gujarat"
"Vyara","394650","Surat","Vyara","Gujarat"
"Vyasda","389346","Panchmahal","Godhara","Gujarat"
"W C Colony","394680","Surat","Surat","Gujarat"
"Wadava","364001","Bhavnagar","Bhavnagar","Gujarat"
"Wadhwan City","363030","Surendranagar","Surendranagar","Gujarat"
"Wadwan City Ie","363035","Surendranagar","Surendranagar","Gujarat"
"Waghai","394730","The Dangs","The Dangs","Gujarat"
"Wagrod","384285","Mahesana","Mahesana","Gujarat"
"Wamaiya","384274","Mahesana","Mahesana","Gujarat"
"Wamaj","382734","Mahesana","Mahesana","Gujarat"
"Wanakbori","388236","Kheda","Nadiad","Gujarat"
"Wanghroli","388238","Kheda","Nadiad","Gujarat"
"Wankaner","363621","Rajkot","Wankaner","Gujarat"
"Wankaner Amarpura","363622","Rajkot","Rajkot","Gujarat"
"Zadeshwar","392011","Bharuch","Bharuch","Gujarat"
"Zampli Pole","384151","Mahesana","Mahesana","Gujarat"
"Zampu","362520","Junagadh","Junagadh","Gujarat"
"Zanda Bazar","388450","Kheda","Nadiad","Gujarat"
"Zankhavav","394440","Surat","Surat","Gujarat"
"Zaroli","396112","Valsad","Valsad","Gujarat"
"Zarpara","370406","Kuchchh","Bhuj","Gujarat"
"Zervavra","394245","Surat","Surat","Gujarat"
"Ziana","360023","Rajkot","Rajkot","Gujarat"
"Zinzuwada","382755","Surendranagar","Surendranagar","Gujarat"
"Abushahar","125107","Hissar","Hissar","Haryana"
"Achina","123307","Bhiwani","Bhiwani","Haryana"
"Adhoya","133205","Ambala","Ambala","Haryana"
"Agroha","125047","Hissar","Hissar","Haryana"
"Ahar","132146","Karnal","Karnal","Haryana"
"Ahulana","124308","Rohtak","Rohtak","Haryana"
"Air Force Gurgaon","122005","Gurgaon","Gurgaon","Haryana"
"Ajaib","124522","Rohtak","Rohtak","Haryana"
"Akbarpur Barota","131104","Sonepat","Sonepat","Haryana"
"Akheri Madanpur","123413","Mohindergarh","Narnaul","Haryana"
"Alewa","132111","Karnal","Karnal","Haryana"
"Amar Nagar","121003","Faridabad","Faridabad","Haryana"
"Ambala","133001","Ambala","Ambala","Haryana"
"Ambala A K Lines","133001","Ambala","Ambala","Haryana"
"Ambala Alexendra Road","133001","Ambala","Ambala","Haryana"
"Ambala B C Bazar","133001","Ambala","Ambala","Haryana"
"Ambala Cantt","133001","Ambala","Ambala","Haryana"
"Ambala Cantt","133004","Ambala","Ambala","Haryana"
"Ambala City","134002","Ambala","Ambala","Haryana"
"Ambala City","134003","Ambala","Ambala","Haryana"
"Ambala City Kuthchery","134002","Ambala","Ambala","Haryana"
"Ambala City Model Town","134003","Ambala","Ambala","Haryana"
"Ambala City Prem","134003","Ambala","Ambala","Haryana"
"Ambala City Session","134003","Ambala","Ambala","Haryana"
"Ambala Hargolal","133001","Ambala","Ambala","Haryana"
"Ambala I A F Lines","133001","Ambala","Ambala","Haryana"
"Ambala Kacha Bazar","133001","Ambala","Ambala","Haryana"
"Ambala Lal Kurti Bzr","133001","Ambala","Ambala","Haryana"
"Ambala Mahesh","133001","Ambala","Ambala","Haryana"
"Ambala P&T Colony","133001","Ambala","Ambala","Haryana"
"Ambala Punjabi","133001","Ambala","Ambala","Haryana"
"Ambala Sadar Bazar","133001","Ambala","Ambala","Haryana"
"Ambala Topkhana","133001","Ambala","Ambala","Haryana"
"Amin","132038","Karnal","Karnal","Haryana"
"Amritsar Khan","125203","Sirsa","Sirsa","Haryana"
"Anaj Mandi","125203","Sirsa","Sirsa","Haryana"
"Anaj Mandi Jind","124413","Rohtak","Rohtak","Haryana"
"Anwali","124413","Rohtak","Rohtak","Haryana"
"Arya Nagar Hissar","125012","Hissar","Hissar","Haryana"
"Arya Nagar Jhajar","124103","Jhajjar","Jhajjar","Haryana"
"Arya Nagar Jhajjar","124103","Rohtak","Rohtak","Haryana"
"Asan","124421","Rohtak","Rohtak","Haryana"
"Assandah","124505","Rohtak","Rohtak","Haryana"
"Assandh","132039","Karnal","Assandh","Haryana"
"Asthal Bohar","124021","Rohtak","Rohtak","Haryana"
"Atail","124521","Rohtak","Rohtak","Haryana"
"Atlas Cycles Sonepat","131001","Sonepat","Sonepat","Haryana"
"Aurangabad","121105","Faridabad","Faridabad","Haryana"
"Auto Industries","135001","Ambala","Ambala","Haryana"
"Aval","124411","Rohtak","Rohtak","Haryana"
"B C W Surajpur","133301","Ambala","Ambala","Haryana"
"Babail","132154","Karnal","Karnal","Haryana"
"Babyal","133005","Ambala","Ambala","Haryana"
"Badanpur","126151","Jind","Jind","Haryana"
"Badhra","123308","Bhiwani","Bhiwani","Haryana"
"Badli","124105","Rohtak","Rohtak","Haryana"
"Badopal","125048","Hissar","Hissar","Haryana"
"Badshahpur","122101","Gurgaon","Gurgaon","Haryana"
"Bahadurgar","124507","Rohtak","Rohtak","Haryana"
"Bahadurgarh","124507","Rohtak","Bahadurgarh","Haryana"
"Bahadurgarh","124507","Jhajjar","Bahadurgarh","Haryana"
"Bahadurgarh HO","124507","Jhajjar","Jhajjar","Haryana"
"Bahadurgarh Mandi","124507","Rohtak","Rohtak","Haryana"
"Bahadurgarh Mandi","124507","Jhajjar","Jhajjar","Haryana"
"Bahadurgrh","124507","Rohtak","Rohtak","Haryana"
"Bahalgarh","131021","Sonepat","Sonepat","Haryana"
"Bahlba","124120","Rohtak","Rohtak","Haryana"
"Bahore Kalan","123413","Mohindergarh","Narnaul","Haryana"
"Bahu","123305","Rewari","Rewari","Haryana"
"Bahu Akbarpur","124110","Rohtak","Rohtak","Haryana"
"Bahudin","125054","Sirsa","Sirsa","Haryana"
"Bainsi","124519","Rohtak","Rohtak","Haryana"
"Balabgarh","121004","Faridabad","Faridabad","Haryana"
"Baland","124029","Rohtak","Rohtak","Haryana"
"Baldev Nagar","134007","Ambala","Ambala","Haryana"
"Balerkha","126126","Jind","Jind","Haryana"
"Baliana","124416","Rohtak","Rohtak","Haryana"
"Ballabgarh","121004","Faridabad","Faridabad","Haryana"
"Ballah","132040","Karnal","Karnal","Haryana"
"Balu","126145","Jind","Jind","Haryana"
"Bamla","125061","Bhiwani","Bhiwani","Haryana"
"Bapora","125026","Bhiwani","Bhiwani","Haryana"
"Barabansi","131034","Sonepat","Sonepat","Haryana"
"Baragudah","125078","Sirsa","Sirsa","Haryana"
"Barahi","124525","Rohtak","Rohtak","Haryana"
"Barain","124518","Rohtak","Rohtak","Haryana"
"Barara","133201","Ambala","Ambala","Haryana"
"Barhana","124101","Rohtak","Rohtak","Haryana"
"Baroda","124304","Sonepat","Sonepat","Haryana"
"Baroda Jind","126124","Jind","Jind","Haryana"
"Barota","124311","Rohtak","Rohtak","Haryana"
"Barwa","125045","Bhiwani","Bhiwani","Haryana"
"Barwala","134118","Ambala","Barwala","Haryana"
"Barwala","126010","Hissar","Barwala","Haryana"
"Barwala Mandi","126011","Hissar","Hissar","Haryana"
"Basana","124028","Rohtak","Rohtak","Haryana"
"Bass","125042","Hissar","Hissar","Haryana"
"Bassi","125069","Hissar","Hissar","Haryana"
"Baund","123025","Bhiwani","Bhiwani","Haryana"
"Bawal","123501","Mohindergarh","Bawal","Haryana"
"Bawani Khera","125032","Bhiwani","Bawani Khera","Haryana"
"Bawania","123034","Mohindergarh","Narnaul","Haryana"
"Bazar Basti Ram","134002","Ambala","Ambala","Haryana"
"Beas Project","133301","Ambala","Ambala","Haryana"
"Bega","131105","Sonepat","Sonepat","Haryana"
"Behal","125028","Bhiwani","Bhiwani","Haryana"
"Beri","124201","Rohtak","Beri","Haryana"
"Beri","124201","Jhajjar","Jhajjar","Haryana"
"Bhabat","134110","Ambala","Ambala","Haryana"
"Bhadani","124137","Rohtak","Rohtak","Haryana"
"Bhadlan","124415","Sonepat","Sonepat","Haryana"
"Bhagan","131033","Sonepat","Sonepat","Haryana"
"Bhagwatipur","124002","Rohtak","Rohtak","Haryana"
"Bhainswal Kalan","124409","Sonepat","Sonepat","Haryana"
"Bhalaut","124401","Rohtak","Rohtak","Haryana"
"Bhambeva","126146","Jind","Jind","Haryana"
"Bhanana","125062","Sirsa","Sirsa","Haryana"
"Bhani Chanderpal","124123","Rohtak","Rohtak","Haryana"
"Bhani Surjan","124128","Rohtak","Rohtak","Haryana"
"Bhanyani","124420","Rohtak","Rohtak","Haryana"
"Bhaprauda","124503","Rohtak","Rohtak","Haryana"
"Bhatgaon","131022","Sonepat","Sonepat","Haryana"
"Bhatla","125070","Hissar","Hissar","Haryana"
"Bhattu Kalan","125053","Sirsa","Sirsa","Haryana"
"Bhidlan","131106","Sonepat","Sonepat","Haryana"
"Bhim Nagar Sonepat","131001","Sonepat","Sonepat","Haryana"
"Bhiwan Jain Chowk","125021","Bhiwani","Bhiwani","Haryana"
"Bhiwani","125021","Bhiwani","Bhiwani","Haryana"
"Bhiwani","125022","Bhiwani","Bhiwani","Haryana"
"Bhiwani Bus Stand","125021","Bhiwani","Bhiwani","Haryana"
"Bhiwani Halu Bazar","125021","Bhiwani","Bhiwani","Haryana"
"Bhiwani Lohar Bazar","125021","Bhiwani","Bhiwani","Haryana"
"Bholi Anandpur","124422","Rohtak","Rohtak","Haryana"
"Bhudsi","122102","Gurgaon","Gurgaon","Haryana"
"Bhuna","126008","Hissar","Hissar","Haryana"
"Bhupani","124526","Rohtak","Rohtak","Haryana"
"Bibipur","126103","Jind","Jind","Haryana"
"Bichpari","124310","Sonepat","Sonepat","Haryana"
"Bidhal Pinana","124410","Rohtak","Rohtak","Haryana"
"Bighar","125080","Hissar","Hissar","Haryana"
"Biholi","132140","Karnal","Karnal","Haryana"
"Bihta","133101","Ambala","Ambala","Haryana"
"Bilaspur","135102","Ambala","Bilaspur","Haryana"
"Bindhana","124325","Rohtak","Rohtak","Haryana"
"Birdhana","124122","Rohtak","Rohtak","Haryana"
"Birhi Kalan","123026","Bhiwani","Bhiwani","Haryana"
"Birla Colony","123026","Bhiwani","Bhiwani","Haryana"
"Birohar","124117","Rohtak","Rohtak","Haryana"
"Biron","125023","Bhiwani","Bhiwani","Haryana"
"Bithmara","126148","Jind","Jind","Haryana"
"Boh","133021","Ambala","Ambala","Haryana"
"Bohar","124023","Rohtak","Rohtak","Haryana"
"Buana Lakhu","132141","Karnal","Karnal","Haryana"
"Budha Khera","126147","Jind","Jind","Haryana"
"Buriya","135101","Ambala","Ambala","Haryana"
"Bursham","132139","Karnal","Karnal","Haryana"
"Bus Stand Rohtak","124001","Rohtak","Rohtak","Haryana"
"Butana","124302","Sonepat","Sonepat","Haryana"
"Byana","132130","Kurukshetra","Kurukshetra","Haryana"
"Chandi","124523","Rohtak","Rohtak","Haryana"
"Chandi Mandir","134107","Ambala","Ambala","Haryana"
"Chang","125027","Bhiwani","Bhiwani","Haryana"
"Chanot","125081","Hissar","Hissar","Haryana"
"Charkhi Dadri","123306","Bhiwani","Charkhi Dadri","Haryana"
"Charkhi Dadri City","123306","Bhiwani","Bhiwani","Haryana"
"Charkhi Dadri Factory","123306","Bhiwani","Bhiwani","Haryana"
"Chaura Kuam Jind","126102","Jind","Jind","Haryana"
"Chaushala","124527","Rohtak","Rohtak","Haryana"
"Chautala","125101","Sirsa","Sirsa","Haryana"
"Chawla Colony","121004","Faridabad","Faridabad","Haryana"
"Chhachhrauli","135103","Ambala","Chhachhrauli","Haryana"
"Chhachhrauli","135103","Yamunanagar","Chhachhrauli","Haryana"
"Chhara","124504","Rohtak","Rohtak","Haryana"
"Chhetera Bhadupur","131108","Sonepat","Sonepat","Haryana"
"Chika","132034","Kurukshetra","Kurukshetra","Haryana"
"Chimni","124136","Rohtak","Rohtak","Haryana"
"Chirana","124427","Rohtak","Rohtak","Haryana"
"Chiri","124524","Rohtak","Rohtak","Haryana"
"Chirya","123022","Mohindergarh","Narnaul","Haryana"
"Chuliana","124527","Rohtak","Rohtak","Haryana"
"Chulkana","132109","Panipat","Panipat","Haryana"
"Chulkana","131115","Sonepat","Sonepat","Haryana"
"Civil Lines","134002","Ambala","Ambala","Haryana"
"Commissioner Court","133001","Ambala","Ambala","Haryana"
"Crpf Punjore","134104","Ambala","Ambala","Haryana"
"D A V College","134002","Ambala","Ambala","Haryana"
"D L F Colony Rohtak","124001","Rohtak","Rohtak","Haryana"
"Dablain","126127","Jind","Jind","Haryana"
"Dadupur","135104","Ambala","Ambala","Haryana"
"Dahar","132142","Karnal","Karnal","Haryana"
"Dahina","123411","Rewari","Rewari","Haryana"
"Danoda","126153","Jind","Jind","Haryana"
"Datauli","131109","Sonepat","Sonepat","Haryana"
"Daula","132134","Kurukshetra","Kurukshetra","Haryana"
"Daulatabad","122109","Gurgaon","Gurgaon","Haryana"
"Daulatabad","123507","Gurgaon","Gurgaon","Haryana"
"Daulatpur","126006","Hissar","Hissar","Haryana"
"Daura Raja","124135","Rohtak","Rohtak","Haryana"
"Deorad","126104","Jind","Jind","Haryana"
"Deorala","125036","Bhiwani","Bhiwani","Haryana"
"Devsar","125025","Bhiwani","Bhiwani","Haryana"
"Dhakal","126128","Jind","Jind","Haryana"
"Dhakala","124109","Rohtak","Rohtak","Haryana"
"Dhamar","124424","Rohtak","Rohtak","Haryana"
"Dhamta Sahib","126118","Jind","Jind","Haryana"
"Dhana Kalan","125071","Bhiwani","Bhiwani","Haryana"
"Dhanana","125062","Sirsa","Sirsa","Haryana"
"Dhand","132020","Kaithal","Kaithal","Haryana"
"Dhani","125063","Bhiwani","Bhiwani","Haryana"
"Dhanoda Kalan","126152","Jind","Jind","Haryana"
"Dharan","123412","Mohindergarh","Narnaul","Haryana"
"Dharaudhi","126154","Jind","Jind","Haryana"
"Dharsul Kalan","125106","Sirsa","Sirsa","Haryana"
"Dharuhera","122106","Gurgaon","Dharuhera","Haryana"
"Dhatrat","132112","Karnal","Karnal","Haryana"
"Dhigana","126143","Jind","Jind","Haryana"
"Dhigwan Jatan","125064","Bhiwani","Bhiwani","Haryana"
"Dhin","133202","Ambala","Ambala","Haryana"
"Didwara","126129","Jind","Jind","Haryana"
"Dighal","124107","Rohtak","Rohtak","Haryana"
"Dikadia","132143","Karnal","Karnal","Haryana"
"Ding","125058","Sirsa","Sirsa","Haryana"
"Dinod","125024","Bhiwani","Bhiwani","Haryana"
"Dobaldhan","124202","Rohtak","Rohtak","Haryana"
"Dobh","124418","Rohtak","Rohtak","Haryana"
"Dujana","124102","Rohtak","Rohtak","Haryana"
"Dulat","125012","Hissar","Hissar","Haryana"
"Dulhera","124528","Rohtak","Rohtak","Haryana"
"Dundahera","122016","Gurgaon","Gurgaon","Haryana"
"Durga Bhawan Rohtk","124001","Rohtak","Rohtak","Haryana"
"Ellenabad","125102","Sirsa","Ellenabad","Haryana"
"Engg College Kurukshetra","132118","Kurukshetra","Kurukshetra","Haryana"
"Escort Nagar","124528","Rohtak","Rohtak","Haryana"
"Faridabad","121001","Faridabad","Faridabad","Haryana"
"Faridabad","121002","Faridabad","Faridabad","Haryana"
"Faridabad","121007","Faridabad","Faridabad","Haryana"
"Faridabad City","121001","Faridabad","Faridabad","Haryana"
"Faridabad Factory Area","121001","Faridabad","Faridabad","Haryana"
"Faridabad G B S","121001","Faridabad","Faridabad","Haryana"
"Faridabad Industrial Area","121001","Faridabad","Faridabad","Haryana"
"Faridabad N I T","121001","Faridabad","Faridabad","Haryana"
"Faridabad Neighbour Hood","121001","Faridabad","Faridabad","Haryana"
"Faridabad Railway Road","121001","Faridabad","Faridabad","Haryana"
"Faridabad Sector 15","121001","Faridabad","Faridabad","Haryana"
"Faridabad Sector 16","121001","Faridabad","Faridabad","Haryana"
"Faridabad Sector 22","121005","Faridabad","Faridabad","Haryana"
"Faridabad Sector 7","121006","Faridabad","Faridabad","Haryana"
"Farmana","124520","Rohtak","Rohtak","Haryana"
"Farmana","124408","Sonepat","Sonepat","Haryana"
"Farrukh Nagar","123506","Mohindergarh","Narnaul","Haryana"
"Fatehabad","125050","Sirsa","Fatehabad","Haryana"
"Fatehbad","125050","Fatehabad","Fatehbad","Haryana"
"Fatehbad Kutchery","125050","Sirsa","Sirsa","Haryana"
"Fatehbad Kutchery","125050","Fatehabad","Fatehbad","Haryana"
"Fatehpur","132026","Kaithal","Kaithal","Haryana"
"Fatehpur","132042","Kaithal","Kaithal","Haryana"
"Fatehpur","132042","Kurukshetra","Kurukshetra","Haryana"
"Ferozepur Gandhi Nagar","121001","Faridabad","Faridabad","Haryana"
"Ferozepur Jhirka","122104","Gurgaon","Ferozepur Jhirka","Haryana"
"G K Singhpur","124004","Rohtak","Rohtak","Haryana"
"G T Faridabad Mathura Road","121001","Faridabad","Faridabad","Haryana"
"Ganaur","131101","Sonepat","Ganaur","Haryana"
"Ganaur City","131101","Sonepat","Sonepat","Haryana"
"Gandhi Camp Rohtak","124001","Rohtak","Rohtak","Haryana"
"Gandhra","124529","Sonepat","Sonepat","Haryana"
"Gangana","124315","Rohtak","Rohtak","Haryana"
"Gangooli","126130","Jind","Jind","Haryana"
"Ganj Bazar Sonepat","131001","Sonepat","Sonepat","Haryana"
"Garhi Harsaru","123505","Mohindergarh","Narnaul","Haryana"
"Garhwal","124316","Rohtak","Rohtak","Haryana"
"Garhwali","126131","Jind","Jind","Haryana"
"Gharaunda","132111","Karnal","Gharaunda","Haryana"
"Gharauthi","124030","Rohtak","Rohtak","Haryana"
"Ghasauli","131110","Sonepat","Sonepat","Haryana"
"Ghatauli","126132","Jind","Jind","Haryana"
"Gheer","132050","Panipat","Panipat","Haryana"
"Ghiar","132123","Kaithal","Kaithal","Haryana"
"Glwana","124317","Rohtak","Rohtak","Haryana"
"Gochhi","124118","Rohtak","Rohtak","Haryana"
"Gohana","124301","Sonepat","Gohana","Haryana"
"Gohana Road Sonepat","131001","Sonepat","Sonepat","Haryana"
"Gokal Bazar Rewari","123401","Mohindergarh","Narnaul","Haryana"
"Gonder","132052","Panipat","Panipat","Haryana"
"Gondhar","132058","Panipat","Panipat","Haryana"
"Gopalpur","131113","Sonepat","Sonepat","Haryana"
"Gorawar","124516","Rohtak","Rohtak","Haryana"
"Goriwala","125103","Sirsa","Sirsa","Haryana"
"Guhla","132035","Kurukshetra","Kurukshetra","Haryana"
"Gula","132035","Kaithal","Kaithal","Haryana"
"Gurgaon","122001","Gurgaon","Gurgaon","Haryana"
"Gurgaon Kutchery","122001","Gurgaon","Gurgaon","Haryana"
"Gurgaon Palampur Road","122015","Gurgaon","Gurgaon","Haryana"
"Guriani","123301","Bhiwani","Bhiwani","Haryana"
"Habri","132138","Kaithal","Kaithal","Haryana"
"Habri","132138","Karnal","Karnal","Haryana"
"Haily Mandi","123504","Mohindergarh","Narnaul","Haryana"
"Hamayunpur","124423","Rohtak","Rohtak","Haryana"
"Hansi","125033","Hissar","Hansi","Haryana"
"Haroli","125079","Hissar","Hissar","Haryana"
"Harsana Kalan","131035","Sonepat","Sonepat","Haryana"
"Hassangarh","126027","Hissar","Hissar","Haryana"
"Hassangarh","124404","Rohtak","Rohtak","Haryana"
"Hassanpur","121107","Faridabad","Hassanpur","Haryana"
"Hat","126141","Jind","Jind","Haryana"
"Hathin","121103","Faridabad","Hathin","Haryana"
"Hathwala","132115","Karnal","Karnal","Haryana"
"Hazarawan Kalan","125108","Hissar","Hissar","Haryana"
"Hissar","125001","Hissar","Hissar","Haryana"
"Hissar Agricultural Unive","125004","Hissar","Hissar","Haryana"
"Hissar B S F","125011","Hissar","Hissar","Haryana"
"Hissar City","125001","Hissar","Hissar","Haryana"
"Hissar Kutchery","125001","Hissar","Hissar","Haryana"
"Hissar Nai Mandi","125001","Hissar","Hissar","Haryana"
"Hissar Textile Mills","125002","Hissar","Hissar","Haryana"
"Hodel","121106","Faridabad","Faridabad","Haryana"
"Housing Colony","121106","Faridabad","Faridabad","Haryana"
"Igrah","126105","Jind","Jind","Haryana"
"Indri Industrial Area","132041","Karnal","Karnal","Haryana"
"Industrial Area","124507","Rohtak","Rohtak","Haryana"
"Industrial Area","124507","Jhajjar","Jhajjar","Haryana"
"Industrial Area Sonepat","131001","Sonepat","Sonepat","Haryana"
"Industrial Estate","121006","Faridabad","Faridabad","Haryana"
"Ismaila","124517","Rohtak","Rohtak","Haryana"
"Ismailabad","132129","Kurukshetra","Kurukshetra","Haryana"
"Jagadhri","135003","Ambala","Jagadhri","Haryana"
"Jagadhri","135003","Yamunanagar","Yamunanagar","Haryana"
"Jagadhri Courts","135002","Ambala","Ambala","Haryana"
"Jagadhri Courts","135002","Yamunanagar","Yamunanagar","Haryana"
"Jagadhri Town","135003","Ambala","Ambala","Haryana"
"Jagadhri Town","135003","Yamunanagar","Yamunanagar","Haryana"
"Jagadhri Workshop","135002","Ambala","Ambala","Haryana"
"Jagadhri Workshop","135002","Yamunanagar","Yamunanagar","Haryana"
"Jahangirpur","124138","Rohtak","Rohtak","Haryana"
"Jakhal Mandi","126001","Hissar","Jakhal Mandi","Haryana"
"Jakhauli","131023","Sonepat","Sonepat","Haryana"
"Jakoli","132047","Panipat","Panipat","Haryana"
"Jamalpur","125035","Hissar","Hissar","Haryana"
"Jamauri","125084","Hissar","Hissar","Haryana"
"Jassia","124314","Rohtak","Rohtak","Haryana"
"Jaswarkheri","131026","Sonepat","Sonepat","Haryana"
"Jatauli","123508","Gurgaon","Gurgaon","Haryana"
"Jatwar","134201","Ambala","Ambala","Haryana"
"Jauli","124318","Rohtak","Rohtak","Haryana"
"Jaurasi","132144","Karnal","Karnal","Haryana"
"Jawahar Nagar","121102","Faridabad","Faridabad","Haryana"
"Jhajar","124103","Rohtak","Rohtak","Haryana"
"Jhajar HO","124103","Jhajjar","Jhajjar","Haryana"
"Jhajjar","124104","Rohtak","Jhajjar","Haryana"
"Jhajjar","124104","Jhajjar","Jhajjar","Haryana"
"Jhalri","124125","Rohtak","Rohtak","Haryana"
"Jhansa","132130","Kurukshetra","Kurukshetra","Haryana"
"Jhazgarh","124131","Rohtak","Rohtak","Haryana"
"Jhoju Kalan","123310","Bhiwani","Bhiwani","Haryana"
"Jind Ho","126102","Jind","Jind","Haryana"
"Jind Railway Station","126102","Jind","Jind","Haryana"
"Juan","131024","Sonepat","Sonepat","Haryana"
"Jui Khurd","125030","Bhiwani","Bhiwani","Haryana"
"Julana","126101","Jind","Julana","Haryana"
"Jundla","132036","Karnal","Karnal","Haryana"
"Jyotisar","132120","Kaithal","Kaithal","Haryana"
"Jyotisar","132120","Kurukshetra","Kurukshetra","Haryana"
"Kachhawa","132025","Karnal","Karnal","Haryana"
"Kahnaur","124412","Rohtak","Rohtak","Haryana"
"Kaika Railway Station","133302","Ambala","Ambala","Haryana"
"Kairu","125029","Bhiwani","Bhiwani","Haryana"
"Kaithal","132027","Kaithal","Kaithal","Haryana"
"Kaithal","132027","Kurukshetra","Kurukshetra","Haryana"
"Kaithal Mandi","132027","Kurukshetra","Kurukshetra","Haryana"
"Kakaroi","131112","Sonepat","Sonepat","Haryana"
"Kalanaur","124113","Rohtak","Kalanaur","Haryana"
"Kalanwali","125201","Hissar","Hissar","Haryana"
"Kalawar","133105","Ambala","Ambala","Haryana"
"Kalayar","126117","Jind","Jind","Haryana"
"Kalayat Mandi","126133","Jind","Jind","Haryana"
"Kalinga","124126","Rohtak","Rohtak","Haryana"
"Kalka","133302","Ambala","Kalka","Haryana"
"Kalka","133302","Panchkula","Panchkula","Haryana"
"Kalka Railway Station","133302","Panchkula","Panchkula","Haryana"
"Kalwa","126121","Jind","Jind","Haryana"
"Kanak Mandi Rohtak","124001","Rohtak","Rohtak","Haryana"
"Kanaunda","124530","Rohtak","Rohtak","Haryana"
"Kandela","126106","Jind","Jind","Haryana"
"Kanheri","126122","Jind","Jind","Haryana"
"Kanina","123027","Mohindergarh","Kanina","Haryana"
"Kansala","124406","Rohtak","Rohtak","Haryana"
"Karnal","132001","Karnal","Karnal","Haryana"
"Karnal City","132001","Karnal","Karnal","Haryana"
"Karnal G B S","132001","Karnal","Karnal","Haryana"
"Karnal Industrial Area","132001","Karnal","Karnal","Haryana"
"Karnal Kutchery","132001","Karnal","Karnal","Haryana"
"Karnal M T","132001","Karnal","Karnal","Haryana"
"Karnal Nai Mandi","132001","Karnal","Karnal","Haryana"
"Karnal Ndri","132001","Karnal","Karnal","Haryana"
"Karnal Partappura","132001","Karnal","Karnal","Haryana"
"Karnal Ramnagar","132001","Karnal","Karnal","Haryana"
"Karnal Sadar Bazar","132001","Karnal","Karnal","Haryana"
"Katesra","124124","Rohtak","Rohtak","Haryana"
"Kathura","124320","Rohtak","Rohtak","Haryana"
"Katwal","124322","Rohtak","Rohtak","Haryana"
"Kaul","132021","Kaithal","Kaithal","Haryana"
"Kaul","132021","Kurukshetra","Kurukshetra","Haryana"
"Keorak","132032","Kaithal","Kaithal","Haryana"
"Keorak","132032","Kaithal","Kaithal","Haryana"
"Kesri","133102","Ambala","Ambala","Haryana"
"Khairpur","125057","Sirsa","Sirsa","Haryana"
"Khalilpur","123502","Mohindergarh","Narnaul","Haryana"
"Khanda","124413","Rohtak","Rohtak","Haryana"
"Khanda","131107","Sonepat","Sonepat","Haryana"
"Khanda Khuri","125038","Hissar","Hissar","Haryana"
"Khanpur","124305","Sonepat","Sonepat","Haryana"
"Kharainti","124533","Rohtak","Rohtak","Haryana"
"Kharak Kalan","124114","Rohtak","Rohtak","Haryana"
"Kharak Pandwan","126134","Kaithal","Kaithal","Haryana"
"Kharar Ailapur","125086","Hissar","Hissar","Haryana"
"Kharawal","124025","Rohtak","Rohtak","Haryana"
"Kharhar","124511","Rohtak","Rohtak","Haryana"
"Kharkauda","124402","Sonepat","Sonepat","Haryana"
"Kharkhera","124121","Rohtak","Rohtak","Haryana"
"Kharontha","124026","Rohtak","Rohtak","Haryana"
"Kharwan","135105","Ambala","Ambala","Haryana"
"Khatkar","126136","Jind","Jind","Haryana"
"Khedar","126013","Hissar","Hissar","Haryana"
"Kheri Gujar","131111","Sonepat","Sonepat","Haryana"
"Kheri Kumar","124134","Rohtak","Rohtak","Haryana"
"Kheri Sadh","124027","Rohtak","Rohtak","Haryana"
"Kheri Sherifali","132053","Panipat","Panipat","Haryana"
"Khewra","131037","Sonepat","Sonepat","Haryana"
"Khidwali","124312","Rohtak","Rohtak","Haryana"
"Khizrabad East","135021","Ambala","Ambala","Haryana"
"Khol","123103","Mohindergarh","Narnaul","Haryana"
"Khori","123101","Mohindergarh","Narnaul","Haryana"
"Khudan","124141","Rohtak","Rohtak","Haryana"
"Kilazafargarh","126107","Jind","Jind","Haryana"
"Kiloi","124405","Rohtak","Rohtak","Haryana"
"Kiloi","124419","Rohtak","Rohtak","Haryana"
"Kohand","132148","Karnal","Karnal","Haryana"
"Kohla","124323","Rohtak","Rohtak","Haryana"
"Kosli","123302","Rewari","Rewari","Haryana"
"Kuldip Nagar","123302","Rewari","Rewari","Haryana"
"Kultana","124119","Rohtak","Rohtak","Haryana"
"Kumbha","125072","Bhiwani","Bhiwani","Haryana"
"Kund","123102","Mohindergarh","Narnaul","Haryana"
"Kundli","131028","Sonepat","Sonepat","Haryana"
"Kunjpura","132022","Karnal","Karnal","Haryana"
"Kurana","132155","Panipat","Panipat","Haryana"
"Kurar","132147","Karnal","Karnal","Haryana"
"Kurukshetra","132118","Kurukshetra","Kurukshetra","Haryana"
"Kurukshetra University","132119","Kurukshetra","Kurukshetra","Haryana"
"Ladwa","125087","Hissar","Ladwa","Haryana"
"Ladwa","132132","Kurukshetra","Ladwa","Haryana"
"Lahli","124024","Rohtak","Rohtak","Haryana"
"Lakhan Majra","124514","Rohtak","Rohtak","Haryana"
"Lath","124321","Rohtak","Rohtak","Haryana"
"Lawan","126135","Jind","Jind","Haryana"
"Lehrana","131036","Sonepat","Sonepat","Haryana"
"Loharu","123201","Bhiwani","Loharu","Haryana"
"Lohni","125065","Bhiwani","Bhiwani","Haryana"
"M P Majra","124133","Rohtak","Rohtak","Haryana"
"Machhrauli","124108","Rohtak","Rohtak","Haryana"
"Madhuban","132037","Karnal","Karnal","Haryana"
"Madiana","124309","Rohtak","Rohtak","Haryana"
"Madina","124111","Rohtak","Rohtak","Haryana"
"Madlanda","132113","Karnal","Karnal","Haryana"
"Mahoti","132149","Karnal","Karnal","Haryana"
"Main Bazar","124507","Rohtak","Rohtak","Haryana"
"Main Bazar","124507","Jhajjar","Jhajjar","Haryana"
"Maina","124031","Rohtak","Rohtak","Haryana"
"Majra","124203","Rohtak","Rohtak","Haryana"
"Makrauli Kalan","124006","Rohtak","Rohtak","Haryana"
"Malui","126108","Jind","Jind","Haryana"
"Manas","132049","Panipat","Panipat","Haryana"
"Mandi Adampur","125052","Sirsa","Sirsa","Haryana"
"Mandi Ateli","123021","Mohindergarh","Narnaul","Haryana"
"Mandi Dabwali","125104","Sirsa","Mandi Dabwali","Haryana"
"Mandi Township","125104","Sirsa","Sirsa","Haryana"
"Mandothi","124506","Rohtak","Rohtak","Haryana"
"Maneola","134012","Ambala","Ambala","Haryana"
"Manesar","122050","Gurgaon","Gurgaon","Haryana"
"Mangali","125105","Hissar","Hissar","Haryana"
"Manheru","123309","Bhiwani","Bhiwani","Haryana"
"Matan","124510","Rohtak","Rohtak","Haryana"
"Medical College","124001","Rohtak","Rohtak","Haryana"
"Meham","124112","Rohtak","Rohtak","Haryana"
"Mehlana","131114","Sonepat","Sonepat","Haryana"
"Mehmoodpur","124307","Rohtak","Rohtak","Haryana"
"Mehnda","125066","Bhiwani","Bhiwani","Haryana"
"Mehrana","124139","Rohtak","Rohtak","Haryana"
"Mini Sectt Hissar","125001","Hissar","Hissar","Haryana"
"Mirchpur","125073","Hissar","Hissar","Haryana"
"Model Town","131001","Sonepat","Sonepat","Haryana"
"Model Town Hissar","125005","Hissar","Hissar","Haryana"
"Model Town Rewari","123401","Mohindergarh","Narnaul","Haryana"
"Model Town Rohtak","124001","Rohtak","Rohtak","Haryana"
"Mohalla","133001","Ambala","Ambala","Haryana"
"Mohamadpur Rohi","125088","Hissar","Hissar","Haryana"
"Mohana","131025","Sonepat","Sonepat","Haryana"
"Mohbatpur","125109","Hissar","Hissar","Haryana"
"Mohindergarh","123029","Mohindergarh","Narnaul","Haryana"
"Morkhra","124022","Rohtak","Rohtak","Haryana"
"Morni","134205","Ambala","Ambala","Haryana"
"Motor Stand","134002","Ambala","Ambala","Haryana"
"Mowana","132045","Jind","Jind","Haryana"
"Mullana","133203","Ambala","Ambala","Haryana"
"Multani Chowk Hissar","125001","Hissar","Hissar","Haryana"
"Munak","132051","Panipat","Panipat","Haryana"
"Mundal Khurd","125041","Bhiwani","Bhiwani","Haryana"
"Mundlana","124306","Sonepat","Sonepat","Haryana"
"Murthal","131027","Sonepat","Sonepat","Haryana"
"Mustafabad","133102","Ambala","Mustafabad","Haryana"
"N T Palwal","121102","Faridabad","Faridabad","Haryana"
"Nagina","122108","Gurgaon","Gurgaon","Haryana"
"Naguran","132121","Kaithal","Kaithal","Haryana"
"Naguran","132121","Karnal","Karnal","Haryana"
"Nahar","123303","Rewari","Rewari","Haryana"
"Nahri","131103","Sonepat","Sonepat","Haryana"
"Nai Mandi Fatehbad","125050","Sirsa","Sirsa","Haryana"
"Nai Mandi Sirsa","125055","Sirsa","Sirsa","Haryana"
"Nalwa","125037","Bhiwani","Bhiwani","Haryana"
"Nangal Chaudhary","123023","Mohindergarh","Narnaul","Haryana"
"Nangal Fertilizer","126116","Jind","Jind","Haryana"
"Nangal Sirohi","123028","Mohindergarh","Narnaul","Haryana"
"Nanu Kalan","123414","Mohindergarh","Narnaul","Haryana"
"Naraina","132150","Karnal","Karnal","Haryana"
"Naraingarh","134203","Ambala","Naraingarh","Haryana"
"Narnaul","123001","Mohindergarh","Narnaul","Haryana"
"Narnaul City","123001","Mohindergarh","Narnaul","Haryana"
"Narnaul Kutchery","123001","Mohindergarh","Narnaul","Haryana"
"Narnaund","125039","Hissar","Narnaund","Haryana"
"Narwana","126116","Jind","Narwana","Haryana"
"Naultha","132145","Karnal","Karnal","Haryana"
"Nehla","126025","Hissar","Hissar","Haryana"
"Nehru College","124104","Rohtak","Rohtak","Haryana"
"Nehru College","124104","Jhajjar","Jhajjar","Haryana"
"Neighbour Hood Iii","121001","Faridabad","Faridabad","Haryana"
"Neighbour Hood Iv","121001","Faridabad","Faridabad","Haryana"
"New Colony Gurgaon","122001","Gurgaon","Gurgaon","Haryana"
"Nidana","124513","Rohtak","Rohtak","Haryana"
"Nigana","124515","Rohtak","Rohtak","Haryana"
"Nilauthi","124531","Rohtak","Rohtak","Haryana"
"Nilokheri","132117","Karnal","Nilokheri","Haryana"
"Nilokhery Govt Press","132024","Karnal","Karnal","Haryana"
"Nissing","132024","Karnal","Karnal","Haryana"
"Noona Majra","124508","Rohtak","Rohtak","Haryana"
"Noorwala","132151","Karnal","Karnal","Haryana"
"Nuh","122107","Gurgaon","Nuh","Haryana"
"Odban","125077","Sirsa","Sirsa","Haryana"
"P S Rai","131029","Sonepat","Sonepat","Haryana"
"Pabnawa","132048","Panipat","Panipat","Haryana"
"Pabra","126007","Hissar","Hissar","Haryana"
"Pahlawas","123035","Mohindergarh","Narnaul","Haryana"
"Pai","132043","Kaithal","Kaithal","Haryana"
"Pai","132043","Kurukshetra","Kurukshetra","Haryana"
"Paksma","124417","Rohtak","Rohtak","Haryana"
"Palmar","122211","Gurgaon","Gurgaon","Haryana"
"Palwal","121102","Faridabad","Palwal","Haryana"
"Panchkula","134109","Ambala","Ambala","Haryana"
"Panchkula Gurukul","134108","Ambala","Ambala","Haryana"
"Panchkula Sec 15","134113","Ambala","Ambala","Haryana"
"Panchkula Sec 4","134112","Ambala","Ambala","Haryana"
"Panipat","132103","Karnal","Panipat","Haryana"
"Panipat","132108","Karnal","Karnal","Haryana"
"Panipat Bus Stand","132103","Karnal","Karnal","Haryana"
"Panipat City","132103","Karnal","Karnal","Haryana"
"Panipat G T Road","132104","Karnal","Karnal","Haryana"
"Panipat K Nagar","132103","Karnal","Karnal","Haryana"
"Panipat Khadi Ashram","132103","Karnal","Karnal","Haryana"
"Panipat Krishnapur","132103","Karnal","Karnal","Haryana"
"Panipat Mandi","132103","Karnal","Karnal","Haryana"
"Panipat Model Town","132103","Karnal","Karnal","Haryana"
"Panipat N F L","132103","Karnal","Karnal","Haryana"
"Panipat N S M","132103","Karnal","Karnal","Haryana"
"Panipat Sugar Mill","132103","Karnal","Karnal","Haryana"
"Panipat Thermal","132104","Karnal","Karnal","Haryana"
"Panipat Town","132103","Karnal","Karnal","Haryana"
"Panjokhera","134011","Ambala","Ambala","Haryana"
"Pataudi","123503","Mohindergarh","Pataudi","Haryana"
"Patel Nagar","134002","Ambala","Ambala","Haryana"
"Patel Nagar Hissar","125003","Hissar","Hissar","Haryana"
"Patrehri","134206","Ambala","Ambala","Haryana"
"Patti Kalan","132102","Panipat","Panipat","Haryana"
"Pauli","126109","Jind","Jind","Haryana"
"Pehowa","132128","Kurukshetra","Pehowa","Haryana"
"Petwar","125074","Bhiwani","Bhiwani","Haryana"
"Pharal","132021","Kaithal","Kaithal","Haryana"
"Pilana","124205","Rohtak","Rohtak","Haryana"
"Pilukhera","126113","Jind","Jind","Haryana"
"Pinjore","134102","Ambala","Pinjore","Haryana"
"Pinjore H M T","134101","Ambala","Ambala","Haryana"
"Pipli","132131","Kurukshetra","Kurukshetra","Haryana"
"Pipli","131038","Sonepat","Sonepat","Haryana"
"Pipli Khera","131032","Sonepat","Sonepat","Haryana"
"Prabhuwala","126015","Hissar","Hissar","Haryana"
"Press Colony","121001","Faridabad","Faridabad","Haryana"
"Project Panipat","132106","Karnal","Karnal","Haryana"
"Project Plan","132105","Karnal","Karnal","Haryana"
"Pundri","132026","Kaithal","Pundri","Haryana"
"Pundri","132026","Kurukshetra","Kurukshetra","Haryana"
"Punjabi Bazar Jind","126102","Jind","Jind","Haryana"
"Punuhana","121104","Faridabad","Faridabad","Haryana"
"Purkhas","131102","Sonepat","Sonepat","Haryana"
"Puthi Mangal Khan","125082","Hissar","Hissar","Haryana"
"Rabhra","124324","Rohtak","Rohtak","Haryana"
"Radaur","132133","Kurukshetra","Radaur","Haryana"
"Railway Road","134002","Ambala","Ambala","Haryana"
"Railway Road Gurgaon","122001","Gurgaon","Gurgaon","Haryana"
"Raipur Rani","134204","Ambala","Raipur Rani","Haryana"
"Rajaund","132044","Kurukshetra","Kurukshetra","Haryana"
"Rajli","126014","Hissar","Hissar","Haryana"
"Ram Bazar Sonepat","131001","Sonepat","Sonepat","Haryana"
"Ram Rai","126110","Jind","Jind","Haryana"
"Rambha","132123","Kaithal","Kaithal","Haryana"
"Rambha","132123","Karnal","Karnal","Haryana"
"Rampura","132152","Karnal","Karnal","Haryana"
"Rania","125076","Sirsa","Rania","Haryana"
"Rathdana","131030","Sonepat","Sonepat","Haryana"
"Rattan Garh","131031","Sonepat","Sonepat","Haryana"
"Rattia","125051","Sirsa","Sirsa","Haryana"
"Rewari","123401","Mohindergarh","Rewari","Haryana"
"Rewasa","125067","Bhiwani","Bhiwani","Haryana"
"Ritauli","124132","Rohtak","Rohtak","Haryana"
"Rithal","124429","Sonepat","Sonepat","Haryana"
"Road Hansi","125034","Hissar","Hissar","Haryana"
"Rodhan","125043","Bhiwani","Bhiwani","Haryana"
"Rohad","124502","Rohtak","Rohtak","Haryana"
"Rohad","124515","Rohtak","Rohtak","Haryana"
"Rohat","124403","Sonepat","Sonepat","Haryana"
"Rohna","124532","Sonepat","Sonepat","Haryana"
"Rohtak","124001","Rohtak","Rohtak","Haryana"
"Rohtak","124001","Rohtak","Rohtak","Haryana"
"Rohtak Mandi","124001","Rohtak","Rohtak","Haryana"
"Rohtak Road Jind","126102","Jind","Jind","Haryana"
"Rohtak Town","124001","Rohtak","Rohtak","Haryana"
"Rori","125202","Sirsa","Sirsa","Haryana"
"Rukhi","124428","Rohtak","Rohtak","Haryana"
"Rurki","124426","Rohtak","Rohtak","Haryana"
"Sabji Mandi","134002","Ambala","Ambala","Haryana"
"Sadhaura","133204","Ambala","Ambala","Haryana"
"Safidon","125112","Hissar","Safidon","Haryana"
"Safindon City","125112","Hissar","Hissar","Haryana"
"Saha","133104","Ambala","Ambala","Haryana"
"Sahalwas","123304","Rewari","Rewari","Haryana"
"Salwan","132046","Karnal","Karnal","Haryana"
"Samain","126123","Jind","Jind","Haryana"
"Samalkha","132101","Panipat","Samalkha","Haryana"
"Saman","124129","Rohtak","Rohtak","Haryana"
"Samargopalpur","124007","Rohtak","Rohtak","Haryana"
"Samchana","124425","Rohtak","Rohtak","Haryana"
"Sampla","124501","Rohtak","Rohtak","Haryana"
"Sanghi","124303","Rohtak","Rohtak","Haryana"
"Sanghowa","132002","Karnal","Karnal","Haryana"
"Sanwar","123020","Bhiwani","Bhiwani","Haryana"
"Sarawan","133206","Ambala","Ambala","Haryana"
"Satnali","123024","Bhiwani","Bhiwani","Haryana"
"Satrod Khurd","125044","Hissar","Hissar","Haryana"
"Saunkra","132125","Karnal","Karnal","Haryana"
"Sawan","124129","Rohtak","Rohtak","Haryana"
"Sector 8 Faridabad","121001","Faridabad","Faridabad","Haryana"
"Seemla","126139","Jind","Jind","Haryana"
"Sewah","132110","Panipat","Panipat","Haryana"
"Sewaha","126150","Jind","Jind","Haryana"
"Sewana","124204","Rohtak","Rohtak","Haryana"
"Sewani","125046","Bhiwani","Bhiwani","Haryana"
"Shahbad G T R","132135","Kurukshetra","Kurukshetra","Haryana"
"Shahbad Grain","132135","Kurukshetra","Kurukshetra","Haryana"
"Shahbad Markhanda","132135","Kurukshetra","Kurukshetra","Haryana"
"Shahpur","126111","Jind","Jind","Haryana"
"Shahzadpur","134202","Ambala","Ambala","Haryana"
"Shamlo Kalan","126114","Jind","Jind","Haryana"
"Shivaji Colony Rohtak","124001","Rohtak","Rohtak","Haryana"
"Sikanderpur","125060","Sirsa","Sirsa","Haryana"
"Silana","124140","Rohtak","Rohtak","Haryana"
"Silani Gate Jhajar","124103","Jhajjar","Jhajjar","Haryana"
"Silani Gate Jhajjar","124103","Rohtak","Rohtak","Haryana"
"Singhana","126149","Jind","Jind","Haryana"
"Sirsa","125055","Sirsa","Sirsa","Haryana"
"Sirsa","125056","Sirsa","Sirsa","Haryana"
"Sirsa Courts","125055","Sirsa","Sirsa","Haryana"
"Sirsa Town","125055","Sirsa","Sirsa","Haryana"
"Sisai","125049","Hissar","Hissar","Haryana"
"Sisana","124407","Rohtak","Rohtak","Haryana"
"Sisar Khas","124127","Rohtak","Rohtak","Haryana"
"Siwan","132027","Kaithal","Kaithal","Haryana"
"Siwan Gate Kaithal","132027","Kurukshetra","Kurukshetra","Haryana"
"Siwana Mall","124430","Sonepat","Sonepat","Haryana"
"Sohna","122103","Gurgaon","Sohna","Haryana"
"Sohna Adda Gurgaon","122001","Gurgaon","Gurgaon","Haryana"
"Sonepat","131001","Sonepat","Sonepat","Haryana"
"Sonepat Kutchery","131001","Sonepat","Sonepat","Haryana"
"Sonepat Mandi","132153","Karnal","Karnal","Haryana"
"Sorkhi","125068","Hissar","Hissar","Haryana"
"Sri Jiwan Nagar","125075","Sirsa","Sirsa","Haryana"
"Staundi","132153","Karnal","Karnal","Haryana"
"Subana","124116","Rohtak","Rohtak","Haryana"
"Sugar Mill Rohtak","124001","Rohtak","Rohtak","Haryana"
"Sunari Kalan","124008","Rohtak","Rohtak","Haryana"
"Talao","124130","Rohtak","Rohtak","Haryana"
"Tandaheri","124509","Rohtak","Rohtak","Haryana"
"Tarauri","132116","Karnal","Karnal","Haryana"
"Tarauri Mandi","132116","Karnal","Karnal","Haryana"
"Taura","122105","Gurgaon","Gurgaon","Haryana"
"Tehsil Court Hansi","125033","Hissar","Hissar","Haryana"
"Thambar","133208","Ambala","Ambala","Haryana"
"Thana","132029","Kaithal","Kaithal","Haryana"
"Thana","132029","Kaithal","Kaithal","Haryana"
"Thanesar Town","132118","Kurukshetra","Kurukshetra","Haryana"
"Thol","132136","Kurukshetra","Kurukshetra","Haryana"
"Tigaon","121101","Faridabad","Faridabad","Haryana"
"Tigrana","125031","Bhiwani","Bhiwani","Haryana"
"Tirawari","132123","Kaithal","Kaithal","Haryana"
"Titauli","124005","Rohtak","Rohtak","Haryana"
"Tohana","126119","Jind","Tohana","Haryana"
"Tohanamandi","126120","Hissar","Hissar","Haryana"
"Tosham","125040","Bhiwani","Tosham","Haryana"
"Uchana","126115","Jind","Uchana","Haryana"
"Ugala","133207","Ambala","Ambala","Haryana"
"Ujhana","126140","Jind","Jind","Haryana"
"Uklana Mandi","126009","Hissar","Hissar","Haryana"
"Umra","125083","Hissar","Hissar","Haryana"
"Umri","132137","Kurukshetra","Kurukshetra","Haryana"
"Urban Estate Gurgaon","122001","Gurgaon","Gurgaon","Haryana"
"Vaish High Schl Rohtak","124003","Rohtak","Rohtak","Haryana"
"Vehana","132124","Karnal","Karnal","Haryana"
"Yamua Ngr Bhatia Ngr","135001","Ambala","Ambala","Haryana"
"Yamuna Nagar","135001","Ambala","Ambala","Haryana"
"Yamuna Nagar Rlwy Rd","135001","Ambala","Ambala","Haryana"
"Yamuna Nagar Sugar Mls","135001","Ambala","Ambala","Haryana"
"Yamuna Ngr Rampura Clny","135001","Ambala","Ambala","Haryana"
"Yamuna Ngr Workshop Rd","135001","Ambala","Ambala","Haryana"
"A G P O Shimla","171003","Shimla","Shimla","Himachal Pradesh"
"A U Campus","173208","Solan","Solan","Himachal Pradesh"
"Agriculture University Campus","176062","Kangra","Dharamasala","Himachal Pradesh"
"Alhilal Taragarh","176081","Kangra","Dharamasala","Himachal Pradesh"
"Amb","177203","Una","Una","Himachal Pradesh"
"Ambota","177205","Una","Una","Himachal Pradesh"
"Ani","172026","Kinnaur","Reckong Peo","Himachal Pradesh"
"Arki","173208","Solan","Arki","Himachal Pradesh"
"Arya Bazar Kullu","175101","Kullu","Kullu","Himachal Pradesh"
"Aut","175121","Kullu","Kullu","Himachal Pradesh"
"Awahdevi","177035","Hamirpur","Hamirpur","Himachal Pradesh"
"Babeli","175138","Kullu","Kullu","Himachal Pradesh"
"Badri Ngr","173026","Sirmour","Nahan","Himachal Pradesh"
"Baggi","175027","Mandi","Mandi","Himachal Pradesh"
"Bagli","176212","Kangra","Dharamasala","Himachal Pradesh"
"Bagsiad","175035","Mandi","Mandi","Himachal Pradesh"
"Bagthan","173003","Sirmour","Nahan","Himachal Pradesh"
"Bagwara","177021","Hamirpur","Hamirpur","Himachal Pradesh"
"Bahima","174309","Hamirpur","Hamirpur","Himachal Pradesh"
"Bahli","172035","Kinnaur","Reckong Peo","Himachal Pradesh"
"Baij Nath","176125","Kangra","Dharamasala","Himachal Pradesh"
"Bajaura","175135","Kullu","Kullu","Himachal Pradesh"
"Bakloh","176301","Chamba","Bakloh","Himachal Pradesh"
"Baldwara","175033","Mandi","Mandi","Himachal Pradesh"
"Balera","173224","Solan","Solan","Himachal Pradesh"
"Bandrol Orchards","175127","Kullu","Kullu","Himachal Pradesh"
"Bangana","174307","Una","Una","Himachal Pradesh"
"Bani","174304","Hamirpur","Hamirpur","Himachal Pradesh"
"Banjar","175123","Kullu","Banjar","Himachal Pradesh"
"Bankhandi","177114","Hamirpur","Hamirpur","Himachal Pradesh"
"Bansal","177215","Una","Una","Himachal Pradesh"
"Banuri","176063","Kangra","Dharamasala","Himachal Pradesh"
"Bara","177044","Hamirpur","Hamirpur","Himachal Pradesh"
"Bara Gaon","172027","Kinnaur","Reckong Peo","Himachal Pradesh"
"Barial","176035","Hamirpur","Hamirpur","Himachal Pradesh"
"Barmana","177048","Hamirpur","Hamirpur","Himachal Pradesh"
"Baroh","176054","Kangra","Dharamasala","Himachal Pradesh"
"Barote","176122","Mandi","Mandi","Himachal Pradesh"
"Barotiwala","174103","Solan","Solan","Himachal Pradesh"
"Barsar","174305","Una","Una","Himachal Pradesh"
"Basantpur","171108","Shimla","Shimla","Himachal Pradesh"
"Bathari Bazar","176306","Chamba","Chamba","Himachal Pradesh"
"Bawana","176076","Kangra","Dharamasala","Himachal Pradesh"
"Bawarna","176083","Kangra","Dharamasala","Himachal Pradesh"
"Behni","177007","Hamirpur","Hamirpur","Himachal Pradesh"
"Berthin","174029","Bilaspur","Bilaspur","Himachal Pradesh"
"Bhadsali","177218","Una","Una","Himachal Pradesh"
"Bhakra Dam","174201","Bilaspur","Bilaspur","Himachal Pradesh"
"Bhaleth","176108","Hamirpur","Hamirpur","Himachal Pradesh"
"Bhali","176626","Una","Una","Himachal Pradesh"
"Bhambla","175004","Mandi","Mandi","Himachal Pradesh"
"Bhangratu","175021","Mandi","Mandi","Himachal Pradesh"
"Bhanjrau Tissa","176316","Chamba","Chamba","Himachal Pradesh"
"Bharari","171001","Shimla","Shimla","Himachal Pradesh"
"Bhareri","177024","Hamirpur","Hamirpur","Himachal Pradesh"
"Bharmar","176021","Kangra","Dharamasala","Himachal Pradesh"
"Bharmour","176315","Chamba","Chamba","Himachal Pradesh"
"Bharwain","177109","Una","Una","Himachal Pradesh"
"Bhawangarh","172115","Kinnaur","Reckong Peo","Himachal Pradesh"
"Bhojpur","175002","Mandi","Mandi","Himachal Pradesh"
"Bhoranj","176045","Hamirpur","Hamirpur","Himachal Pradesh"
"Bhota","176041","Hamirpur","Bhota","Himachal Pradesh"
"Bhuntar","175125","Kullu","Bhuntar","Himachal Pradesh"
"Bijhari","176040","Hamirpur","Hamirpur","Himachal Pradesh"
"Bilaspur","95221","Bilaspur","Bilaspur","Himachal Pradesh"
"Bilaspur","495012","Bilaspur","Bilaspur","Himachal Pradesh"
"Bilaspur","495336","Bilaspur","Bilaspur","Himachal Pradesh"
"Bilaspur","495554","Bilaspur","Bilaspur","Himachal Pradesh"
"Bilaspur","495554","Bilaspur","Bilaspur","Himachal Pradesh"
"Bilaspur Kutchery","174001","Bilaspur","Bilaspur","Himachal Pradesh"
"Bilaspuri","174001","Bilaspur","Bilaspur","Himachal Pradesh"
"Bir","175041","Mandi","Mandi","Himachal Pradesh"
"Bonda","172034","Kinnaur","Reckong Peo","Himachal Pradesh"
"Botleauganj","171005","Shimla","Shimla","Himachal Pradesh"
"Bushahr","172001","Shimla","Shimla","Himachal Pradesh"
"Chachian","176059","Kangra","Dharamasala","Himachal Pradesh"
"Chachiot","175028","Mandi","Mandi","Himachal Pradesh"
"Chadiar","176088","Kangra","Dharamasala","Himachal Pradesh"
"Chail","173217","Solan","Solan","Himachal Pradesh"
"Chail Chowk","175045","Mandi","Mandi","Himachal Pradesh"
"Chaila","171305","Shimla","Shimla","Himachal Pradesh"
"Chakmou","176039","Hamirpur","Hamirpur","Himachal Pradesh"
"Chalele","177118","Hamirpur","Hamirpur","Himachal Pradesh"
"Chamba","176310","Chamba","Chamba","Himachal Pradesh"
"Chamba Ghat","173213","Solan","Solan","Himachal Pradesh"
"Chambi","174405","Mandi","Mandi","Himachal Pradesh"
"Chanaur","177113","Hamirpur","Hamirpur","Himachal Pradesh"
"Charri","176217","Kangra","Dharamasala","Himachal Pradesh"
"Chauntra","175032","Mandi","Mandi","Himachal Pradesh"
"Chaura Maidan Simla","171004","Shimla","Shimla","Himachal Pradesh"
"Cheog","171219","Shimla","Shimla","Himachal Pradesh"
"Chintpurni","177110","Una","Una","Himachal Pradesh"
"Chirgaon","171208","Shimla","Shimla","Himachal Pradesh"
"Chobin","176128","Kangra","Dharamasala","Himachal Pradesh"
"Chopal","171211","Shimla","Shimla","Himachal Pradesh"
"Chorthala","175037","Mandi","Mandi","Himachal Pradesh"
"Chowai","172032","Kinnaur","Reckong Peo","Himachal Pradesh"
"Chowari","176302","Chamba","Chamba","Himachal Pradesh"
"Churag","171303","Shimla","Shimla","Himachal Pradesh"
"Combermere","171001","Shimla","Shimla","Himachal Pradesh"
"Command H Q","171003","Shimla","Shimla","Himachal Pradesh"
"Command Hq","171003","Shimla","Shimla","Himachal Pradesh"
"Dada Siba","177106","Hamirpur","Hamirpur","Himachal Pradesh"
"Dadahu","173022","Sirmour","Nahan","Himachal Pradesh"
"Dadh","176058","Kangra","Dharamasala","Himachal Pradesh"
"Dagoh","176074","Kangra","Dharamasala","Himachal Pradesh"
"Dagshai","173210","Solan","Dagshai","Himachal Pradesh"
"Dalash","172025","Kinnaur","Reckong Peo","Himachal Pradesh"
"Dalhousie","176304","Chamba","Chamba","Himachal Pradesh"
"Dalhousie Cantt","176305","Chamba","Chamba","Himachal Pradesh"
"Dalhousie S B","176304","Chamba","Chamba","Himachal Pradesh"
"Damtal","176403","Kangra","Dharamasala","Himachal Pradesh"
"Darang","176060","Kangra","Dharamasala","Himachal Pradesh"
"Dari","176057","Kangra","Dharamasala","Himachal Pradesh"
"Daria","171102","Shimla","Shimla","Himachal Pradesh"
"Daroh","176092","Kangra","Dharamasala","Himachal Pradesh"
"Daulatpur","176038","Kangra","Daulatpur","Himachal Pradesh"
"Daulatpur Chowk","177204","Una","Una","Himachal Pradesh"
"Degoh","176074","Kangra","Dharamasala","Himachal Pradesh"
"Dehabalson","171214","Shimla","Shimla","Himachal Pradesh"
"Dehar","175030","Mandi","Mandi","Himachal Pradesh"
"Dehlan","174306","Una","Una","Himachal Pradesh"
"Dehra Gopipur","177101","Hamirpur","Hamirpur","Himachal Pradesh"
"Deori","171218","Shimla","Shimla","Himachal Pradesh"
"Deotsidh","177047","Hamirpur","Hamirpur","Himachal Pradesh"
"Dhaliara","177103","Hamirpur","Hamirpur","Himachal Pradesh"
"Dhalli Simla","171012","Shimla","Shimla","Himachal Pradesh"
"Dhameta","176025","Kangra","Dharamasala","Himachal Pradesh"
"Dhami","171103","Shimla","Shimla","Himachal Pradesh"
"Dhamtal","176403","Kangra","Dharamasala","Himachal Pradesh"
"Dhaneta","177041","Hamirpur","Hamirpur","Himachal Pradesh"
"Dharampur","173209","Solan","Solan","Himachal Pradesh"
"Dharampur Mandi","175040","Mandi","Mandi","Himachal Pradesh"
"Dharamsala","176215","Kangra","Dharamasala","Himachal Pradesh"
"Dharamsala Cantt","176216","Kangra","Dharamasala","Himachal Pradesh"
"Dheera","176101","Kangra","Dharamasala","Himachal Pradesh"
"Dhussara","174302","Una","Una","Himachal Pradesh"
"District Cts Dharamsala","176215","Kangra","Dharamasala","Himachal Pradesh"
"Domehar","173221","Solan","Solan","Himachal Pradesh"
"Draman","176223","Kangra","Dharamasala","Himachal Pradesh"
"Drubbal","176123","Mandi","Mandi","Himachal Pradesh"
"Duhak","176075","Kangra","Dharamasala","Himachal Pradesh"
"Dulehar","176601","Una","Una","Himachal Pradesh"
"Elysium","171001","Shimla","Shimla","Himachal Pradesh"
"Fagu","171209","Shimla","Shimla","Himachal Pradesh"
"Fatehpur","176053","Kangra","Dharamasala","Himachal Pradesh"
"Gaggal","176209","Kangra","Dharamasala","Himachal Pradesh"
"Gagret","177201","Una","Gagret","Himachal Pradesh"
"Galore","177026","Hamirpur","Hamirpur","Himachal Pradesh"
"Gandhi Chwk Hamirpur","177001","Hamirpur","Hamirpur","Himachal Pradesh"
"Gangtha","176204","Kangra","Dharamasala","Himachal Pradesh"
"Garkhal","173201","Solan","Solan","Himachal Pradesh"
"Garli","177108","Hamirpur","Hamirpur","Himachal Pradesh"
"Garsa","175141","Kullu","Kullu","Himachal Pradesh"
"Gaura","172002","Shimla","Shimla","Himachal Pradesh"
"Gehra","176324","Chamba","Chamba","Himachal Pradesh"
"Ghana Ki Hatti","171101","Shimla","Shimla","Himachal Pradesh"
"Ghanauri","177212","Una","Una","Himachal Pradesh"
"Ghandwal","176220","Kangra","Dharamasala","Himachal Pradesh"
"Gherwin","174034","Bilaspur","Bilaspur","Himachal Pradesh"
"Ghiri","175044","Mandi","Mandi","Himachal Pradesh"
"Ghumarwin","174021","Bilaspur","Ghumarwin","Himachal Pradesh"
"Giri Nagar","173020","Sirmour","Nahan","Himachal Pradesh"
"Gohar","175029","Mandi","Mandi","Himachal Pradesh"
"Gondla","175140","Kullu","Kullu","Himachal Pradesh"
"Gondpur Banera","177213","Una","Una","Himachal Pradesh"
"Gopalpur","175022","Mandi","Mandi","Himachal Pradesh"
"Govt Degree Clg Hamirpur","177005","Hamirpur","Hamirpur","Himachal Pradesh"
"Guma","171017","Shimla","Shimla","Himachal Pradesh"
"Gummer","177116","Hamirpur","Hamirpur","Himachal Pradesh"
"Gurkothu","175036","Mandi","Mandi","Himachal Pradesh"
"H G R & T Fctry","174028","Bilaspur","Bilaspur","Himachal Pradesh"
"H P Sectt","171002","Shimla","Shimla","Himachal Pradesh"
"Hamirpur","177001","Hamirpur","Hamirpur","Himachal Pradesh"
"Harchakian","176210","Kangra","Dharamasala","Himachal Pradesh"
"Hardaspur","176318","Chamba","Chamba","Himachal Pradesh"
"Haripur","176028","Kangra","Dharamasala","Himachal Pradesh"
"Haripur","175136","Kullu","Kullu","Himachal Pradesh"
"Haripur","175136","Kullu","Kullu","Himachal Pradesh"
"Haroli","177220","Una","Una","Himachal Pradesh"
"Harsar","176024","Kangra","Dharamasala","Himachal Pradesh"
"Hatkoti","171206","Shimla","Shimla","Himachal Pradesh"
"Hatwar","174028","Bilaspur","Bilaspur","Himachal Pradesh"
"Indora","176401","Kangra","Dharamasala","Himachal Pradesh"
"Jachh","175039","Mandi","Mandi","Himachal Pradesh"
"Jagat Sukh","175137","Kullu","Kullu","Himachal Pradesh"
"Jagjit Nagar","173203","Solan","Solan","Himachal Pradesh"
"Jahu","176048","Hamirpur","Hamirpur","Himachal Pradesh"
"Jai Devi","175031","Mandi","Mandi","Himachal Pradesh"
"Jai Singpur","176095","Kangra","Dharamasala","Himachal Pradesh"
"Jailag","176094","Kangra","Dharamasala","Himachal Pradesh"
"Jalari","177042","Hamirpur","Hamirpur","Himachal Pradesh"
"Jamni","175049","Mandi","Mandi","Himachal Pradesh"
"Jandutha","174031","Bilaspur","Bilaspur","Himachal Pradesh"
"Jangal Bari","175109","Kullu","Kullu","Himachal Pradesh"
"Janheli","175047","Mandi","Mandi","Himachal Pradesh"
"Janiari","177006","Hamirpur","Hamirpur","Himachal Pradesh"
"Jassur","176201","Kangra","Dharamasala","Himachal Pradesh"
"Jaura Amb","174312","Hamirpur","Hamirpur","Himachal Pradesh"
"Jawala Mukhi","176031","Hamirpur","Hamirpur","Himachal Pradesh"
"Jawali","176023","Kangra","Dharamasala","Himachal Pradesh"
"Jeori","172101","Kinnaur","Reckong Peo","Himachal Pradesh"
"Joginder Nagar","176120","Mandi","Mandi","Himachal Pradesh"
"Joginder Ngr","176120","Mandi","Mandi","Himachal Pradesh"
"Jubbal","171205","Shimla","Jubbal","Himachal Pradesh"
"Jubbar","173225","Solan","Solan","Himachal Pradesh"
"Jubbar Hatti","171013","Shimla","Shimla","Himachal Pradesh"
"Jukhala","174033","Bilaspur","Bilaspur","Himachal Pradesh"
"Junga","173216","Solan","Solan","Himachal Pradesh"
"Jutogh","171008","Shimla","Jutogh","Himachal Pradesh"
"Kacha Tnk Nahan N Devi","174310","Bilaspur","Bilaspur","Himachal Pradesh"
"Kaithlighat","173228","Solan","Solan","Himachal Pradesh"
"Kakiru","176313","Chamba","Chamba","Himachal Pradesh"
"Kakkar","177028","Hamirpur","Hamirpur","Himachal Pradesh"
"Kalol","174035","Bilaspur","Bilaspur","Himachal Pradesh"
"Kalpa","172108","Kinnaur","Reckong Peo","Himachal Pradesh"
"Kanaid","175048","Mandi","Mandi","Himachal Pradesh"
"Kandaghat","173215","Solan","Solan","Himachal Pradesh"
"Kandraur","174004","Bilaspur","Bilaspur","Himachal Pradesh"
"Kandrori","176402","Kangra","Dharamasala","Himachal Pradesh"
"Kangoo","177040","Hamirpur","Hamirpur","Himachal Pradesh"
"Kangra","176001","Kangra","Kangra","Himachal Pradesh"
"Kangra Town","176002","Kangra","Dharamasala","Himachal Pradesh"
"Kanjian","177025","Hamirpur","Hamirpur","Himachal Pradesh"
"Karchham","172105","Kinnaur","Reckong Peo","Himachal Pradesh"
"Karsog","171304","Shimla","Shimla","Himachal Pradesh"
"Kasauli","173204","Solan","Kasauli","Himachal Pradesh"
"Kasauli Motor","173204","Solan","Solan","Himachal Pradesh"
"Kasauli Research","173204","Solan","Solan","Himachal Pradesh"
"Kasauli Sanitorium","173204","Solan","Solan","Himachal Pradesh"
"Kasumpti","171009","Shimla","Shimla","Himachal Pradesh"
"Kataula","175005","Mandi","Mandi","Himachal Pradesh"
"Katrain","175129","Kullu","Kullu","Himachal Pradesh"
"Kaza","172114","Kinnaur","Reckong Peo","Himachal Pradesh"
"Keylong","175132","Kullu","Kullu","Himachal Pradesh"
"Khajjar","176321","Chamba","Chamba","Himachal Pradesh"
"Khaliar","175001","Mandi","Mandi","Himachal Pradesh"
"Khanyara","176218","Kangra","Dharamasala","Himachal Pradesh"
"Khera","176086","Kangra","Dharamasala","Himachal Pradesh"
"Khopa","176127","Kangra","Dharamasala","Himachal Pradesh"
"Khudian","176030","Hamirpur","Hamirpur","Himachal Pradesh"
"Kiani","176322","Chamba","Chamba","Himachal Pradesh"
"Kiari","171204","Shimla","Shimla","Himachal Pradesh"
"Killar Pangi","176323","Chamba","Chamba","Himachal Pradesh"
"Kingal","172024","Kinnaur","Reckong Peo","Himachal Pradesh"
"Kiroha","177102","Hamirpur","Hamirpur","Himachal Pradesh"
"Kohala","176036","Hamirpur","Hamirpur","Himachal Pradesh"
"Kohala","177102","Hamirpur","Hamirpur","Himachal Pradesh"
"Kot","177027","Hamirpur","Hamirpur","Himachal Pradesh"
"Kot Khai","171202","Shimla","Shimla","Himachal Pradesh"
"Kotgarh","172031","Kinnaur","Reckong Peo","Himachal Pradesh"
"Kothog","176033","Kangra","Dharamasala","Himachal Pradesh"
"Kotla","176205","Kangra","Dharamasala","Himachal Pradesh"
"Kotli","175003","Mandi","Mandi","Himachal Pradesh"
"Kotwali Bzr Dharamsala","176215","Kangra","Dharamasala","Himachal Pradesh"
"Kufri","171019","Shimla","Shimla","Himachal Pradesh"
"Kullu","175101","Kullu","Kullu","Himachal Pradesh"
"Kumar Hatti","173229","Solan","Solan","Himachal Pradesh"
"Kumar Sain","172029","Kinnaur","Reckong Peo","Himachal Pradesh"
"Kungret","177216","Una","Una","Himachal Pradesh"
"Kunihar","173207","Solan","Solan","Himachal Pradesh"
"Kuthai","173226","Solan","Solan","Himachal Pradesh"
"Kuthera","174026","Bilaspur","Bilaspur","Himachal Pradesh"
"Kuthera","177020","Hamirpur","Hamirpur","Himachal Pradesh"
"Ladobharol","176126","Kangra","Dharamasala","Himachal Pradesh"
"Ladraur","176043","Hamirpur","Hamirpur","Himachal Pradesh"
"Ladrori","176203","Kangra","Dharamasala","Himachal Pradesh"
"Lambagraon","176096","Kangra","Dharamasala","Himachal Pradesh"
"Lambloo","177029","Hamirpur","Hamirpur","Himachal Pradesh"
"Lanj","176026","Hamirpur","Hamirpur","Himachal Pradesh"
"Larji","175122","Kullu","Kullu","Himachal Pradesh"
"Lathiana","174308","Una","Una","Himachal Pradesh"
"Lehri Sarail","174027","Bilaspur","Bilaspur","Himachal Pradesh"
"Liyo","172112","Kinnaur","Reckong Peo","Himachal Pradesh"
"Lohara","177214","Una","Una","Himachal Pradesh"
"Lote","175133","Kullu","Kullu","Himachal Pradesh"
"Luhri","172036","Kinnaur","Reckong Peo","Himachal Pradesh"
"M S Chail","173218","Solan","Solan","Himachal Pradesh"
"Madabag","171020","Shimla","Shimla","Himachal Pradesh"
"Maharai","176049","Hamirpur","Hamirpur","Himachal Pradesh"
"Mair","176042","Hamirpur","Hamirpur","Himachal Pradesh"
"Majra","173021","Sirmour","Nahan","Himachal Pradesh"
"Malkher","176093","Kangra","Dharamasala","Himachal Pradesh"
"Mall Solan","173212","Solan","Solan","Himachal Pradesh"
"Mamligh","173227","Solan","Solan","Himachal Pradesh"
"Manali","175131","Kullu","Kullu","Himachal Pradesh"
"Mandi","175001","Mandi","Mandi","Himachal Pradesh"
"Mandli","177032","Una","Una","Himachal Pradesh"
"Mangwain Mohella Paddal","175001","Mandi","Mandi","Himachal Pradesh"
"Marenda","176102","Kangra","Dharamasala","Himachal Pradesh"
"Marhi","175050","Mandi","Mandi","Himachal Pradesh"
"Mashobra","171007","Shimla","Shimla","Himachal Pradesh"
"Masroor","176034","Hamirpur","Hamirpur","Himachal Pradesh"
"Matiana","171212","Shimla","Shimla","Himachal Pradesh"
"Meclodganj","176219","Kangra","Dharamasala","Himachal Pradesh"
"Mehatpur","174315","Una","Una","Himachal Pradesh"
"Mehla","176311","Chamba","Chamba","Himachal Pradesh"
"Mehre","174313","Hamirpur","Hamirpur","Himachal Pradesh"
"Mohin","177030","Hamirpur","Hamirpur","Himachal Pradesh"
"Molag","176089","Kangra","Dharamasala","Himachal Pradesh"
"Moorang","172109","Kinnaur","Reckong Peo","Himachal Pradesh"
"Mothli","176404","Kangra","Dharamasala","Himachal Pradesh"
"Mubarikpur","177202","Una","Una","Himachal Pradesh"
"Munda","171016","Shimla","Shimla","Himachal Pradesh"
"Mundkhar","176044","Hamirpur","Hamirpur","Himachal Pradesh"
"Nabha Estate","171004","Shimla","Shimla","Himachal Pradesh"
"Nadaun","177033","Hamirpur","Nadaun","Himachal Pradesh"
"Nagar","175130","Kullu","Kullu","Himachal Pradesh"
"Nagrota Bagwan","176047","Kangra","Nagrota Bagwan","Himachal Pradesh"
"Nagrota Surian","176027","Hamirpur","Hamirpur","Himachal Pradesh"
"Nahan","173001","Sirmour","Nahan","Himachal Pradesh"
"Nahan","173002","Sirmour","Nahan","Himachal Pradesh"
"Nalagarh","174101","Solan","Nalagarh","Himachal Pradesh"
"Namhol","174032","Bilaspur","Bilaspur","Himachal Pradesh"
"Nankhari","172021","Kinnaur","Reckong Peo","Himachal Pradesh"
"Narkanda","171213","Shimla","Narkanda","Himachal Pradesh"
"Naswal","174022","Bilaspur","Bilaspur","Himachal Pradesh"
"Nauni","173230","Solan","Solan","Himachal Pradesh"
"Naura","176084","Kangra","Dharamasala","Himachal Pradesh"
"Nehran Pokher","177104","Hamirpur","Hamirpur","Himachal Pradesh"
"Nehri Narangan","177210","Una","Una","Himachal Pradesh"
"Nerwa","171210","Shimla","Shimla","Himachal Pradesh"
"New Bilaspur Township","174001","Bilaspur","Bilaspur","Himachal Pradesh"
"Nichar","172103","Kinnaur","Reckong Peo","Himachal Pradesh"
"Nihri","175038","Mandi","Mandi","Himachal Pradesh"
"Nirmand","172023","Kinnaur","Reckong Peo","Himachal Pradesh"
"Nithar","172033","Kinnaur","Reckong Peo","Himachal Pradesh"
"Nogli","172022","Kinnaur","Reckong Peo","Himachal Pradesh"
"Nohra","173104","Sirmour","Nahan","Himachal Pradesh"
"Nurpur","176202","Kangra","Nurpur","Himachal Pradesh"
"Ochaghat","173223","Solan","Solan","Himachal Pradesh"
"Oel","177206","Una","Una","Himachal Pradesh"
"Paddhar","176121","Mandi","Mandi","Himachal Pradesh"
"Pahra","176087","Kangra","Dharamasala","Himachal Pradesh"
"Palampur","176061","Kangra","Palampur","Himachal Pradesh"
"Palampur","176062","Kangra","Palampur","Himachal Pradesh"
"Palhwah","177217","Una","Una","Himachal Pradesh"
"Panchrukhi","176103","Kangra","Dharamasala","Himachal Pradesh"
"Pandoga","177207","Una","Una","Himachal Pradesh"
"Pandoh","175124","Kullu","Kullu","Himachal Pradesh"
"Pangna","171306","Shimla","Shimla","Himachal Pradesh"
"Panjawar","177208","Una","Una","Himachal Pradesh"
"Panjgain","174012","Bilaspur","Bilaspur","Himachal Pradesh"
"Paonta Sahib","173025","Sirmour","Paonta Sahib","Himachal Pradesh"
"Paprola","176115","Kangra","Dharamasala","Himachal Pradesh"
"Paragpur","177107","Hamirpur","Hamirpur","Himachal Pradesh"
"Parwanoo","173220","Solan","Parwanoo","Himachal Pradesh"
"Pathiar","176050","Kangra","Dharamasala","Himachal Pradesh"
"Patlendar","176111","Hamirpur","Hamirpur","Himachal Pradesh"
"Paursa","175007","Mandi","Mandi","Himachal Pradesh"
"Pirsalohi","177034","Hamirpur","Hamirpur","Himachal Pradesh"
"Pooh","172111","Kinnaur","Reckong Peo","Himachal Pradesh"
"Pukhri","176139","Kangra","Dharamasala","Himachal Pradesh"
"Puran Nagar","174404","Mandi","Mandi","Himachal Pradesh"
"Qasba Kotla","177111","Hamirpur","Hamirpur","Himachal Pradesh"
"Rail","177045","Hamirpur","Hamirpur","Himachal Pradesh"
"Raipur","177031","Una","Una","Himachal Pradesh"
"Raison","175128","Kullu","Kullu","Himachal Pradesh"
"Rait","176208","Kangra","Dharamasala","Himachal Pradesh"
"Raja Ka Talab","176051","Kangra","Dharamasala","Himachal Pradesh"
"Rajban","173028","Sirmour","Nahan","Himachal Pradesh"
"Rajgarh","173101","Sirmour","Rajgarh","Himachal Pradesh"
"Rajhoon","176065","Kangra","Dharamasala","Himachal Pradesh"
"Rajol","176213","Kangra","Dharamasala","Himachal Pradesh"
"Rajpur","176064","Kangra","Dharamasala","Himachal Pradesh"
"Rakkar","177043","Hamirpur","Hamirpur","Himachal Pradesh"
"Rakoh","175042","Mandi","Mandi","Himachal Pradesh"
"Ram Shahar","174102","Solan","Solan","Himachal Pradesh"
"Rampur","175042","Mandi","Rampur","Himachal Pradesh"
"Rangmehal","176310","Chamba","Chamba","Himachal Pradesh"
"Ranital","176029","Kangra","Dharamasala","Himachal Pradesh"
"Ratti","175043","Mandi","Mandi","Himachal Pradesh"
"Rehan","176022","Kangra","Dharamasala","Himachal Pradesh"
"Rehlu","176222","Kangra","Dharamasala","Himachal Pradesh"
"Rekong Peo","172107","Kinnaur","Reckong Peo","Himachal Pradesh"
"Rohni","171215","Shimla","Shimla","Himachal Pradesh"
"Rohru","171207","Shimla","Rohru","Himachal Pradesh"
"Rukhri","176319","Chamba","Chamba","Himachal Pradesh"
"Sadhial","177046","Hamirpur","Hamirpur","Himachal Pradesh"
"Saigloo","175052","Mandi","Mandi","Himachal Pradesh"
"Sainj","175134","Kullu","Kullu","Himachal Pradesh"
"Sajao Piplu","175025","Mandi","Mandi","Himachal Pradesh"
"Salauni","174311","Hamirpur","Hamirpur","Himachal Pradesh"
"Saliali","176211","Kangra","Dharamasala","Himachal Pradesh"
"Salogra","173222","Solan","Solan","Himachal Pradesh"
"Saloh","177209","Una","Una","Himachal Pradesh"
"Salooni","176320","Chamba","Chamba","Himachal Pradesh"
"Samaila","175034","Mandi","Mandi","Himachal Pradesh"
"Sanaura","173102","Sirmour","Nahan","Himachal Pradesh"
"Sanawar","173202","Solan","Solan","Himachal Pradesh"
"Sandhole","176090","Mandi","Mandi","Himachal Pradesh"
"Sandhu","171217","Shimla","Shimla","Himachal Pradesh"
"Sangarh","173023","Sirmour","Nahan","Himachal Pradesh"
"Sanghole","176091","Kangra","Dharamasala","Himachal Pradesh"
"Sangla","172106","Kinnaur","Reckong Peo","Himachal Pradesh"
"Sanjauli","171006","Shimla","Shimla","Himachal Pradesh"
"Sansarpur Terrace","176501","Hamirpur","Hamirpur","Himachal Pradesh"
"Santokhgarh","174301","Una","Santokhgarh","Himachal Pradesh"
"Saproon","173211","Solan","Solan","Himachal Pradesh"
"Sarahan","173024","Sirmour","Nahan","Himachal Pradesh"
"Sarahan Bushehar","172102","Kinnaur","Reckong Peo","Himachal Pradesh"
"Sarkaghat","175024","Mandi","Sarkaghat","Himachal Pradesh"
"Sarol","176325","Chamba","Chamba","Himachal Pradesh"
"Sataun","173029","Sirmour","Nahan","Himachal Pradesh"
"Sawarghat","174011","Bilaspur","Bilaspur","Himachal Pradesh"
"Sawhan","174010","Bilaspur","Bilaspur","Himachal Pradesh"
"Seoh","175051","Mandi","Mandi","Himachal Pradesh"
"Sera","177038","Hamirpur","Hamirpur","Himachal Pradesh"
"Shahpur","176206","Kangra","Dharamasala","Himachal Pradesh"
"Shanan Power Hse","176120","Mandi","Mandi","Himachal Pradesh"
"Shayacharbroan","173103","Sirmour","Nahan","Himachal Pradesh"
"Shilaroo","171216","Shimla","Shimla","Himachal Pradesh"
"Shillai","173027","Sirmour","Nahan","Himachal Pradesh"
"Shimla","171001","Shimla","Shimla","Himachal Pradesh"
"Shogi","173219","Solan","Solan","Himachal Pradesh"
"Sihaunta","176207","Chamba","Chamba","Himachal Pradesh"
"Simla East","171002","Shimla","Shimla","Himachal Pradesh"
"Simla Sectt","171003","Shimla","Shimla","Himachal Pradesh"
"Slapper","174403","Mandi","Mandi","Himachal Pradesh"
"Solan","173212","Solan","Solan","Himachal Pradesh"
"Solan Brewery","173214","Solan","Solan","Himachal Pradesh"
"Spillo","172110","Kinnaur","Reckong Peo","Himachal Pradesh"
"Subathu","173206","Solan","Solan","Himachal Pradesh"
"Sujanpur Tira","176110","Hamirpur","Hamirpur","Himachal Pradesh"
"Sukiban","175046","Mandi","Mandi","Himachal Pradesh"
"Sullah","176085","Kangra","Dharamasala","Himachal Pradesh"
"Sultanpur","176314","Chamba","Chamba","Himachal Pradesh"
"Summer Hill","171005","Shimla","Shimla","Himachal Pradesh"
"Sunder Nagar","174401","Mandi","Mandi","Himachal Pradesh"
"Sundernagar","174401","Mandi","Mandi","Himachal Pradesh"
"Sundla","176312","Chamba","Chamba","Himachal Pradesh"
"Sunehat","177117","Hamirpur","Hamirpur","Himachal Pradesh"
"Sunhi","176037","Kangra","Dharamasala","Himachal Pradesh"
"Sunkalai","177219","Una","Una","Himachal Pradesh"
"Surargni","176317","Chamba","Chamba","Himachal Pradesh"
"Syri","171014","Shimla","Shimla","Himachal Pradesh"
"Tabo","172113","Lahul & Spiti","Keylong","Himachal Pradesh"
"Takoli","177039","Una","Una","Himachal Pradesh"
"Tallai","174030","Bilaspur","Bilaspur","Himachal Pradesh"
"Tanda","176046","Kangra","Dharamasala","Himachal Pradesh"
"Tapri","172104","Kinnaur","Reckong Peo","Himachal Pradesh"
"Tara Devi","171010","Shimla","Shimla","Himachal Pradesh"
"Tatta Pani","171302","Shimla","Shimla","Himachal Pradesh"
"Tauni Devi","177023","Hamirpur","Hamirpur","Himachal Pradesh"
"Teara","176214","Kangra","Dharamasala","Himachal Pradesh"
"Thanedar","172030","Kinnaur","Reckong Peo","Himachal Pradesh"
"Thaniari","177006","Hamirpur","Hamirpur","Himachal Pradesh"
"Thathal","177211","Una","Una","Himachal Pradesh"
"Theog","171201","Shimla","Theog","Himachal Pradesh"
"Thill","176055","Hamirpur","Hamirpur","Himachal Pradesh"
"Thore","177105","Hamirpur","Hamirpur","Himachal Pradesh"
"Thurai","176107","Kangra","Dharamasala","Himachal Pradesh"
"Tiara","176221","Kangra","Dharamasala","Himachal Pradesh"
"Tihra","175026","Mandi","Mandi","Himachal Pradesh"
"Tihri","176032","Hamirpur","Hamirpur","Himachal Pradesh"
"Tikkar","175006","Mandi","Mandi","Himachal Pradesh"
"Tikkar","171203","Shimla","Shimla","Himachal Pradesh"
"Tilokpur","176225","Kangra","Dharamasala","Himachal Pradesh"
"Tipri","177112","Hamirpur","Hamirpur","Himachal Pradesh"
"Totu","171011","Shimla","Shimla","Himachal Pradesh"
"Town Ship","174402","Mandi","Mandi","Himachal Pradesh"
"Trilokpur","173004","Sirmour","Nahan","Himachal Pradesh"
"Udaipur","175142","Lahul & Spiti","Keylong","Himachal Pradesh"
"Uhal","177022","Hamirpur","Hamirpur","Himachal Pradesh"
"Una","174303","Una","Una","Himachal Pradesh"
"Una S D C","174303","Una","Una","Himachal Pradesh"
"Yol Camp","176052","Kangra","Dharamasala","Himachal Pradesh"
"A G'S Office","180001","Jammu","Jammu","Jammu & Kashmir"
"Achabal","192201","Anantnag","Achabal","Jammu & Kashmir"
"Achan","192305","Pulwana","Pulwama","Jammu & Kashmir"
"Adda Batmaloo","190009","Srinagar","Srinagar","Jammu & Kashmir"
"Ajas","193505","Baramulla","Baramulla","Jammu & Kashmir"
"Akhnoor Adda","181201","Jammu","Jammu","Jammu & Kashmir"
"Akingam","192204","Anantnag","Anantnag","Jammu & Kashmir"
"Alusa","193508","Baramulla","Baramulla","Jammu & Kashmir"
"Amarnath Ji Yatra","192126","Anantnag","Anantnag","Jammu & Kashmir"
"Amira Kadal","190001","Srinagar","Srinagar","Jammu & Kashmir"
"Anantnag","192101","Anantnag","Anantnag","Jammu & Kashmir"
"Anantnag City","192101","Anantnag","Anantnag","Jammu & Kashmir"
"Ari","182215","Doda","Doda","Jammu & Kashmir"
"Arnas","182313","Udhampur","Udhampur","Jammu & Kashmir"
"Arnia","181131","Jammu","Arnia","Jammu & Kashmir"
"Awantipora","192122","Pulwana","Awantipora","Jammu & Kashmir"
"Ayshmuqam","192127","Anantnag","Anantnag","Jammu & Kashmir"
"B S F Camp Palora","181124","Jammu","Jammu","Jammu & Kashmir"
"Badgam","191111","Badgam","Badgam","Jammu & Kashmir"
"Badiyar Bala","190001","Srinagar","Srinagar","Jammu & Kashmir"
"Badyal","181103","Jammu","Jammu","Jammu & Kashmir"
"Bakshinagar","180001","Jammu","Jammu","Jammu & Kashmir"
"Bandipora","193502","Baramulla","Baramulla","Jammu & Kashmir"
"Bandipur Chowk","193502","Baramulla","Baramulla","Jammu & Kashmir"
"Bane","184206","Kathua","Kathua","Jammu & Kashmir"
"Banihal","182146","Doda","Banihal","Jammu & Kashmir"
"Bantalab","181123","Jammu","Jammu","Jammu & Kashmir"
"Baramulla","193101","Baramulla","Baramulla","Jammu & Kashmir"
"Bari Brahmana","181133","Jammu","Bari Brahmana","Jammu & Kashmir"
"Baroo","194105","Kargil","Kargil","Jammu & Kashmir"
"Barote","185213","Rajouri","Rajouri","Jammu & Kashmir"
"Barwal","184143","Kathua","Kathua","Jammu & Kashmir"
"Basoli","184201","Kathua","Kathua","Jammu & Kashmir"
"Batagund","192141","Anantnag","Anantnag","Jammu & Kashmir"
"Batote","182143","Doda","Batote","Jammu & Kashmir"
"Batwara","190004","Srinagar","Srinagar","Jammu & Kashmir"
"Beerwah","193411","Badgam","Beerwah","Jammu & Kashmir"
"Bhaddu","184203","Kathua","Kathua","Jammu & Kashmir"
"Bhalwal","181122","Jammu","Jammu","Jammu & Kashmir"
"Bhawani","185155","Rajouri","Rajouri","Jammu & Kashmir"
"Bhderwah","182222","Doda","Doda","Jammu & Kashmir"
"Bhoond","184208","Kathua","Kathua","Jammu & Kashmir"
"Bijbehara","192124","Anantnag","Bijbehara","Jammu & Kashmir"
"Billiwar","184204","Kathua","Kathua","Jammu & Kashmir"
"Bishnah","181132","Jammu","Jammu","Jammu & Kashmir"
"Bishnah Adda","181132","Jammu","Jammu","Jammu & Kashmir"
"Bohr Camp","180009","Jammu","Jammu","Jammu & Kashmir"
"Bomai","193220","Baramulla","Baramulla","Jammu & Kashmir"
"Brahamana","181103","Jammu","Jammu","Jammu & Kashmir"
"Brein","191121","Srinagar","Srinagar","Jammu & Kashmir"
"Budhal","185133","Rajouri","Rajouri","Jammu & Kashmir"
"Buniyar","193124","Baramulla","Baramulla","Jammu & Kashmir"
"Campus","180001","Jammu","Jammu","Jammu & Kashmir"
"Central Market","190009","Srinagar","Srinagar","Jammu & Kashmir"
"Chadoora","191113","Badgam","Badgam","Jammu & Kashmir"
"Chakrohi","181113","Jammu","Jammu","Jammu & Kashmir"
"Chandanwari","192126","Anantnag","Anantnag","Jammu & Kashmir"
"Charari Sharif","191112","Srinagar","Srinagar","Jammu & Kashmir"
"Chenani","182141","Udhampur","Chenani","Jammu & Kashmir"
"Chhamb","181205","Jammu","Jammu","Jammu & Kashmir"
"Chhan Rorian","184147","Kathua","Kathua","Jammu & Kashmir"
"Choglamsar","194104","Leh","Leh","Jammu & Kashmir"
"Chowkichowra","185134","Rajouri","Rajouri","Jammu & Kashmir"
"Court Road","190001","Srinagar","Srinagar","Jammu & Kashmir"
"Dablehar","181111","Jammu","Ranbirsinghpora","Jammu & Kashmir"
"Dadsor","192143","Anantnag","Anantnag","Jammu & Kashmir"
"Dailgam","192210","Anantnag","Anantnag","Jammu & Kashmir"
"Damhal","192143","Anantnag","Anantnag","Jammu & Kashmir"
"Dangerpora","193212","Baramulla","Baramulla","Jammu & Kashmir"
"Dansal","181224","Jammu","Jammu","Jammu & Kashmir"
"Darbar Garh","180001","Jammu","Jammu","Jammu & Kashmir"
"Delina","193106","Baramulla","Baramulla","Jammu & Kashmir"
"Dharamsal","185211","Poonch","Poonch","Jammu & Kashmir"
"Dhounthly Bazar","180001","Jammu","Jammu","Jammu & Kashmir"
"Dialachak","184144","Kathua","Kathua","Jammu & Kashmir"
"Dingam Amb","184146","Kathua","Kathua","Jammu & Kashmir"
"Dingiwacha","193303","Baramulla","Baramulla","Jammu & Kashmir"
"Diskit","194401","Leh","Leh","Jammu & Kashmir"
"Doabgah","193209","Baramulla","Baramulla","Jammu & Kashmir"
"Doda","182202","Doda","Doda","Jammu & Kashmir"
"Dodar Hama","191205","Srinagar","Srinagar","Jammu & Kashmir"
"Dologra","185134","Rajouri","Rajouri","Jammu & Kashmir"
"Doru","192211","Badgam","Badgam","Jammu & Kashmir"
"Draba","185122","Poonch","Poonch","Jammu & Kashmir"
"Drass","194102","Kargil","Kargil","Jammu & Kashmir"
"Drugmula","193228","Kupwara","Kupwara","Jammu & Kashmir"
"Dumana","181206","Jammu","Jammu","Jammu & Kashmir"
"Durganagh","190001","Srinagar","Srinagar","Jammu & Kashmir"
"Durhat Malkan","185135","Rajouri","Rajouri","Jammu & Kashmir"
"Fateh Kadal","190002","Srinagar","Srinagar","Jammu & Kashmir"
"Fatehpura","192214","Anantnag","Anantnag","Jammu & Kashmir"
"Gairo","192144","Anantnag","Anantnag","Jammu & Kashmir"
"Ganderbal","191201","Srinagar","Ganderbal","Jammu & Kashmir"
"Gandhi Nagar","180004","Jammu","Jammu","Jammu & Kashmir"
"Gandhi Nagar Jt","181152","Jammu","Jammu","Jammu & Kashmir"
"Gangyal","180010","Jammu","Jammu","Jammu & Kashmir"
"Gantamulla","193124","Baramulla","Baramulla","Jammu & Kashmir"
"Garhi","182121","Udhampur","Udhampur","Jammu & Kashmir"
"General Bus Stand","180001","Jammu","Jammu","Jammu & Kashmir"
"Ghagwal","184141","Kathua","Kathua","Jammu & Kashmir"
"Ghat","182220","Doda","Doda","Jammu & Kashmir"
"Gho Brahamana","181142","Jammu","Jammu","Jammu & Kashmir"
"Ghoman Hassan","180008","Jammu","Samba","Jammu & Kashmir"
"Gouripora","192145","Anantnag","Anantnag","Jammu & Kashmir"
"Gulmarg","193403","Baramulla","Gulmarg","Jammu & Kashmir"
"Gurah Salathian","181143","Jammu","Jammu","Jammu & Kashmir"
"Guru Nanak Nagar","180004","Jammu","Jammu","Jammu & Kashmir"
"Habba Kadal","190001","Srinagar","Srinagar","Jammu & Kashmir"
"Hadipora","193208","Baramulla","Baramulla","Jammu & Kashmir"
"Haigam","193131","Baramulla","Baramulla","Jammu & Kashmir"
"Hajan","193509","Baramulla","Hajan","Jammu & Kashmir"
"Halqa","181208","Jammu","Jammu","Jammu & Kashmir"
"Hamirpur","181209","Jammu","Jammu","Jammu & Kashmir"
"Hanad Chowlgam","192234","Anantnag","Anantnag","Jammu & Kashmir"
"Handwara","193221","Baramulla","Handwara","Jammu & Kashmir"
"Hanjipora","192233","Anantnag","Anantnag","Jammu & Kashmir"
"Hanjiwera","193220","Baramulla","Baramulla","Jammu & Kashmir"
"Harni","185214","Rajouri","Rajouri","Jammu & Kashmir"
"Harwan","191123","Srinagar","Srinagar","Jammu & Kashmir"
"Hawal","193302","Pulwana","Pulwama","Jammu & Kashmir"
"Hira Nagar","184142","Kathua","Kathua","Jammu & Kashmir"
"Hyderpura","190014","Srinagar","Srinagar","Jammu & Kashmir"
"Ichgam","191116","Badgam","Badgam","Jammu & Kashmir"
"Industrial Complex","181133","Jammu","Jammu","Jammu & Kashmir"
"Industrial Estate","180003","Jammu","Jammu","Jammu & Kashmir"
"Industrial Estate","184102","Kathua","Kathua","Jammu & Kashmir"
"Jaganoo","182124","Udhampur","Udhampur","Jammu & Kashmir"
"Jakh","181134","Jammu","Jammu","Jammu & Kashmir"
"Jama Masjid","182202","Doda","Doda","Jammu & Kashmir"
"Jamia Masjid","190002","Srinagar","Srinagar","Jammu & Kashmir"
"Jamipura","180007","Jammu","Jammu","Jammu & Kashmir"
"Jammu Cantt","180003","Jammu","Jammu","Jammu & Kashmir"
"Jammu Market","180001","Jammu","Jammu","Jammu & Kashmir"
"Jammu Motel","180001","Jammu","Jammu","Jammu & Kashmir"
"Jammu Motel","180005","Jammu","Jammu","Jammu & Kashmir"
"Jammu Tawi","180001","Jammu","Jammu","Jammu & Kashmir"
"Jammu Tawi","180003","Jammu","Jammu","Jammu & Kashmir"
"Jammu Tawi","180004","Jammu","Jammu","Jammu & Kashmir"
"Jammu University","180001","Jammu","Jammu","Jammu & Kashmir"
"Janglot","184103","Kathua","Kathua","Jammu & Kashmir"
"Jawahir Nagar","185132","Rajouri","Rajouri","Jammu & Kashmir"
"Jourian","181202","Jammu","Jourian","Jammu & Kashmir"
"Jyotipuram","182312","Udhampur","Udhampur","Jammu & Kashmir"
"Kachi Chawni","180001","Jammu","Jammu","Jammu & Kashmir"
"Kala Kot","185102","Poonch","Poonch","Jammu & Kashmir"
"Kalusa","193506","Baramulla","Baramulla","Jammu & Kashmir"
"Kamilwan","192404","Anantnag","Anantnag","Jammu & Kashmir"
"Kandoli","193506","Baramulla","Baramulla","Jammu & Kashmir"
"Kangan","191202","Srinagar","Srinagar","Jammu & Kashmir"
"Kangri","185156","Rajouri","Rajouri","Jammu & Kashmir"
"Karalpora","192304","Pulwana","Pulwana","Jammu & Kashmir"
"Karan Nagar","180001","Jammu","Jammu","Jammu & Kashmir"
"Karan Nagar","180005","Jammu","Jammu","Jammu & Kashmir"
"Karan Nagar","190010","Srinagar","Srinagar","Jammu & Kashmir"
"Kargil","194103","Kargil","Kargil","Jammu & Kashmir"
"Kashmir University","190006","Srinagar","Srinagar","Jammu & Kashmir"
"Kastigarh","190010","Srinagar","Srinagar","Jammu & Kashmir"
"Kathidarwaza","190003","Srinagar","Srinagar","Jammu & Kashmir"
"Kathua","184101","Kathua","Kathua","Jammu & Kashmir"
"Kathua","184102","Kathua","Kathua","Jammu & Kashmir"
"Kathua","184104","Kathua","Kathua","Jammu & Kashmir"
"Katra","182301","Udhampur","Katra","Jammu & Kashmir"
"Ketranka","185136","Rajouri","Rajouri","Jammu & Kashmir"
"Khabaji Bagh","193103","Baramulla","Baramulla","Jammu & Kashmir"
"Khaltsi","194106","Leh","Leh","Jammu & Kashmir"
"Khan Pora","193108","Badgam","Badgam","Jammu & Kashmir"
"Khanabai","192102","Anantnag","Anantnag","Jammu & Kashmir"
"Khanyar","190003","Srinagar","Srinagar","Jammu & Kashmir"
"Kheri","193103","Baramulla","Baramulla","Jammu & Kashmir"
"Khog","184207","Kathua","Kathua","Jammu & Kashmir"
"Khour","181203","Jammu","Khour","Jammu & Kashmir"
"Khour Deviani","181114","Jammu","Jammu","Jammu & Kashmir"
"Khrew","191103","Srinagar","Khrew","Jammu & Kashmir"
"Khunmoh","191104","Srinagar","Srinagar","Jammu & Kashmir"
"Kirmchi","182123","Udhampur","Udhampur","Jammu & Kashmir"
"Kishtwar","182204","Badgam","Kishtwar","Jammu & Kashmir"
"Kokar Nag","192202","Anantnag","Anantnag","Jammu & Kashmir"
"Kothjhajjar","181212","Jammu","Jammu","Jammu & Kashmir"
"Kotle Colono","180005","Jammu","Jammu","Jammu & Kashmir"
"Kralapora","191114","Kupwara","Kupwara","Jammu & Kashmir"
"Kralapora","193226","Kupwara","Kupwara","Jammu & Kashmir"
"Kralpora","191114","Kupwara","Kupwara","Jammu & Kashmir"
"Kreri","193198","Baramulla","Baramulla","Jammu & Kashmir"
"Krishen Nagar","184101","Kathua","Kathua","Jammu & Kashmir"
"Krishna Nagar","180001","Jammu","Jammu","Jammu & Kashmir"
"Kud","182142","Udhampur","Kud","Jammu & Kashmir"
"Kulgam","192231","Anantnag","Kulgam","Jammu & Kashmir"
"Kunzer","193404","Baramulla","Kunzer","Jammu & Kashmir"
"Kupwara","193222","Kupwara","Kupwara","Jammu & Kashmir"
"Lakhanpur","184152","Kathua","Kathua","Jammu & Kashmir"
"Lal Bazar","190011","Srinagar","Srinagar","Jammu & Kashmir"
"Lal Chowk","190001","Srinagar","Srinagar","Jammu & Kashmir"
"Lamberi","185152","Rajouri","Rajouri","Jammu & Kashmir"
"Langet","193302","Baramulla","Baramulla","Jammu & Kashmir"
"Larkipora","192213","Anantnag","Anantnag","Jammu & Kashmir"
"Leh","194101","Leh","Leh","Jammu & Kashmir"
"Link Road","180001","Jammu","Jammu","Jammu & Kashmir"
"Loran","185123","Poonch","Poonch","Jammu & Kashmir"
"Magam","193230","Kupwara","Magam","Jammu & Kashmir"
"Magam Handwara","193228","Kupwara","Kupwara","Jammu & Kashmir"
"Mahanpur","184202","Kathua","Kathua","Jammu & Kashmir"
"Mahore","182315","Udhampur","Udhampur","Jammu & Kashmir"
"Maidan Chowgal","193229","Kupwara","Kupwara","Jammu & Kashmir"
"Maindi Kadal","192101","Anantnag","Anantnag","Jammu & Kashmir"
"Majalta","192127","Anantnag","Anantnag","Jammu & Kashmir"
"Majouri","182128","Udhampur","Udhampur","Jammu & Kashmir"
"Malang Pora","192306","Pulwana","Pulwama","Jammu & Kashmir"
"Mandi","185120","Rajouri","Rajouri","Jammu & Kashmir"
"Mandura","192142","Anantnag","Anantnag","Jammu & Kashmir"
"Mantalai","182161","Doda","Doda","Jammu & Kashmir"
"Martand","192125","Anantnag","Anantnag","Jammu & Kashmir"
"Medical College","182205","Doda","Doda","Jammu & Kashmir"
"Mendhar","185211","Poonch","Poonch","Jammu & Kashmir"
"Metsopore","193202","Baramulla","Baramulla","Jammu & Kashmir"
"Mini Sectt","192125","Anantnag","Anantnag","Jammu & Kashmir"
"Mir","182125","Udhampur","Udhampur","Jammu & Kashmir"
"Miran Sahib","181101","Jammu","Jammu","Jammu & Kashmir"
"Mohora","193122","Baramulla","Baramulla","Jammu & Kashmir"
"Mukerji Rd","182101","Udhampur","Udhampur","Jammu & Kashmir"
"Mulbith","194109","Kargil","Kargil","Jammu & Kashmir"
"Muslim Educational Tst","193201","Baramulla","Baramulla","Jammu & Kashmir"
"Muthi Camp","181124","Jammu","Jammu","Jammu & Kashmir"
"Nadihal","193507","Baramulla","Baramulla","Jammu & Kashmir"
"Nagarota","181221","Jammu","Jammu","Jammu & Kashmir"
"Nand Pora","181144","Jammu","Jammu","Jammu & Kashmir"
"Nanil","192128","Anantnag","Anantnag","Jammu & Kashmir"
"Naoshehra","185151","Rajouri","Rajouri","Jammu & Kashmir"
"Naoshera","190011","Srinagar","Srinagar","Jammu & Kashmir"
"Narwara","190002","Srinagar","Srinagar","Jammu & Kashmir"
"Naseem Bagh","190006","Srinagar","Srinagar","Jammu & Kashmir"
"Natipora","190015","Srinagar","Srinagar","Jammu & Kashmir"
"Nawa Bazar","190002","Srinagar","Srinagar","Jammu & Kashmir"
"Nehru Park","190001","Srinagar","Srinagar","Jammu & Kashmir"
"New Secretariat","180001","Jammu","Jammu","Jammu & Kashmir"
"Nowshera","193125","Baramulla","Baramulla","Jammu & Kashmir"
"Nuner","191204","Srinagar","Srinagar","Jammu & Kashmir"
"Old Hospital Rd","180001","Jammu","Jammu","Jammu & Kashmir"
"P T S","182103","Udhampur","Udhampur","Jammu & Kashmir"
"Padam Zanskar","194302","Leh","Leh","Jammu & Kashmir"
"Pahalgam","192126","Anantnag","Pahalgam","Jammu & Kashmir"
"Palhalan","193130","Baramulla","Baramulla","Jammu & Kashmir"
"Pallanwala","181204","Jammu","Jammu","Jammu & Kashmir"
"Palpora","191141","Srinagar","Srinagar","Jammu & Kashmir"
"Pampora","192121","Pulwana","Pulwana","Jammu & Kashmir"
"Panchtarni","192126","Anantnag","Anantnag","Jammu & Kashmir"
"Pandech","190016","Srinagar","Srinagar","Jammu & Kashmir"
"Pandrethan","191101","Srinagar","Srinagar","Jammu & Kashmir"
"Panthachok","191101","Srinagar","Srinagar","Jammu & Kashmir"
"Parimpora","190017","Srinagar","Srinagar","Jammu & Kashmir"
"Parlawand","184101","Kathua","Kathua","Jammu & Kashmir"
"Parole","184151","Kathua","Parole","Jammu & Kashmir"
"Parole","191101","Srinagar","Parole","Jammu & Kashmir"
"Pattan","193121","Baramulla","Pattan","Jammu & Kashmir"
"Pavanpuram","182314","Udhampur","Udhampur","Jammu & Kashmir"
"Pinglina","192307","Pulwana","Pulwana","Jammu & Kashmir"
"Pirmitha","180001","Jammu","Jammu","Jammu & Kashmir"
"Plaura","181121","Jammu","Jammu","Jammu & Kashmir"
"Plaura B S F Camp","181124","Jammu","Jammu","Jammu & Kashmir"
"Poni","185203","Udhampur","Udhampur","Jammu & Kashmir"
"Poonch","185101","Poonch","Poonch","Jammu & Kashmir"
"Poonch Fort","185101","Poonch","Poonch","Jammu & Kashmir"
"Pragwal","181207","Jammu","Jammu","Jammu & Kashmir"
"Puldoda","182201","Doda","Doda","Jammu & Kashmir"
"Pulwama","192301","Pulwana","Pulwana","Jammu & Kashmir"
"Puran Nagar","180005","Jammu","Jammu","Jammu & Kashmir"
"Purmandal","181145","Jammu","Jammu","Jammu & Kashmir"
"Qaimoh","192230","Anantnag","Anantnag","Jammu & Kashmir"
"Qazigund","192221","Anantnag","Qazigund","Jammu & Kashmir"
"Qilla Bahu","180005","Jammu","Jammu","Jammu & Kashmir"
"R S Pura Bus Stnd","181102","Jammu","Jammu","Jammu & Kashmir"
"Raghunath Bazar","180001","Jammu","Jammu","Jammu & Kashmir"
"Raika","181151","Jammu","Jammu","Jammu & Kashmir"
"Rainawari","190003","Srinagar","Srinagar","Jammu & Kashmir"
"Raj Ghat","193102","Baramulla","Baramulla","Jammu & Kashmir"
"Rajghat","193101","Baramulla","Baramulla","Jammu & Kashmir"
"Rajouri","185131","Rajouri","Rajouri","Jammu & Kashmir"
"Rajouri","185158","Rajouri","Rajouri","Jammu & Kashmir"
"Rajpora","184145","Udhampur","Udhampur","Jammu & Kashmir"
"Ram Nagar","182122","Udhampur","Udhampur","Jammu & Kashmir"
"Rambagh","190009","Srinagar","Srinagar","Jammu & Kashmir"
"Rambal","182121","Udhampur","Udhampur","Jammu & Kashmir"
"Ramban","182144","Doda","Ramban","Jammu & Kashmir"
"Rambir Singh Pora","181102","Jammu","Jammu","Jammu & Kashmir"
"Ramgarh","181141","Jammu","Jammu","Jammu & Kashmir"
"Ramkot","184205","Kathua","Kathua","Jammu & Kashmir"
"Ramsu","182145","Doda","Doda","Jammu & Kashmir"
"Rathana","181112","Jammu","Ranbirsinghpora","Jammu & Kashmir"
"Ratnipora","192309","Pulwana","Pulwana","Jammu & Kashmir"
"Rattian","181105","Jammu","Jammu","Jammu & Kashmir"
"Reasi","182311","Udhampur","Reasi","Jammu & Kashmir"
"Rehadi","180005","Jammu","Jammu","Jammu & Kashmir"
"Roan","182126","Udhampur","Udhampur","Jammu & Kashmir"
"Rohama","193301","Baramulla","Baramulla","Jammu & Kashmir"
"Safa Kadal","190002","Srinagar","Srinagar","Jammu & Kashmir"
"Safapora","193504","Baramulla","Baramulla","Jammu & Kashmir"
"Sagam","192203","Anantnag","Anantnag","Jammu & Kashmir"
"Sainik Coloney","180011","Jammu","Jammu","Jammu & Kashmir"
"Samba","184121","Jammu","Samba","Jammu & Kashmir"
"Samba Adda","184121","Jammu","Jammu","Jammu & Kashmir"
"Samote","185121","Poonch","Poonch","Jammu & Kashmir"
"Sangrama","193132","Baramulla","Baramulla","Jammu & Kashmir"
"Sanjimore","184148","Kathua","Kathua","Jammu & Kashmir"
"Sankoo","194301","Kargil","Kargil","Jammu & Kashmir"
"Santnagar","190005","Srinagar","Srinagar","Jammu & Kashmir"
"Sarnal Janglat Mandi","192101","Anantnag","Anantnag","Jammu & Kashmir"
"Sathoo","190001","Srinagar","Srinagar","Jammu & Kashmir"
"Seer Jagir","193211","Baramulla","Baramulla","Jammu & Kashmir"
"Seer Kanilgund","192129","Anantnag","Anantnag","Jammu & Kashmir"
"Seeri","185159","Rajouri","Rajouri","Jammu & Kashmir"
"Shadipora","192308","Pulwana","Pulwana","Jammu & Kashmir"
"Shaid Chowk","180001","Jammu","Jammu","Jammu & Kashmir"
"Shakti Nagar","180001","Jammu","Jammu","Jammu & Kashmir"
"Shakti Nagar","182101","Udhampur","Udhampur","Jammu & Kashmir"
"Shamswari","190002","Srinagar","Srinagar","Jammu & Kashmir"
"Sheri Kashmir Police","180011","Jammu","Jammu","Jammu & Kashmir"
"Shopian","192303","Pulwana","Pulwana","Jammu & Kashmir"
"Sidhar","181209","Jammu","Jammu","Jammu & Kashmir"
"Simbal Camp","181104","Jammu","Jammu","Jammu & Kashmir"
"Singh Pora Kalan","193105","Baramulla","Baramulla","Jammu & Kashmir"
"Sk Sub Fagn Post","190001","Srinagar","Srinagar","Jammu & Kashmir"
"Sogm","193223","Kupwara","Kupwara","Jammu & Kashmir"
"Solki","185201","Rajouri","Rajouri","Jammu & Kashmir"
"Sonamarg","191203","Srinagar","Srinagar","Jammu & Kashmir"
"Sonawari","191203","Srinagar","Srinagar","Jammu & Kashmir"
"Sopore","193201","Baramulla","Sopore","Jammu & Kashmir"
"Sopore Chowk","193201","Baramulla","Baramulla","Jammu & Kashmir"
"Srigofara","192401","Anantnag","Anantnag","Jammu & Kashmir"
"Srinagar","190008","Srinagar","Srinagar","Jammu & Kashmir"
"Srinagar Airport","190007","Srinagar","Srinagar","Jammu & Kashmir"
"Srinagar G P O","190001","Srinagar","Srinagar","Jammu & Kashmir"
"Srinagar Sectt","190009","Srinagar","Srinagar","Jammu & Kashmir"
"Sriranbir Gunj","190002","Srinagar","Srinagar","Jammu & Kashmir"
"Subhash Nagar","180005","Jammu","Jammu","Jammu & Kashmir"
"Sudh Mahadev","182160","Doda","Doda","Jammu & Kashmir"
"Sumbal","193501","Baramulla","Sumbal","Jammu & Kashmir"
"Sunderbani","185153","Rajouri","Sunderbani","Jammu & Kashmir"
"T R Centre","190001","Srinagar","Srinagar","Jammu & Kashmir"
"Tahab","182104","Udhampur","Udhampur","Jammu & Kashmir"
"Talab Tiloo","180002","Jammu","Jammu","Jammu & Kashmir"
"Talwara Coloney","182320","Udhampur","Udhampur","Jammu & Kashmir"
"Tang Marg","193402","Baramulla","Baramulla","Jammu & Kashmir"
"Tangdhar","193225","Kupwara","Kupwara","Jammu & Kashmir"
"Thana Mandi","185212","Rajouri","Rajouri","Jammu & Kashmir"
"Thandapani","185157","Rajouri","Rajouri","Jammu & Kashmir"
"Thatri","182203","Doda","Doda","Jammu & Kashmir"
"Thiksay","194201","Leh","Leh","Jammu & Kashmir"
"Tikri","181223","Jammu","Jammu","Jammu & Kashmir"
"Training Centre","180011","Jammu","Jammu","Jammu & Kashmir"
"Tral","192123","Pulwana","Tral","Jammu & Kashmir"
"Transport Yard","180004","Jammu","Jammu","Jammu & Kashmir"
"Trehgam","193224","Kupwara","Kupwara","Jammu & Kashmir"
"Trikuta Nagarrly Stn","180004","Jammu","Jammu","Jammu & Kashmir"
"Tullmulla","191131","Srinagar","Srinagar","Jammu & Kashmir"
"Udhampur","182101","Udhampur","Udhampur","Jammu & Kashmir"
"Udhampur","182104","Udhampur","Udhampur","Jammu & Kashmir"
"Udhampur Courts","182101","Udhampur","Udhampur","Jammu & Kashmir"
"Udrana","180221","Doda","Doda","Jammu & Kashmir"
"Uri","193123","Baramulla","Uri","Jammu & Kashmir"
"Ushkara","193107","Baramulla","Baramulla","Jammu & Kashmir"
"Vaishno Devi","182302","Udhampur","Udhampur","Jammu & Kashmir"
"Varinag","192212","Anantnag","Anantnag","Jammu & Kashmir"
"Veeri","192403","Anantnag","Anantnag","Jammu & Kashmir"
"Vijay Pur","184120","Jammu","Vijay Pur","Jammu & Kashmir"
"Vinayak Bazar","180001","Jammu","Jammu","Jammu & Kashmir"
"Wagoora","193109","Baramulla","Baramulla","Jammu & Kashmir"
"Wathora","191115","Srinagar","Srinagar","Jammu & Kashmir"
"Wuyan","191102","Srinagar","Srinagar","Jammu & Kashmir"
"Yaripora","192232","Anantnag","Anantnag","Jammu & Kashmir"
"Zachaldara","193227","Kupwara","Kupwara","Jammu & Kashmir"
"Zainakot","190012","Srinagar","Srinagar","Jammu & Kashmir"
"Bhandra","835306","Ranchi","Ranchi","Jharkhand"
"Chainpur","835206","Ranchi","Ranchi","Jharkhand"
"Gobindpur Ranchi","835234","Ranchi","Ranchi","Jharkhand"
"Ranchi","834001","Ranchi","Ranchi","Jharkhand"
"Ranchi Aerodrome","834002","Ranchi","Ranchi","Jharkhand"
"Ranchi Agri College","834006","Ranchi","Ranchi","Jharkhand"
"Ranchi Court","834001","Ranchi","Ranchi","Jharkhand"
"Ranchi Medical College","834009","Ranchi","Ranchi","Jharkhand"
"Ranchi Medical College C","834008","Ranchi","Ranchi","Jharkhand"
"Ranchi University","834008","Ranchi","Ranchi","Jharkhand"
"Ranchi Veterinary College","834007","Ranchi","Ranchi","Jharkhand"
"Acc Colony","828104","Dhanbad","Dhanbad","Jharkhand"
"Adityapur","831013","Purbi Singbhum","Adityapur","Jharkhand"
"Adityapur","831013","Paschimi Singhbhum","Adityapur","Jharkhand"
"Adityapur Industrial Area","832109","Purbi Singbhum","Jamshedpur","Jharkhand"
"Adityapura Ind. Area","832109","Paschimi Singhbhum","Paschimi Singhbhum","Jharkhand"
"Agrico","831009","Purbi Singbhum","Jamshedpur","Jharkhand"
"Agrico","831009","Paschimi Singhbhum","Paschimi Singhbhum","Jharkhand"
"Amda","833101","Paschimi Singhbhum","Paschimi Singhbhum","Jharkhand"
"Amlabad Colliery","828311","Dhanbad","Dhanbad","Jharkhand"
"Amrapara","814111","Dumka","Dumka","Jharkhand"
"Amrapara","814111","Pakaur","Pakaur","Jharkhand"
"Argada","829101","Hazaribagh","Hazaribagh","Jharkhand"
"Asanbani","816123","Dumka","Dumka","Jharkhand"
"Azad Nagar","832110","Purbi Singbhum","Jamshedpur","Jharkhand"
"Azad Nagar","832110","Paschimi Singhbhum","Paschimi Singhbhum","Jharkhand"
"Bachra","829201","Hazaribagh","Hazaribagh","Jharkhand"
"Bagodar","825332","Giridih","Giridih","Jharkhand"
"Baharagora","832101","Purbi Singbhum","Jamshedpur","Jharkhand"
"Baharagora","832101","Paschimi Singhbhum","Paschimi Singhbhum","Jharkhand"
"Baidyanath Deoghar Ho.","814112","Deoghar","Deoghar","Jharkhand"
"Baidyanath Deoghar Ho.","814112","Deoghar","Deoghar","Jharkhand"
"Baliapur","828101","Dhanbad","Dhanbad","Jharkhand"
"Balidih","827014","Dhanbad","Dhanbad","Jharkhand"
"Balkudra","829143","Hazaribagh","Hazaribagh","Jharkhand"
"Balunmath","829202","Palamu","Palamu","Jharkhand"
"Banmore","835201","Gumla","Gumla","Jharkhand"
"Bano","835201","Bokaro","Bokaro","Jharkhand"
"Bansjora","828101","Dhanbad","Dhanbad","Jharkhand"
"Barahait","816102","Sahebganj","Sahebganj","Jharkhand"
"Barajamda","833221","Paschimi Singhbhum","Paschimi Singhbhum","Jharkhand"
"Barharwa","816101","Sahebganj","Sahebganj","Jharkhand"
"Barhi","825405","Hazaribagh","Hazaribagh","Jharkhand"
"Baridhi Colony","831017","Paschimi Singhbhum","Paschimi Singhbhum","Jharkhand"
"Baridih Colony","831017","Purbi Singbhum","Jamshedpur","Jharkhand"
"Barkakhana","829102","Hazaribagh","Hazaribagh","Jharkhand"
"Barkakhana Nt","829103","Hazaribagh","Hazaribagh","Jharkhand"
"Barkatha","825223","Hazaribagh","Hazaribagh","Jharkhand"
"Barwadih","822111","Palamu","Palamu","Jharkhand"
"Basia","835229","Gumla","Gumla","Jharkhand"
"Basukinath Dham","814118","Dumka","Dumka","Jharkhand"
"Benagaria","816103","Dumka","Dumka","Jharkhand"
"Bengabad","815312","Giridih","Giridih","Jharkhand"
"Beniadih","815311","Giridih","Giridih","Jharkhand"
"Bermo","835104","Bokaro","Bermo","Jharkhand"
"Bero","835202","Ranchi","Ranchi","Jharkhand"
"Bhadani Nagar","829105","Hazaribagh","Hazaribagh","Jharkhand"
"Bhaga","828301","Dhanbad","Dhanbad","Jharkhand"
"Bhagabandh","828102","Dhanbad","Dhanbad","Jharkhand"
"Bhandaridah","815301","Grahwa","Grahwa","Jharkhand"
"Bhandra","835306","Lohardaga","Lohardaga","Jharkhand"
"Bhareet Nagar","829146","Hazaribagh","Hazaribagh","Jharkhand"
"Bhatdih","828308","Dhanbad","Dhanbad","Jharkhand"
"Bhawnathpur","822112","Grahwa","Grahwa","Jharkhand"
"Bhawnathpur Township","822129","Palamu","Palamu","Jharkhand"
"Bhelatand","828103","Dhanbad","Dhanbad","Jharkhand"
"Bhojudih","828303","Dhanbad","Dhanbad","Jharkhand"
"Bhowra","828302","Dhanbad","Dhanbad","Jharkhand"
"Bhulan Barari","828133","Dhanbad","Dhanbad","Jharkhand"
"Bhuli","828104","Dhanbad","Dhanbad","Jharkhand"
"Bhurkunda","829135","Hazaribagh","Hazaribagh","Jharkhand"
"Bhurkunda Bazar","829106","Hazaribagh","Hazaribagh","Jharkhand"
"Biru","835228","Gumla","Gumla","Jharkhand"
"Bistupur Bazar","831001","Purbi Singbhum","Jamshedpur","Jharkhand"
"Bistupur Gate","831001","Purbi Singbhum","Jamshedpur","Jharkhand"
"Bokaro Steel City","827012","Bokaro","Bokaro","Jharkhand"
"Bokaro Steel City","827012","Bokaro","Bokaro","Jharkhand"
"Bokaro Steel City Ho.","827001","Bokaro","Bokaro","Jharkhand"
"Bokaro Steel City Rs","827010","Bokaro","Bokaro","Jharkhand"
"Bokaro Steel City So","827011","Bokaro","Bokaro","Jharkhand"
"Bokaro Thermal","829107","Bokaro","Bokaro","Jharkhand"
"Boreya","835240","Ranchi","Ranchi","Jharkhand"
"Boria","816120","Sahebganj","Sahebganj","Jharkhand"
"Brambe","835205","Ranchi","Ranchi","Jharkhand"
"Bsf Meerut","825317","Hazaribagh","Hazaribagh","Jharkhand"
"Bundu","835204","Ranchi","Bundu","Jharkhand"
"Burma Mines","831007","Purbi Singbhum","Jamshedpur","Jharkhand"
"Burma Mines","831007","Paschimi Singhbhum","Paschimi Singhbhum","Jharkhand"
"Burma Mines","831007","Paschimi Singhbhum","Paschimi Singhbhum","Jharkhand"
"Cable Township","831003","Purbi Singbhum","Jamshedpur","Jharkhand"
"Chaibasa Ho.","833201","Paschimi Singhbhum","Paschimi Singhbhum","Jharkhand"
"Chaibasa Ho.","833201","Paschimi Singhbhum","Paschimi Singhbhum","Jharkhand"
"Chaibasa Ho.","833201","Paschimi Singhbhum","Paschimi Singhbhum","Jharkhand"
"Chainpur","835206","Ranchi","Ranchi","Jharkhand"
"Chakkulia","832301","Paschimi Singhbhum","Paschimi Singhbhum","Jharkhand"
"Chakradharpur","833102","Paschimi Singhbhum","Chakradharpur","Jharkhand"
"Chakradharpur","833102","Paschimi Singhbhum","Chakradharpur","Jharkhand"
"Champi","829141","Bokaro","Bokaro","Jharkhand"
"Chandankiari","828134","Bokaro","Bokaro","Jharkhand"
"Chandil","832401","Paschimi Singhbhum","Chandil","Jharkhand"
"Chandrapura","828403","Giridih","Chandrapura","Jharkhand"
"Chandwa","829203","Palamu","Palamu","Jharkhand"
"Chandwara","825421","Hazaribagh","Hazaribagh","Jharkhand"
"Chanho","835239","Ranchi","Ranchi","Jharkhand"
"Charhi","825336","Hazaribagh","Hazaribagh","Jharkhand"
"Chas","827013","Bokaro","Chas","Jharkhand"
"Chasnala","828135","Dhanbad","Dhanbad","Jharkhand"
"Chatra","825401","Chatra","Chatra","Jharkhand"
"Chauparan","825406","Hazaribagh","Hazaribagh","Jharkhand"
"Chhatarpur","822113","Palamu","Palamu","Jharkhand"
"Chinanki","822133","Palamu","Palamu","Jharkhand"
"Chipadohar","829204","Palamu","Palamu","Jharkhand"
"Chiria","833106","Paschimi Singhbhum","Chiria","Jharkhand"
"Chirkunda","828202","Dhanbad","Chirkunda","Jharkhand"
"Chitarpur","825101","Hazaribagh","Hazaribagh","Jharkhand"
"Chotamuri","835101","Ranchi","Ranchi","Jharkhand"
"Dakra Colliery","829210","Ranchi","Ranchi","Jharkhand"
"Daltonganj College","822102","Palamu","Palamu","Jharkhand"
"Daltonganj College","832102","Purbi Singbhum","Jamshedpur","Jharkhand"
"Daltonganj Ho.","822101","Palamu","Palamu","Jharkhand"
"Daltonganj Ho.","822101","Palamu","Palamu","Jharkhand"
"Daltonganj Ho.","822101","Palamu","Palamu","Jharkhand"
"Daltonganj Ho.","822101","Palamu","Palamu","Jharkhand"
"Danguaposi","833212","Paschimi Singhbhum","Paschimi Singhbhum","Jharkhand"
"Daroo","825313","Hazaribagh","Hazaribagh","Jharkhand"
"Deo Sang Bompas Tower","814114","Deoghar","Deoghar","Jharkhand"
"Deoghar College","814113","Deoghar","Deoghar","Jharkhand"
"Dhalbhum Garh","832302","Paschimi Singhbhum","Paschimi Singhbhum","Jharkhand"
"Dhanbad Ho.","826001","Dhanbad","Dhanbad","Jharkhand"
"Dhanbad Ho.","826001","Dhanbad","Dhanbad","Jharkhand"
"Dhanbad Ho.","826001","Dhanbad","Dhanbad","Jharkhand"
"Dhanbad Ho.","826001","Dhanbad","Dhanbad","Jharkhand"
"Dhanbad Ho.","826001","Dhanbad","Dhanbad","Jharkhand"
"Dhanbad Ho.","826001","Dhanbad","Dhanbad","Jharkhand"
"Dhanbad Ho.","826001","Dhanbad","Dhanbad","Jharkhand"
"Dhanbad Ho.","826001","Dhanbad","Dhanbad","Jharkhand"
"Dhansar","828106","Dhanbad","Dhanbad","Jharkhand"
"Dhori","825102","Hazaribagh","Hazaribagh","Jharkhand"
"Dhurwa","834004","Ranchi","Ranchi","Jharkhand"
"Dhurwa","834004","Ranchi","Ranchi","Jharkhand"
"Dhurwa","834004","Ranchi","Ranchi","Jharkhand"
"Dhurwa","834004","Ranchi","Ranchi","Jharkhand"
"Dhurwa","834004","Ranchi","Ranchi","Jharkhand"
"Dhurwa","834004","Ranchi","Ranchi","Jharkhand"
"Dhurwa","834004","Ranchi","Ranchi","Jharkhand"
"Domchanch","825407","Hazaribagh","Hazaribagh","Jharkhand"
"Domchanch Bazar","825418","Hazaribagh","Hazaribagh","Jharkhand"
"Domgarh","828107","Dhanbad","Dhanbad","Jharkhand"
"Dugda Coal Washery","828404","Giridih","Giridih","Jharkhand"
"Dumka Ho.","814101","Dumka","Dumka","Jharkhand"
"Dumka Ho.","814101","Dumka","Dumka","Jharkhand"
"Dumka Ho.","814101","Dumka","Dumka","Jharkhand"
"Dumka Ho.","814101","Dumka","Dumka","Jharkhand"
"Dumka Ho.","814101","Dumka","Dumka","Jharkhand"
"Dumka Ho.","814101","Dumka","Dumka","Jharkhand"
"Dumuria","832111","Purbi Singbhum","Jamshedpur","Jharkhand"
"Fatehpur","814166","Dumka","Dumka","Jharkhand"
"Foundry Works","831007","Purbi Singbhum","Jamshedpur","Jharkhand"
"Fuel Research Institute","828108","Dhanbad","Dhanbad","Jharkhand"
"Gamharia","832108","Purbi Singbhum","Jamshedpur","Jharkhand"
"Gamharia","832108","Paschimi Singhbhum","Paschimi Singhbhum","Jharkhand"
"Ganwan","815313","Giridih","Giridih","Jharkhand"
"Garhwa","822114","Palamu","Garhwa","Jharkhand"
"Ghatotand","825314","Hazaribagh","Hazaribagh","Jharkhand"
"Ghatshila","832303","Paschimi Singhbhum","Ghatshila","Jharkhand"
"Ghorawal","814120","Dumka","Dumka","Jharkhand"
"Giddi","829108","Hazaribagh","Hazaribagh","Jharkhand"
"Giddi Colliery","829109","Hazaribagh","Hazaribagh","Jharkhand"
"Giridih Ho.","815301","Giridih","Giridih","Jharkhand"
"Giridih Ho.","815301","Giridih","Giridih","Jharkhand"
"Giridih Ho.","815301","Giridih","Giridih","Jharkhand"
"Giridih Ho.","815301","Giridih","Giridih","Jharkhand"
"Gobindpur","828109","Dhanbad","Gobindpur","Jharkhand"
"Gobindpur","835234","Ranchi","Gobindpur","Jharkhand"
"Gobindpur Housing Colony","831015","Purbi Singbhum","Jamshedpur","Jharkhand"
"Gobindpur Housing Colony","831015","Paschimi Singhbhum","Paschimi Singhbhum","Jharkhand"
"Goilkera","833103","Paschimi Singhbhum","Paschimi Singhbhum","Jharkhand"
"Gola","829110","Hazaribagh","Hazaribagh","Jharkhand"
"Golmuri","831003","Purbi Singbhum","Jamshedpur","Jharkhand"
"Golmuri","831003","Paschimi Singhbhum","Paschimi Singhbhum","Jharkhand"
"Gomia","829211","Giridih","Giridih","Jharkhand"
"Gomoh","828101","Dhanbad","Gomoh","Jharkhand"
"Gotra","835235","Gumla","Gumla","Jharkhand"
"Gua","833213","Paschimi Singhbhum","Gua","Jharkhand"
"Guhiajore","814158","Dumka","Dumka","Jharkhand"
"Gumla Ho.","835207","Gumla","Gumla","Jharkhand"
"Harihar Ganj","824119","Palamu","Palamu","Jharkhand"
"Haripur Barikadarjua","816125","Sahebganj","Sahebganj","Jharkhand"
"Harmu Housing Colony","834012","Ranchi","Ranchi","Jharkhand"
"Hatgamharia","833214","Paschimi Singhbhum","Paschimi Singhbhum","Jharkhand"
"Hatia","834003","Ranchi","Ranchi","Jharkhand"
"Hatia Railway Colony","834011","Ranchi","Ranchi","Jharkhand"
"Hazaribagh Ho.","825301","Hazaribagh","Hazaribagh","Jharkhand"
"Hazaribagh Ho.","825301","Hazaribagh","Hazaribagh","Jharkhand"
"Hazaribagh Ho.","825301","Hazaribagh","Hazaribagh","Jharkhand"
"Hazaribagh Ho.","825301","Hazaribagh","Hazaribagh","Jharkhand"
"Hazaribagh Ho.","825301","Hazaribagh","Hazaribagh","Jharkhand"
"Hazaribagh Ho.","825301","Hazaribagh","Hazaribagh","Jharkhand"
"Hehal","834005","Ranchi","Ranchi","Jharkhand"
"Herla Sector Iii","827003","Dhanbad","Dhanbad","Jharkhand"
"Hinoo Ho.","834002","Ranchi","Ranchi","Jharkhand"
"Hinoo Ho.","834002","Ranchi","Ranchi","Jharkhand"
"Hinoo Ho.","834002","Ranchi","Ranchi","Jharkhand"
"Hinoo Ho.","834002","Ranchi","Ranchi","Jharkhand"
"Hinoo Ho.","834002","Ranchi","Ranchi","Jharkhand"
"Hinoo Ho.","834002","Ranchi","Ranchi","Jharkhand"
"Hiranpur","816104","Sahebganj","Sahebganj","Jharkhand"
"Hiranpur","816104","Pakaur","Pakaur","Jharkhand"
"Hunerganj","825420","Hazaribagh","Hazaribagh","Jharkhand"
"Hyder Nagar","822115","Palamu","Palamu","Jharkhand"
"Ichak","825402","Hazaribagh","Hazaribagh","Jharkhand"
"Indian Explosive Gomia","829112","Giridih","Giridih","Jharkhand"
"Indian School Of Mines","826004","Dhanbad","Dhanbad","Jharkhand"
"Indra Nagar","831008","Purbi Singbhum","Jamshedpur","Jharkhand"
"Indra Nagar","831008","Paschimi Singhbhum","Paschimi Singhbhum","Jharkhand"
"Irba","835235","Ranchi","Ranchi","Jharkhand"
"Irba","835238","Ranchi","Ranchi","Jharkhand"
"Ishri Bazar","825107","Giridih","Giridih","Jharkhand"
"Itkhori","825408","Chatra","Chatra","Jharkhand"
"Itki","835301","Ranchi","Ranchi","Jharkhand"
"Jaduguda Mines","832102","Purbi Singbhum","Jamshedpur","Jharkhand"
"Jaduguda Mines","832101","Paschimi Singhbhum","Paschimi Singhbhum","Jharkhand"
"Jagannathpur","833203","Paschimi Singhbhum","Paschimi Singhbhum","Jharkhand"
"Jagjivan Nagar","826003","Dhanbad","Dhanbad","Jharkhand"
"Jai Nagar","825324","Hazaribagh","Hazaribagh","Jharkhand"
"Jainagar (Madhubani)","847226","Kodarma","Kodarma","Jharkhand"
"Jama","814162","Dumka","Dumka","Jharkhand"
"Jamadoba","828112","Dhanbad","Jamadoba","Jharkhand"
"Jamshedpur","831001","Purbi Singbhum","Jamshedpur","Jharkhand"
"Jamshedpur Ho.","831001","Paschimi Singhbhum","Paschimi Singhbhum","Jharkhand"
"Jamshedpur Ho.","831001","Paschimi Singhbhum","Paschimi Singhbhum","Jharkhand"
"Jamshedpur Ho.","831001","Paschimi Singhbhum","Paschimi Singhbhum","Jharkhand"
"Jamshedpur Ho.","831001","Paschimi Singhbhum","Paschimi Singhbhum","Jharkhand"
"Jamshedpur Ho.","831001","Paschimi Singhbhum","Paschimi Singhbhum","Jharkhand"
"Jamtara","815351","Dumka","Jamtara","Jharkhand"
"Jamua","815315","Giridih","Giridih","Jharkhand"
"Japla","822116","Palamu","Palamu","Jharkhand"
"Japla Cement Factory","822116","Palamu","Palamu","Jharkhand"
"Jarangdih Colliery","829113","Giridih","Giridih","Jharkhand"
"Jaridih Bazar","829114","Bokaro","Jaridih Bazar","Jharkhand"
"Jarmundi","814141","Dumka","Dumka","Jharkhand"
"Jasidih","814142","Deoghar","Jasidih","Jharkhand"
"Jealgora","828110","Dhanbad","Dhanbad","Jharkhand"
"Jharia","828111","Dhanbad","Jharia","Jharkhand"
"Jharia","828111","Dhanbad","Jharia","Jharkhand"
"Jharia","828111","Dhanbad","Jharia","Jharkhand"
"Jharpo","825327","Hazaribagh","Hazaribagh","Jharkhand"
"Jhikarhatti","816122","Dumka","Dumka","Jharkhand"
"Jhinkpani","833215","Paschimi Singhbhum","Jhinkpani","Jharkhand"
"Jhumri Tilaiya","825409","Hazaribagh","Jhumri Tilaiya","Jharkhand"
"Jori","825403","Hazaribagh","Hazaribagh","Jharkhand"
"Jugsalai","831006","Purbi Singbhum","Jugsalai","Jharkhand"
"Jugsalai","831006","Paschimi Singhbhum","Jugsalai","Jharkhand"
"Kadma","831005","Purbi Singbhum","Jamshedpur","Jharkhand"
"Kadma","831005","Paschimi Singhbhum","Paschimi Singhbhum","Jharkhand"
"Kalimati Market","831007","Purbi Singbhum","Jamshedpur","Jharkhand"
"Kandra","832402","Paschimi Singhbhum","Kandra","Jharkhand"
"Kanke","834006","Ranchi","Kanke","Jharkhand"
"Karma","829317","Hazaribagh","Hazaribagh","Jharkhand"
"Karmatand","815352","Deoghar","Deoghar","Jharkhand"
"Karogram","815357","Deoghar","Deoghar","Jharkhand"
"Karra","835209","Ranchi","Ranchi","Jharkhand"
"Karra","835209","Ranchi","Ranchi","Jharkhand"
"Kasmar","829115","Bokaro","Bokaro","Jharkhand"
"Kathara","829116","Giridih","Giridih","Jharkhand"
"Kathikund","814103","Dumka","Dumka","Jharkhand"
"Katras Bazar","828114","Dhanbad","Dhanbad","Jharkhand"
"Katras Garh","828113","Dhanbad","Dhanbad","Jharkhand"
"Kedla","825325","Hazaribagh","Kedla","Jharkhand"
"Khalari","829205","Chatra","Chatra","Jharkhand"
"Kharagdiha","815314","Giridih","Giridih","Jharkhand"
"Kharswagarh","833216","Paschimi Singhbhum","Paschimi Singhbhum","Jharkhand"
"Khasjeenagora","828115","Dhanbad","Dhanbad","Jharkhand"
"Khunti","835210","Ranchi","Khunti","Jharkhand"
"Kisko","835305","Lohardaga","Lohardaga","Jharkhand"
"Kodarama","825410","Hazaribagh","Hazaribagh","Jharkhand"
"Kodarama","825410","Kodarma","Kodarma","Jharkhand"
"Kolebira","835211","Gumla","Gumla","Jharkhand"
"Konar Dam","825315","Hazaribagh","Hazaribagh","Jharkhand"
"Kotalpakur","816105","Sahebganj","Sahebganj","Jharkhand"
"Kriburu Base Camp","833222","Paschimi Singhbhum","Paschimi Singhbhum","Jharkhand"
"Kuju","825316","Hazaribagh","Kuju","Jharkhand"
"Kumardhubi","828203","Dhanbad","Dhanbad","Jharkhand"
"Kunda","814143","Chatra","Chatra","Jharkhand"
"Kundhait","815359","Dumka","Dumka","Jharkhand"
"Kurdeg","835212","Gumla","Gumla","Jharkhand"
"Kuru","835213","Lohardaga","Lohardaga","Jharkhand"
"Kurwa","814119","Dumka","Dumka","Jharkhand"
"Kustone","828117","Dhanbad","Dhanbad","Jharkhand"
"Kusunda","828116","Dhanbad","Dhanbad","Jharkhand"
"Lapung","835244","Ranchi","Ranchi","Jharkhand"
"Latehar","829206","Palamu","Latehar","Jharkhand"
"Latehar R.S.","829207","Palamu","Palamu","Jharkhand"
"Lestinganj","822118","Palamu","Palamu","Jharkhand"
"Littipara","816121","Sahebganj","Sahebganj","Jharkhand"
"Lodna","828131","Dhanbad","Dhanbad","Jharkhand"
"Lohardaga","835302","Lohardaga","Lohardaga","Jharkhand"
"M.G. College","831018","Paschimi Singhbhum","Paschimi Singhbhum","Jharkhand"
"Madhupur","815353","Deoghar","Madhupur","Jharkhand"
"Maheshpurraj","816106","Sahebganj","Sahebganj","Jharkhand"
"Maheshpurraj","816106","Pakaur","Pakaur","Jharkhand"
"Mahuadand","822119","Palamu","Palamu","Jharkhand"
"Mahulia","832304","Paschimi Singhbhum","Paschimi Singhbhum","Jharkhand"
"Maithandam","828207","Dhanbad","Dhanbad","Jharkhand"
"Malkera","828304","Dhanbad","Malkera","Jharkhand"
"Mandal","822127","Palamu","Palamu","Jharkhand"
"Mandar","835214","Ranchi","Ranchi","Jharkhand"
"Mango","831012","Purbi Singbhum","Mango","Jharkhand"
"Mango","831012","Paschimi Singhbhum","Mango","Jharkhand"
"Manjhiaon","822138","Palamu","Palamu","Jharkhand"
"Manoharpur","833104","Paschimi Singhbhum","Paschimi Singhbhum","Jharkhand"
"Marar","829117","Hazaribagh","Hazaribagh","Jharkhand"
"Massanjore","814144","Dumka","Dumka","Jharkhand"
"Maubhandar","832103","Purbi Singbhum","Jamshedpur","Jharkhand"
"Mecluskie Ganj","829208","Ranchi","Ranchi","Jharkhand"
"Meghahatuburu","833233","Paschimi Singhbhum","Paschimi Singhbhum","Jharkhand"
"Mesra","835215","Ranchi","Ranchi","Jharkhand"
"Mihijam","815354","Dumka","Mihijam","Jharkhand"
"Mirzaganj","815315","Giridih","Giridih","Jharkhand"
"Mohammedganj","822120","Palamu","Palamu","Jharkhand"
"Mohuda","828305","Dhanbad","Dhanbad","Jharkhand"
"Mohulpahari","816124","Dumka","Dumka","Jharkhand"
"Mosabani Mines","832104","Purbi Singbhum","Jamshedpur","Jharkhand"
"Mosabani Mines","832104","Paschimi Singhbhum","Paschimi Singhbhum","Jharkhand"
"Moti Nagar","828120","Dhanbad","Dhanbad","Jharkhand"
"Moubhandar","832103","Paschimi Singhbhum","Paschimi Singhbhum","Jharkhand"
"Mugma","828504","Dhanbad","Mugma","Jharkhand"
"Muhamma","828204","Dhanbad","Dhanbad","Jharkhand"
"Munidih","828129","Dhanbad","Dhanbad","Jharkhand"
"Murhu","835216","Ranchi","Ranchi","Jharkhand"
"N M Laboratory","831007","Purbi Singbhum","Jamshedpur","Jharkhand"
"Nagar","835242","Gumla","Gumla","Jharkhand"
"Nagaruntari","822121","Grahwa","Grahwa","Jharkhand"
"Nala","815355","Dumka","Dumka","Jharkhand"
"Namkum","834010","Ranchi","Ranchi","Jharkhand"
"Nawagarh","828306","Dhanbad","Dhanbad","Jharkhand"
"Nawagarh","835232","Gumla","Gumla","Jharkhand"
"Neoria Vikas Vidyalaya","835217","Ranchi","Ranchi","Jharkhand"
"Netarhat","835218","Lohardaga","Lohardaga","Jharkhand"
"Nisachatti","828205","Dhanbad","Dhanbad","Jharkhand"
"Noadih","835230","Gumla","Gumla","Jharkhand"
"Noamundi","833217","Paschimi Singhbhum","Noamundi","Jharkhand"
"Noamundi Bazar","833218","Paschimi Singhbhum","Paschimi Singhbhum","Jharkhand"
"Nudkhurkee","828307","Dhanbad","Dhanbad","Jharkhand"
"Nunihat","814145","Dumka","Dumka","Jharkhand"
"Ormanjhi","835219","Ranchi","Ranchi","Jharkhand"
"Pachamba","815316","Chatra","Chatra","Jharkhand"
"Padma","825411","Hazaribagh","Hazaribagh","Jharkhand"
"Pakaur","816107","Sahebganj","Pakaur","Jharkhand"
"Pakuria","816117","Sahebganj","Sahebganj","Jharkhand"
"Pakuria","816117","Sahebganj","Sahebganj","Jharkhand"
"Palamu","822131","Palamu","Palamu","Jharkhand"
"Palaunjia","825318","Giridih","Giridih","Jharkhand"
"Palaza Market","831004","Purbi Singbhum","Jamshedpur","Jharkhand"
"Palkot","835220","Gumla","Gumla","Jharkhand"
"Palojori","814146","Dumka","Dumka","Jharkhand"
"Pancher Dam","828206","Dhanbad","Dhanbad","Jharkhand"
"Panki","822122","Palamu","Palamu","Jharkhand"
"Patamda","832105","Purbi Singbhum","Jamshedpur","Jharkhand"
"Patamda","832105","Paschimi Singhbhum","Paschimi Singhbhum","Jharkhand"
"Patan","822123","Palamu","Palamu","Jharkhand"
"Pathana","816119","Sahebganj","Sahebganj","Jharkhand"
"Patherdih","828119","Dhanbad","Dhanbad","Jharkhand"
"Patratu","829118","Hazaribagh","Patratu","Jharkhand"
"Patratu Diesal Colony","829120","Hazaribagh","Hazaribagh","Jharkhand"
"Patratu Thermal Power","829119","Hazaribagh","Hazaribagh","Jharkhand"
"Pelawal","825335","Hazaribagh","Hazaribagh","Jharkhand"
"Peterbar","829121","Giridih","Giridih","Jharkhand"
"Phusru Bazar","829144","Giridih","Giridih","Jharkhand"
"Pirtand","825108","Giridih","Giridih","Jharkhand"
"Piskangri","835303","Ranchi","Ranchi","Jharkhand"
"Pratappur","825404","Chatra","Chatra","Jharkhand"
"Punjab Regimental Centre","829130","Hazaribagh","Hazaribagh","Jharkhand"
"R I T Jamshedpur","831014","Purbi Singbhum","Jamshedpur","Jharkhand"
"R.G.F. Tahi","831014","Paschimi Singhbhum","Paschimi Singhbhum","Jharkhand"
"R.I.T. Jamshedpur","831014","Paschimi Singhbhum","Paschimi Singhbhum","Jharkhand"
"Raghunathpur","814148","Dumka","Dumka","Jharkhand"
"Rahala","822124","Palamu","Palamu","Jharkhand"
"Rahragora","831016","Purbi Singbhum","Jamshedpur","Jharkhand"
"Rahragora","831016","Paschimi Singhbhum","Paschimi Singhbhum","Jharkhand"
"Rajchainpur","822110","Palamu","Palamu","Jharkhand"
"Rajdhanwar","825412","Giridih","Giridih","Jharkhand"
"Rajhara","822141","Palamu","Palamu","Jharkhand"
"Rajmahal","816108","Sahebganj","Rajmahal","Jharkhand"
"Rajnagar","832113","Paschimi Singhbhum","Paschimi Singhbhum","Jharkhand"
"Rakha Copper Project","832106","Purbi Singbhum","Jamshedpur","Jharkhand"
"Rakha Copper Project","832106","Paschimi Singhbhum","Paschimi Singhbhum","Jharkhand"
"Ramgarh","814102","Dumka","Dumka","Jharkhand"
"Ramgarh Cantt. Ho.","829122","Hazaribagh","Hazaribagh","Jharkhand"
"Ramgarh Cantt. Ho.","829122","Hazaribagh","Hazaribagh","Jharkhand"
"Ramna","822128","Chatra","Chatra","Jharkhand"
"Ranchi Ho.","834001","Ranchi","Ranchi","Jharkhand"
"Ranchi Ho.","834001","Ranchi","Ranchi","Jharkhand"
"Ranchi Ho.","834001","Ranchi","Ranchi","Jharkhand"
"Ranchi Ho.","834001","Ranchi","Ranchi","Jharkhand"
"Ranchi Ho.","834001","Ranchi","Ranchi","Jharkhand"
"Ranchi Ho.","834001","Ranchi","Ranchi","Jharkhand"
"Ranchi Ho.","834001","Ranchi","Ranchi","Jharkhand"
"Ranchi Ho.","834001","Ranchi","Ranchi","Jharkhand"
"Ranchi Ho.","834001","Ranchi","Ranchi","Jharkhand"
"Ranchi Ho.","834001","Ranchi","Ranchi","Jharkhand"
"Ranchi Ho.","834001","Ranchi","Ranchi","Jharkhand"
"Ranchi Ho.","834001","Ranchi","Ranchi","Jharkhand"
"Ranchi Medical College","834009","Ranchi","Ranchi","Jharkhand"
"Ranchi University","834008","Ranchi","Ranchi","Jharkhand"
"Ranchi University","834008","Ranchi","Ranchi","Jharkhand"
"Ranchi Veternary College","834007","Ranchi","Ranchi","Jharkhand"
"Rankaraj","822125","Palamu","Palamu","Jharkhand"
"Ratu","835222","Ranchi","Ranchi","Jharkhand"
"Ray","829209","Ranchi","Ranchi","Jharkhand"
"Reformatory School","825319","Hazaribagh","Hazaribagh","Jharkhand"
"Religarha","829124","Hazaribagh","Hazaribagh","Jharkhand"
"Rohini","814152","Deoghar","Deoghar","Jharkhand"
"Sahibganj","816109","Sahebganj","Sahibganj","Jharkhand"
"Sakchi Court","831001","Purbi Singbhum","Jamshedpur","Jharkhand"
"Sakrigalighat","816115","Sahebganj","Sahebganj","Jharkhand"
"Sarai Dhela","828127","Dhanbad","Dhanbad","Jharkhand"
"Sarai Kela","833219","Paschimi Singhbhum","Paschimi Singhbhum","Jharkhand"
"Saraiyahat","814151","Deoghar","Deoghar","Jharkhand"
"Sarath","815356","Deoghar","Deoghar","Jharkhand"
"Sarubera","829134","Bokaro","Bokaro","Jharkhand"
"Sarwan","814150","Deoghar","Deoghar","Jharkhand"
"Satbarwa","822126","Palamu","Palamu","Jharkhand"
"Satgawan","805132","Kodarma","Kodarma","Jharkhand"
"Satsang","814116","Deoghar","Deoghar","Jharkhand"
"Sayal","829125","Hazaribagh","Hazaribagh","Jharkhand"
"Sector Iv Dhanbad","827004","Dhanbad","Dhanbad","Jharkhand"
"Sector Ix Dhanbad","827009","Dhanbad","Dhanbad","Jharkhand"
"Senha","835304","Lohardaga","Lohardaga","Jharkhand"
"Senha","835304","Lohardaga","Lohardaga","Jharkhand"
"Shikohabad","825329","Giridih","Giridih","Jharkhand"
"Sijua","828121","Dhanbad","Sijua","Jharkhand"
"Sikh Regimental Centre","829131","Hazaribagh","Hazaribagh","Jharkhand"
"Sikidiri","835236","Ranchi","Ranchi","Jharkhand"
"Silli","835102","Ranchi","Ranchi","Jharkhand"
"Silli","835102","Ranchi","Ranchi","Jharkhand"
"Silli","835102","Ranchi","Ranchi","Jharkhand"
"Silli","835102","Ranchi","Ranchi","Jharkhand"
"Silli","835102","Ranchi","Ranchi","Jharkhand"
"Simaria","825103","Chatra","Chatra","Jharkhand"
"Simdega","835223","Gumla","Simdega","Jharkhand"
"Sindri","828122","Dhanbad","Sindri","Jharkhand"
"Sindri Institute","828123","Dhanbad","Dhanbad","Jharkhand"
"Singhbhum","832112","Paschimi Singhbhum","Paschimi Singhbhum","Jharkhand"
"Sini","833220","Paschimi Singhbhum","Sini","Jharkhand"
"Sirka","829145","Hazaribagh","Sirka","Jharkhand"
"Sisai","835224","Gumla","Gumla","Jharkhand"
"Sonardih","828125","Dhanbad","Dhanbad","Jharkhand"
"Sonari","831011","Purbi Singbhum","Jamshedpur","Jharkhand"
"Sonari","831011","Paschimi Singhbhum","Paschimi Singhbhum","Jharkhand"
"Sonbarsa","831011","Purbi Singbhum","Jamshedpur","Jharkhand"
"Sonua","833105","Paschimi Singhbhum","Paschimi Singhbhum","Jharkhand"
"Sounda ""D"" Colliery","829133","Hazaribagh","Hazaribagh","Jharkhand"
"Sounda Colliery","829126","Hazaribagh","Hazaribagh","Jharkhand"
"Sudamadih","828126","Dhanbad","Dhanbad","Jharkhand"
"Sunday Bazar","829127","Giridih","Giridih","Jharkhand"
"Sundernagar","832107","Purbi Singbhum","Jamshedpur","Jharkhand"
"Sundernagar","832107","Paschimi Singhbhum","Paschimi Singhbhum","Jharkhand"
"Suriya","825320","Giridih","Giridih","Jharkhand"
"Swang Colliery","829128","Giridih","Giridih","Jharkhand"
"T.T.P.S. Lalpani","829149","Giridih","Giridih","Jharkhand"
"Talijhari","816129","Sahebganj","Sahebganj","Jharkhand"
"Talisman Bilasi","814117","Deoghar","Deoghar","Jharkhand"
"Tamar","835225","Ranchi","Ranchi","Jharkhand"
"Tandwa","825321","Chatra","Chatra","Jharkhand"
"Tantri","829138","Bokaro","Bokaro","Jharkhand"
"Tapin","833326","Hazaribagh","Hazaribagh","Jharkhand"
"Tata College Chaibasa","833202","Paschimi Singhbhum","Paschimi Singhbhum","Jharkhand"
"Tata Nagar","831002","Paschimi Singhbhum","Paschimi Singhbhum","Jharkhand"
"Tatanagar","831002","Purbi Singbhum","Jamshedpur","Jharkhand"
"Tatisilwai","835103","Ranchi","Ranchi","Jharkhand"
"Telco G Ms Office","831010","Purbi Singbhum","Jamshedpur","Jharkhand"
"Telco Gm'S Office","831010","Paschimi Singhbhum","Paschimi Singhbhum","Jharkhand"
"Telco Works","831004","Purbi Singbhum","Jamshedpur","Jharkhand"
"Telco Works","831004","Paschimi Singhbhum","Paschimi Singhbhum","Jharkhand"
"Telco Works","831004","Paschimi Singhbhum","Paschimi Singhbhum","Jharkhand"
"Tenughat Dam Project","829129","Giridih","Giridih","Jharkhand"
"Thethaitanagar","835226","Gumla","Gumla","Jharkhand"
"Tilaiyadam","825413","Hazaribagh","Hazaribagh","Jharkhand"
"Tinpahar Rs","816116","Sahebganj","Sahebganj","Jharkhand"
"Tirukdih","832403","Paschimi Singhbhum","Paschimi Singhbhum","Jharkhand"
"Tisra","828144","Dhanbad","Tisra","Jharkhand"
"Tisri","815317","Bokaro","Bokaro","Jharkhand"
"Topa","825330","Hazaribagh","Topa","Jharkhand"
"Topchanchi","828402","Dhanbad","Topchanchi","Jharkhand"
"Torpa","835227","Ranchi","Ranchi","Jharkhand"
"Toto","835233","Gumla","Gumla","Jharkhand"
"Tundi","828142","Dhanbad","Dhanbad","Jharkhand"
"Tundu","828128","Dhanbad","Dhanbad","Jharkhand"
"A F Hospital","560007","Bangalore","Bangalore","Karnataka"
"Abbigere","582111","Dharwar","Bangalore North","Karnataka"
"Abbinahole","577585","Chitradurga","Hiriyur","Karnataka"
"Abbur","562108","Bangalore","Bangalore","Karnataka"
"Acetate Town","571404","Mandya","Mandya","Karnataka"
"Achlady","576276","Dak. Kannada","Mangalore","Karnataka"
"Adahalli","591266","Belgaum","Belgaum","Karnataka"
"Adargunchi","580212","Dharwar","Hubli","Karnataka"
"Addagadde","577177","Chikamaglur","Sringeri","Karnataka"
"Adhalli","591266","Belgaum","Belgaum","Karnataka"
"Adi","591267","Belgaum","Belgaum","Karnataka"
"Adi Udupi","576103","Udupi","Udupi","Karnataka"
"Adivala","577511","Chitradurga","Hiriyur","Karnataka"
"Adk","585250","Gulbarga","Gulbarga","Karnataka"
"Admar","574131","Dak. Kannada","Mangalore","Karnataka"
"Administrative Trg Institute","570011","Mysore","Mysore","Karnataka"
"Adugodi","560030","Bangalore","Bangalore","Karnataka"
"Adur","581101","Dharwar","Anekal","Karnataka"
"Adyandka","574260","Dak. Kannada","Mangalore","Karnataka"
"Adyar","575009","Dak. Kannada","Adyar","Karnataka"
"Afzalpur","585301","Gulbarga","Afzalpur","Karnataka"
"Agadi","581128","Haveri","Haveri","Karnataka"
"Agalkera","583260","Koppal","Koppal","Karnataka"
"Agara","571485","Mandya","Bangalore South","Karnataka"
"Agaram","560007","Bangalore","Bangalore","Karnataka"
"Agarkhed","586111","Bijapur","Indi","Karnataka"
"Agasanpura","571461","Mandya","Mandya","Karnataka"
"Aggunda","573160","Hassan","Arsikere","Karnataka"
"Agrahara","571511","Mysore","Arkalgud","Karnataka"
"Agrahara Belaguli","573140","Hassan","Hassan","Karnataka"
"Agrahara Dasarahalli","560079","Bangalore","Bangalore","Karnataka"
"Agrahara Narasimha Rajpur","577134","Chikamaglur","Chikamaglur","Karnataka"
"Agsur","581413","Uttar Kannada","Karwar","Karnataka"
"Agumbe","577411","Shimoga","Shimoga","Karnataka"
"Ahirsang","586222","Bijapur","Bijapur","Karnataka"
"Ahmaedabad","585413","Bidar","Bidar","Karnataka"
"Aigali","591248","Belgaum","Belgaum","Karnataka"
"Aihole","587138","Bijapur","Bijapur","Karnataka"
"Aikala","574141","Dak. Kannada","Mangalore","Karnataka"
"Aimangala","577558","Chitradurga","Hiriyur","Karnataka"
"Ainapura","591303","Belgaum","Belgaum","Karnataka"
"Air Force Station","591303","Belgaum","Belgaum","Karnataka"
"Airody","576236","Dak. Kannada","Mangalore","Karnataka"
"Aiyarnad","574245","Dak. Kannada","Mangalore","Karnataka"
"Ajekar","574101","Dak. Kannada","Mangalore","Karnataka"
"Ajjampura","577547","Chitradurga","Tarikere","Karnataka"
"Ajjampura Bazar","577547","Chitradurga","Chitradurga","Karnataka"
"Ajjavara","574246","Dak. Kannada","Mangalore","Karnataka"
"Ajjeri","585366","Gulbarga","Gulbarga","Karnataka"
"Ajjibal","581389","Uttar Kannada","Karwar","Karnataka"
"Akkatangerhal","591178","Belgaum","Belgaum","Karnataka"
"Akki Alur","581102","Dharwar","Hangal","Karnataka"
"Akki Alur Bazar","581102","Dharwar","Dharwar","Karnataka"
"Akkihebbal","571605","Mysore","Krishnarajpet","Karnataka"
"Akkur","562124","Bangalore","Bangalore","Karnataka"
"Akol","591211","Belgaum","Belgaum","Karnataka"
"Akunjargiri","574136","Dak. Kannada","Mangalore","Karnataka"
"Aladkatti","581151","Dharwar","Dharwar","Karnataka"
"Alagawadi","582237","Dharwar","Navalgund","Karnataka"
"Alageswara","577148","Chikamaglur","Chikamaglur","Karnataka"
"Alampurpeth","587154","Bijapur","Bijapur","Karnataka"
"Alangur","563140","Kolar","Mulbagal","Karnataka"
"Alankar","574285","Dak. Kannada","Mangalore","Karnataka"
"Aldur","571111","Chamarajanagar","Chamarajanagar","Karnataka"
"Aletty","574247","Dak. Kannada","Mangalore","Karnataka"
"Alevur","574133","Dak. Kannada","Mangalore","Karnataka"
"Algur","587321","Bijapur","Sindgi","Karnataka"
"Alipura","561224","Kolar","Kolar","Karnataka"
"Almatti","586218","Bijapur","Bijapur","Karnataka"
"Almatti Dam Site","586201","Bijapur","Bijapur","Karnataka"
"Almel","586202","Bijapur","Sindgi","Karnataka"
"Alnavar","581103","Dharwar","Alnavar","Karnataka"
"Alok Udyog","587111","Bijapur","Bijapur","Karnataka"
"Alund","585302","Gulbarga","Gulbarga","Karnataka"
"Alund Bazar","585302","Gulbarga","Gulbarga","Karnataka"
"Alur","577573","Chitradurga","Alur","Karnataka"
"Alur","573213","Hassan","Aland","Karnataka"
"Alur","571151","Mysore","Aland","Karnataka"
"Alvekodi","581419","Uttar Kannada","Karwar","Karnataka"
"Alwandi","583226","Bellary","Bellary","Karnataka"
"Amachavadi","571145","Chamarajanagar","Chamarajanagar","Karnataka"
"Amarawati","587130","Bijapur","Hungund","Karnataka"
"Amargol","580025","Dharwar","Dharwar","Karnataka"
"Ambadgatti","591137","Belgaum","Belgaum","Karnataka"
"Amballi","581416","Uttar Kannada","Karwar","Karnataka"
"Ambalpadi","576103","Dak. Kannada","Mangalore","Karnataka"
"Ambedkar Nagar","577201","Shimoga","Shimoga","Karnataka"
"Ambewadi","591182","Belgaum","Belgaum","Karnataka"
"Ambewadi","581383","Uttar Kannada","Karwar","Karnataka"
"Ambika Nagar","581363","Uttar Kannada","Karwar","Karnataka"
"Amblamogaru","574185","Dak. Kannada","Mangalore","Karnataka"
"Amblapadi","576103","Dak. Kannada","Mangalore","Karnataka"
"Amblical","563145","Kolar","Kolar","Karnataka"
"Aminalli","581315","Uttar Kannada","Karwar","Karnataka"
"Aminbhavi","581201","Dharwar","Dharwar","Karnataka"
"Amingod","587112","Bijapur","Bijapur","Karnataka"
"Ammangi","591268","Belgaum","Belgaum","Karnataka"
"Ammasandra","572211","Tumkur","Turuvekere","Karnataka"
"Ammathi","571211","Koduru","Virajpet","Karnataka"
"Ammunje","574299","Dak. Kannada","Mangalore","Karnataka"
"Ampar","576238","Dak. Kannada","Mangalore","Karnataka"
"Amruthur","572111","Tumkur","Kunigal","Karnataka"
"Amtady","574262","Dak. Kannada","Mangalore","Karnataka"
"Anagodu","577566","Davanagere","Davanagere","Karnataka"
"Anagwadi","587126","Bijapur","Bijapur","Karnataka"
"Anaji","577512","Davanagere","Davanagere","Karnataka"
"Anakalgi","591138","Belgaum","Belgaum","Karnataka"
"Anand Nagar","560024","Bangalore","Bangalore","Karnataka"
"Anandapuram","577412","Shimoga","Sagar","Karnataka"
"Ananthady","574250","Dak. Kannada","Mangalore","Karnataka"
"Anantpur","591212","Belgaum","Belgaum","Karnataka"
"Anavatti","577413","Shimoga","Sorab","Karnataka"
"Anaveri","577243","Shimoga","Bhadravati","Karnataka"
"Andagove","571270","Koduru","Somvarpet","Karnataka"
"Andola","585303","Gulbarga","Jevargi","Karnataka"
"Andura","585422","Bidar","Bidar","Karnataka"
"Ane Hosur","584151","Raichur","Raichur","Karnataka"
"Anegundi","583246","Bellary","Bellary","Karnataka"
"Anekal","562106","Bangalore","Anekal","Karnataka"
"Anersonpet","563113","Kolar","Kolar","Karnataka"
"Angadi","581360","Uttar Kannada","Karwar","Karnataka"
"Angod","581380","Uttar Kannada","Karwar","Karnataka"
"Anjutgi","586224","Bijapur","Bijapur","Karnataka"
"Ankalgi","591101","Belgaum","Belgaum","Karnataka"
"Ankli","591213","Belgaum","Belgaum","Karnataka"
"Ankola","581314","Uttar Kannada","Ankola","Karnataka"
"Ankola Bunder Road","581314","Uttar Kannada","Karwar","Karnataka"
"Annigeri","582201","Dharwar","Annigeri","Karnataka"
"Anur","577170","Chikamaglur","Afzalpur","Karnataka"
"Apmcyard","587312","Bijapur","Bijapur","Karnataka"
"Arabic College","560045","Bangalore","Bangalore","Karnataka"
"Arakere","571415","Mysore","Arsikere","Karnataka"
"Araleshwar","581150","Dharwar","Hangal","Karnataka"
"Aralguppe","572230","Tumkur","Tumkur","Karnataka"
"Aralikatti","581207","Dharwar","Belgaum","Karnataka"
"Aranthodu","574314","Dak. Kannada","Mangalore","Karnataka"
"Aranya Bhavan","560003","Bangalore","Bangalore","Karnataka"
"Arasalu","577438","Shimoga","Hosanagara","Karnataka"
"Arasankatte","577596","Chitradurga","Chitradurga","Karnataka"
"Arasikere","583125","Bellary","Bellary","Karnataka"
"Arbhaviamath","591318","Belgaum","Belgaum","Karnataka"
"Arbilichi","577321","Shimoga","Shimoga","Karnataka"
"Ardi","576245","Dak. Kannada","Mangalore","Karnataka"
"Areangadi","581430","Uttar Kannada","Karwar","Karnataka"
"Arehalli","573101","Hassan","Anekal","Karnataka"
"Arekandige","576130","Dak. Kannada","Mangalore","Karnataka"
"Aremallapur","581229","Belgaum","Belgaum","Karnataka"
"Arga","577414","Chitradurga","Chitradurga","Karnataka"
"Arjun Nagar","591269","Belgaum","Belgaum","Karnataka"
"Arjungi","586131","Bijapur","Afzalpur","Karnataka"
"Arkalgud","573102","Hassan","Arkalgud","Karnataka"
"Arkera","587133","Bijapur","Devadurga","Karnataka"
"Arkera","584153","Raichur","Devadurga","Karnataka"
"Arkeri","586135","Bijapur","Yelbarga","Karnataka"
"Aroor","576269","Dak. Kannada","Mangalore","Karnataka"
"Arsikere","573103","Hassan","Arsikere","Karnataka"
"Arsikere Bazar","573103","Hassan","Hassan","Karnataka"
"Arsikere Court","573103","Hassan","Hassan","Karnataka"
"Arsikere East","573103","Hassan","Hassan","Karnataka"
"Artillery Road","560008","Bangalore","Bangalore","Karnataka"
"Arunachalam Mudaliar Street","560051","Bangalore","Bangalore","Karnataka"
"Aryapu","574210","Dak. Kannada","Mangalore","Karnataka"
"Asagodu","577513","Chitradurga","Jagalur","Karnataka"
"Asangi","587317","Bijapur","Badami","Karnataka"
"Asangi Khurd","586221","Bijapur","Bijapur","Karnataka"
"Ashok Nagar","560050","Bangalore","Bangalore","Karnataka"
"Ashok Nagar","575006","Dak. Kannada","Mangalore","Karnataka"
"Aski","586166","Bijapur","Sindgi","Karnataka"
"Asnoti","581317","Uttar Kannada","Karwar","Karnataka"
"Asokapuram","570008","Mysore","Mysore","Karnataka"
"Asund I","591180","Belgaum","Belgaum","Karnataka"
"Asundi","581177","Dharwar","Dharwar","Karnataka"
"Asuti","582239","Dharwar","Ron","Karnataka"
"Aswathapura","574266","Dak. Kannada","Mangalore","Karnataka"
"Atharga","586112","Bijapur","Indi","Karnataka"
"Athikaribettu","574171","Dak. Kannada","Mangalore","Karnataka"
"Athni","591304","Belgaum","Athni","Karnataka"
"Athni Bazar","591304","Belgaum","Belgaum","Karnataka"
"Athni Bus Stand","591304","Belgaum","Belgaum","Karnataka"
"Athradi","576133","Dak. Kannada","Mangalore","Karnataka"
"Atnoor","585332","Gulbarga","Afzalpur","Karnataka"
"Attibele","562107","Bangalore","Bangalore","Karnataka"
"Attigere","577574","Chitradurga","Chitradurga","Karnataka"
"Attigere","581171","Dharwar","Dharwar","Karnataka"
"Attur","574120","Dak. Kannada","Mangalore","Karnataka"
"Attur Nallur","571238","Koduru","Somvarpet","Karnataka"
"Aurad","585259","Bidar","Aurad","Karnataka"
"Aurd Barahalli","585326","Bidar","Bidar","Karnataka"
"Austin Town","560047","Bangalore","Bangalore","Karnataka"
"Avani","563141","Kolar","Mulbagal","Karnataka"
"Avani Sringeri Mutt","560086","Bangalore","Bangalore","Karnataka"
"Avaradi","591177","Belgaum","Belgaum","Karnataka"
"Avathi","562136","Bangalore","Bangalore","Karnataka"
"Avathi","577149","Chikamaglur","Chikamaglur","Karnataka"
"Avenue Road","560002","Bangalore","Bangalore","Karnataka"
"Aversa","581316","Uttar Kannada","Karwar","Karnataka"
"Avinahlli","577439","Shimoga","Shimoga","Karnataka"
"Ayanur","577211","Shimoga","Shimoga","Karnataka"
"B E M L Nagar","563115","Kolar","Kolar","Karnataka"
"B R Project","577115","Chikamaglur","Chikamaglur","Karnataka"
"Baad","581441","Uttar Kannada","Karwar","Karnataka"
"Bableshwar","586113","Bijapur","Aland","Karnataka"
"Babujinagar Kudligi","583135","Bellary","Bellary","Karnataka"
"Babur","586228","Bijapur","Bijapur","Karnataka"
"Bachanki","581381","Uttar Kannada","Karwar","Karnataka"
"Bachigondanahalli","583238","Bellary","Bellary","Karnataka"
"Bada","577514","Davanagere","Davanagere","Karnataka"
"Badaga","571266","Koduru","Heggadadevankote","Karnataka"
"Badaga Bettu","576136","Dak. Kannada","Mangalore","Karnataka"
"Badagabanangala","571273","Koduru","Virajpet","Karnataka"
"Badagannur","574334","Dak. Kannada","Mangalore","Karnataka"
"Badami Extension","587201","Bijapur","Bijapur","Karnataka"
"Badami H.O.","587201","Bijapur","Bijapur","Karnataka"
"Badanaguppe","571327","Chamarajanagar","Chamarajanagar","Karnataka"
"Badavanahalli","572112","Tumkur","Madhugiri","Karnataka"
"Baddal","585358","Bidar","Bidar","Karnataka"
"Baddur Farm","572159","Tumkur","Tumkur","Karnataka"
"Bagada","585260","Gulbarga","Gulbarga","Karnataka"
"Bagaderkoppalu","573201","Hassan","Hassan","Karnataka"
"Bagal","562149","Bangalore","Bangalore","Karnataka"
"Bagali","583148","Bellary","Bellary","Karnataka"
"Bagalkot Bazar","587101","Bagalkot","Bagalkot","Karnataka"
"Bagalkot Grbc Colony","587102","Bagalkot","Bagalkot","Karnataka"
"Bagalkot H.O.","587101","Bagalkot","Bagalkot","Karnataka"
"Bagalkot Housing Colony","587103","Bagalkot","Bagalkot","Karnataka"
"Bagalkot Station Road","587101","Bagalkot","Bagalkot","Karnataka"
"Bagalwad","584154","Raichur","Manvi","Karnataka"
"Bagamandala","571247","Koduru","Koduru","Karnataka"
"Bage","573221","Hassan","Sakleshpur","Karnataka"
"Bagepalli","561207","Kolar","Bagepalli","Karnataka"
"Bageshapura","573162","Hassan","Hassan","Karnataka"
"Bagewadi","585239","Gulbarga","Belgaum","Karnataka"
"Bagur","577515","Chitradurga","Chitradurga","Karnataka"
"Bagur","573111","Hassan","Hassan","Karnataka"
"Bahamanipura","585103","Gulbarga","Gulbarga","Karnataka"
"Baichaballi","581227","Dharwar","Dharwar","Karnataka"
"Baidabettu","576271","Dak. Kannada","Mangalore","Karnataka"
"Baikampady","575011","Dak. Kannada","Mangalore","Karnataka"
"Bailhongal Bazar","591102","Belgaum","Belgaum","Karnataka"
"Bailhongal H.O.","591102","Belgaum","Belgaum","Karnataka"
"Bailhongal S R Chowk","591102","Belgaum","Belgaum","Karnataka"
"Bailur","591149","Belgaum","Belgaum","Karnataka"
"Bailur","574102","Dak. Kannada","Mangalore","Karnataka"
"Bailur","581422","Uttar Kannada","Karwar","Karnataka"
"Baitkhol","581302","Uttar Kannada","Karwar","Karnataka"
"Bajal","574507","Dak. Kannada","Mangalore","Karnataka"
"Bajathur","574286","Dak. Kannada","Mangalore","Karnataka"
"Bajegoli","574122","Dak. Kannada","Mangalore","Karnataka"
"Bajpe","574142","Dak. Kannada","Bajpe","Karnataka"
"Balagady","577126","Chikamaglur","Chikamaglur","Karnataka"
"Balaganur","586142","Bijapur","Bijapur","Karnataka"
"Balaganur","582231","Dharwar","Dharwar","Karnataka"
"Balagunda","571263","Koduru","Somvarpet","Karnataka"
"Balakot B H School","587101","Bagalkot","Bagalkot","Karnataka"
"Balanahalli","571181","Mysore","Mysore","Karnataka"
"Balappa A Street","560051","Bangalore","Bangalore","Karnataka"
"Balappa A Street","560051","Bangalore","Bangalore","Karnataka"
"Balareddipalli","561222","Kolar","Bagepalli","Karnataka"
"Balehole","577179","Chikamaglur","Chikamaglur","Karnataka"
"Balehonnur","577112","Chikamaglur","Chikamaglur","Karnataka"
"Balehosur","582224","Dharwar","Shirhatti","Karnataka"
"Balekundi","591103","Belgaum","Belgaum","Karnataka"
"Balekundrikshetra","591103","Belgaum","Belgaum","Karnataka"
"Balele","571219","Koduru","Virajpet","Karnataka"
"Balepet","560053","Bangalore","Bangalore","Karnataka"
"Balgaum Majgaon","590013","Belgaum","Belgaum","Karnataka"
"Balkunje","574172","Dak. Kannada","Mangalore","Karnataka"
"Balkur","581431","Uttar Kannada","Karwar","Karnataka"
"Ballupet","573214","Hassan","Hassan","Karnataka"
"Balmatta","575001","Dak. Kannada","Mangalore","Karnataka"
"Balnad","574321","Dak. Kannada","Mangalore","Karnataka"
"Balthila","574268","Dak. Kannada","Mangalore","Karnataka"
"Bammigatti","581223","Dharwar","Kalghatgi","Karnataka"
"Bana Nagar","586137","Bijapur","Bijapur","Karnataka"
"Banahatti Somwarpet","587311","Bijapur","Bijapur","Karnataka"
"Banakal","577113","Chikamaglur","Mudigere","Karnataka"
"Banangady","574272","Dak. Kannada","Mangalore","Karnataka"
"Banarasi","581318","Uttar Kannada","Karwar","Karnataka"
"Banasandra","572212","Tumkur","Turuvekere","Karnataka"
"Banashankari","560050","Bangalore","Bangalore","Karnataka"
"Banashankari Llst","560070","Bangalore","Bangalore","Karnataka"
"Banashankjari Iiist","560085","Bangalore","Bangalore","Karnataka"
"Banaswadi","560043","Bangalore","Bangalore","Karnataka"
"Banavara","573112","Hassan","Arsikere","Karnataka"
"Banavara R S","573163","Hassan","Hassan","Karnataka"
"Bandalli","571476","Mysore","Kollegal","Karnataka"
"Bandappansalwedgi","586230","Bijapur","Bijapur","Karnataka"
"Bandigudde","577247","Shimoga","Shimoga","Karnataka"
"Bandipura","571318","Mysore","Gundlupet","Karnataka"
"Bangalore","560002","Bangalore","Bangalore","Karnataka"
"Bangalore","560044","Bangalore","Bangalore","Karnataka"
"Bangalore Airport H A L","560017","Bangalore","Bangalore","Karnataka"
"Bangalore Bazar","560001","Bangalore","Bangalore","Karnataka"
"Bangalore City H.O","560002","Bangalore","Bangalore","Karnataka"
"Bangalore Dist Office Bui","560009","Bangalore","Bangalore","Karnataka"
"Bangalore Fort","560002","Bangalore","Bangalore","Karnataka"
"Bangalore G P O","560001","Bangalore","Bangalore","Karnataka"
"Bangarpet","563114","Kolar","Kolar","Karnataka"
"Bangarpet Bazar","563114","Kolar","Kolar","Karnataka"
"Banglore Corporation Buildings","560002","Bangalore","Bangalore","Karnataka"
"Bankapur","581202","Dharwar","Gangawati","Karnataka"
"Bankikodia","587311","Bijapur","Bijapur","Karnataka"
"Bankikodla","581319","Uttar Kannada","Karwar","Karnataka"
"Bankur","585265","Gulbarga","Gulbarga","Karnataka"
"Bannadi","576242","Dak. Kannada","Mangalore","Karnataka"
"Bannanje","576101","Dak. Kannada","Mangalore","Karnataka"
"Bannerghata Road","560076","Bangalore","Bangalore","Karnataka"
"Bannerghatta","560083","Bangalore","Bangalore","Karnataka"
"Bannikodu","576242","Dak. Kannada","Mangalore","Karnataka"
"Bannikoppa","582136","Dharwar","Shiggaon","Karnataka"
"Bannikuppe","571132","Mysore","Chik Ballapur","Karnataka"
"Bannur","571101","Mysore","Bannur","Karnataka"
"Bantwal","574211","Dak. Kannada","Bantwal","Karnataka"
"Bapagram","560091","Bangalore","Bangalore","Karnataka"
"Bapuji Nagar","560026","Bangalore","Bangalore","Karnataka"
"Bapuji Vidyanagar","577005","Chitradurga","Chitradurga","Karnataka"
"Baragur","572113","Tumkur","Arkalgud","Karnataka"
"Barandur","577245","Shimoga","Shimoga","Karnataka"
"Bardol","586204","Bijapur","Indi","Karnataka"
"Barkur","576210","Dak. Kannada","Mangalore","Karnataka"
"Barline Tumkur","572101","Tumkur","Tumkur","Karnataka"
"Basanal","581188","Dharwar","Indi","Karnataka"
"Basapattan","583252","Bellary","Bellary","Karnataka"
"Basaralu","571416","Mandya","Mandya","Karnataka"
"Basarikatte","577114","Chikamaglur","Chikamaglur","Karnataka"
"Basavakalyana","585327","Bidar","Bidar","Karnataka"
"Basavakalyana Bazar","585327","Bidar","Bidar","Karnataka"
"Basavan Bagewadi","586203","Bijapur","Bijapur","Karnataka"
"Basavanagudi H.O.","560004","Bangalore","Bangalore","Karnataka"
"Basavanaguid East","560004","Bangalore","Bangalore","Karnataka"
"Basavani","577440","Shimoga","Tirthahalli","Karnataka"
"Basavankudchi","590012","Belgaum","Belgaum","Karnataka"
"Basavapatna","573113","Hassan","Hassan","Karnataka"
"Basavapatna","577551","Shimoga","Arkalgud","Karnataka"
"Basavaraja Market","560002","Bangalore","Bangalore","Karnataka"
"Basaveshwar Nagar Ii Stage","560086","Bangalore","Bangalore","Karnataka"
"Basaveshwar Nagar Iii Stag","560086","Bangalore","Bangalore","Karnataka"
"Basaveshwara Nagar","580008","Dharwar","Dharwar","Karnataka"
"Basaveswara Block","571602","Mysore","Mysore","Karnataka"
"Basoor","577165","Chikamaglur","Chikamaglur","Karnataka"
"Basrur","576211","Dak. Kannada","Mangalore","Karnataka"
"Bastwad","591150","Belgaum","Belgaum","Karnataka"
"Batkurki","591151","Belgaum","Belgaum","Karnataka"
"Batlahalli","563123","Kolar","Chintamani","Karnataka"
"Bedakihal","591214","Belgaum","Belgaum","Karnataka"
"Beejady","576272","Dak. Kannada","Mangalore","Karnataka"
"Beerasettihalli","571434","Mandya","Mandya","Karnataka"
"Beersettihalli","571484","Mysore","Mysore","Karnataka"
"Begur","571109","Mysore","Bangalore North","Karnataka"
"Bejjavalli","577232","Shimoga","Tirthahalli","Karnataka"
"Bekinal","586168","Bijapur","Sindgi","Karnataka"
"Bekkere","591332","Belgaum","Belgaum","Karnataka"
"Belagaavi","577450","Shimoga","Shimoga","Karnataka"
"Belaganur","584138","Raichur","Raichur","Karnataka"
"Belagodu","573222","Hassan","Hagaribommanahalli","Karnataka"
"Belagula R S","571263","Koduru","Koduru","Karnataka"
"Belagunda","591139","Belgaum","Belgaum","Karnataka"
"Belagur","573114","Hassan","Hosadurga","Karnataka"
"Belagutti","577212","Shimoga","Shimoga","Karnataka"
"Belakavadi","571417","Mysore","Malavalli","Karnataka"
"Belal","574303","Dak. Kannada","Mangalore","Karnataka"
"Belambar","581414","Uttar Kannada","Karwar","Karnataka"
"Belavanki","582122","Dharwar","Dharwar","Karnataka"
"Belekeri","581321","Uttar Kannada","Karwar","Karnataka"
"Belgalbeth","581127","Dharwar","Dharwar","Karnataka"
"Belgalpeth","581127","Dharwar","Dharwar","Karnataka"
"Belgaum","591169","Belgaum","Belgaum","Karnataka"
"Belgaum","591217","Belgaum","Belgaum","Karnataka"
"Belgaum","590001","Belgaum","Belgaum","Karnataka"
"Belgaum","590001","Belgaum","Belgaum","Karnataka"
"Belgaum","590002","Belgaum","Belgaum","Karnataka"
"Belgaum","590003","Belgaum","Belgaum","Karnataka"
"Belgaum","590005","Belgaum","Belgaum","Karnataka"
"Belgaum","590006","Belgaum","Belgaum","Karnataka"
"Belgaum","590013","Belgaum","Belgaum","Karnataka"
"Belgaum Aluminium Factor","590010","Belgaum","Belgaum","Karnataka"
"Belgaum Bharat Nagar","590003","Belgaum","Belgaum","Karnataka"
"Belgaum Camp","590001","Belgaum","Belgaum","Karnataka"
"Belgaum City","590002","Belgaum","Belgaum","Karnataka"
"Belgaum College Road","590001","Belgaum","Belgaum","Karnataka"
"Belgaum Dharwad Road","590003","Belgaum","Belgaum","Karnataka"
"Belgaum Fort","590003","Belgaum","Belgaum","Karnataka"
"Belgaum Fort Road","590001","Belgaum","Belgaum","Karnataka"
"Belgaum Ganesh Chowk","590006","Belgaum","Belgaum","Karnataka"
"Belgaum Goavesh","590003","Belgaum","Belgaum","Karnataka"
"Belgaum Hindwadi","590011","Belgaum","Belgaum","Karnataka"
"Belgaum Kanbargi","590015","Belgaum","Belgaum","Karnataka"
"Belgaum Kapileshwar Road","590001","Belgaum","Belgaum","Karnataka"
"Belgaum Khadi Bazar","590002","Belgaum","Belgaum","Karnataka"
"Belgaum Khas Bag","590004","Belgaum","Belgaum","Karnataka"
"Belgaum Kutchery","590002","Belgaum","Belgaum","Karnataka"
"Belgaum Malmurti","590003","Belgaum","Belgaum","Karnataka"
"Belgaum Peeranwadi","590014","Belgaum","Belgaum","Karnataka"
"Belgaum Record Mli","590009","Belgaum","Belgaum","Karnataka"
"Belgaum Shahapur","590003","Belgaum","Belgaum","Karnataka"
"Belgaum Shahapur Bazar","590003","Belgaum","Belgaum","Karnataka"
"Belgaum Tilak Chowk","590002","Belgaum","Belgaum","Karnataka"
"Belgaum Tilakwadi","590003","Belgaum","Belgaum","Karnataka"
"Belgaum Udyambag","590008","Belgaum","Belgaum","Karnataka"
"Belgaum Vaccine Institute","590006","Belgaum","Belgaum","Karnataka"
"Belghatta","577568","Chitradurga","Chitradurga","Karnataka"
"Belgum Angol","590007","Belgaum","Belgaum","Karnataka"
"Belgundi","591139","Belgaum","Belgaum","Karnataka"
"Belimutt Road","560053","Bangalore","Bangalore","Karnataka"
"Belkad","591270","Belgaum","Belgaum","Karnataka"
"Bellad Bagewadi","591305","Belgaum","Belgaum","Karnataka"
"Bellare","574212","Dak. Kannada","Mangalore","Karnataka"
"Bellary","583101","Bellary","Bellary","Karnataka"
"Bellary Brucepettah","583101","Bellary","Bellary","Karnataka"
"Bellary City","583101","Bellary","Bellary","Karnataka"
"Bellary Contonment","583102","Bellary","Bellary","Karnataka"
"Bellary Contonment","583104","Bellary","Bellary","Karnataka"
"Bellary Cowl Bazar","583102","Bellary","Bellary","Karnataka"
"Bellary District Board","583102","Bellary","Bellary","Karnataka"
"Bellary Gandhinagar","583103","Bellary","Bellary","Karnataka"
"Bellary Ganesh","583102","Bellary","Bellary","Karnataka"
"Bellary Herialkkadam","583101","Bellary","Bellary","Karnataka"
"Bellary Jain Cloth Market","583101","Bellary","Bellary","Karnataka"
"Bellary Kalammma","583101","Bellary","Bellary","Karnataka"
"Bellary Krishnamachari Co","583101","Bellary","Bellary","Karnataka"
"Bellary Millerpet","583101","Bellary","Bellary","Karnataka"
"Bellary Nehru Colony","583103","Bellary","Bellary","Karnataka"
"Bellary Parvathi Nagar","583103","Bellary","Bellary","Karnataka"
"Bellary Patel Nagar","583101","Bellary","Bellary","Karnataka"
"Bellary Satyanaranapet","583103","Bellary","Bellary","Karnataka"
"Bellatti","582112","Dharwar","Shirhatti","Karnataka"
"Bellavi","572153","Tumkur","Malur","Karnataka"
"Belludi","577588","Chitradurga","Harihar","Karnataka"
"Bellur","571418","Mandya","Alur","Karnataka"
"Belmannu","576111","Dak. Kannada","Mangalore","Karnataka"
"Belthangady","574214","Dak. Kannada","Mangalore","Karnataka"
"Belthangady Bazar","574214","Dak. Kannada","Mangalore","Karnataka"
"Belur Bagalkot","587114","Bagalkot","Bagalkot","Karnataka"
"Belur Hassan","573115","Hassan","Hassan","Karnataka"
"Belura","585346","Bidar","Bidar","Karnataka"
"Belvadi","591104","Belgaum","Belgaum","Karnataka"
"Belvai","574213","Dak. Kannada","Mangalore","Karnataka"
"Belve","576212","Dak. Kannada","Mangalore","Karnataka"
"Belwadgi","585254","Gulbarga","Gulbarga","Karnataka"
"Bemalkheda","585261","Gulbarga","Homnabad","Karnataka"
"Bemlnagar Colony","563115","Kolar","Kolar","Karnataka"
"Benadi","591215","Belgaum","Belgaum","Karnataka"
"Benakankonda","581221","Dharwar","Dharwar","Karnataka"
"Benbalur","571265","Koduru","Koduru","Karnataka"
"Bengre","581369","Uttar Kannada","Karwar","Karnataka"
"Benkatti","587153","Bijapur","Bijapur","Karnataka"
"Benson Town","560046","Bangalore","Bangalore","Karnataka"
"Besgerahalli","571419","Mandya","Mandya","Karnataka"
"Betgera","583253","Bellary","Bellary","Karnataka"
"Betgeri","582102","Dharwar","Dharwar","Karnataka"
"Bethamangala","563116","Kolar","Bangarapet","Karnataka"
"Betsur","591183","Belgaum","Belgaum","Karnataka"
"Bettadapura","571102","Mysore","Arsikere","Karnataka"
"Bettageri","571255","Koduru","Madikeri","Karnataka"
"Bettahalsur","562157","Bangalore","Bangalore","Karnataka"
"Bettampady","574310","Dak. Kannada","Mangalore","Karnataka"
"Bevoor","585256","Bagalkot","Bagalkot","Karnataka"
"Bevuar","562108","Bangalore","Bangalore","Karnataka"
"Bevur","587115","Bijapur","Bijapur","Karnataka"
"Bewoor","583237","Bellary","Bellary","Karnataka"
"Bhadra Reservior Project","577115","Chikamaglur","Chikamaglur","Karnataka"
"Bhadra Sugar Factory","577566","Chitradurga","Chitradurga","Karnataka"
"Bhadrapura","582225","Dharwar","Bhadravati","Karnataka"
"Bhadravathi","577301","Shimoga","Shimoga","Karnataka"
"Bhadravathi","577301","Shimoga","Shimoga","Karnataka"
"Bhadravathi","577303","Shimoga","Shimoga","Karnataka"
"Bhadravathi New Model College","577303","Shimoga","Shimoga","Karnataka"
"Bhadravathi New Town","577301","Shimoga","Shimoga","Karnataka"
"Bhadravathi R S","577303","Shimoga","Shimoga","Karnataka"
"Bhagavathi","581373","Uttar Kannada","Karwar","Karnataka"
"Bhagawati","587140","Bijapur","Supa","Karnataka"
"Bhagodi","585239","Gulbarga","Chitapur","Karnataka"
"Bhagya Nagar","590006","Belgaum","Belgaum","Karnataka"
"Bhagya Nagar","583250","Bellary","Bellary","Karnataka"
"Bhairadevanahalli","583142","Bellary","Bellary","Karnataka"
"Bhairamadgi","585242","Gulbarga","Afzalpur","Karnataka"
"Bhairanhatti","582234","Dharwar","Dharwar","Karnataka"
"Bhairanje","586149","Bijapur","Bijapur","Karnataka"
"Bhairumbe","581405","Dharwar","Dharwar","Karnataka"
"Bhalki","585328","Bidar","Bhalki","Karnataka"
"Bhanapur","583249","Raichur","Yelbarga","Karnataka"
"Bhandigodi","577150","Chikamaglur","Chikamaglur","Karnataka"
"Bhankur","585272","Gulbarga","Gulbarga","Karnataka"
"Bhanuvalli","577516","Chitradurga","Harihar","Karnataka"
"Bharama Sagar","577519","Chitradurga","Chitradurga","Karnataka"
"Bharamanayakana Durga","577518","Chitradurga","Chitradurga","Karnataka"
"Bhaskeri","581378","Uttar Kannada","Karwar","Karnataka"
"Bhatambra","585411","Bidar","Bidar","Karnataka"
"Bhatgunki","586227","Bijapur","Bijapur","Karnataka"
"Bhatkal","581320","Uttar Kannada","Bhatkal","Karnataka"
"Bhatkal Bazar","581320","Uttar Kannada","Karwar","Karnataka"
"Bhavanthi Street","575001","Dak. Kannada","Mangalore","Karnataka"
"Bhavikeri","581418","Uttar Kannada","Karwar","Karnataka"
"Bheemanahalli","585281","Gulbarga","Heggadadevankote","Karnataka"
"Bheemasamudra","577520","Chitradurga","Chitradurga","Karnataka"
"Bheemnabeedu","571177","Mysore","Mysore","Karnataka"
"Bhemmarayangudi","585287","Gulbarga","Gulbarga","Karnataka"
"Bhendigeri","591132","Belgaum","Belgaum","Karnataka"
"Bheriya","571608","Mysore","Mysore","Karnataka"
"Bhirdi","591271","Belgaum","Belgaum","Karnataka"
"Bhoj","591263","Belgaum","Belgaum","Karnataka"
"Bhoosnooru","585268","Gulbarga","Gulbarga","Karnataka"
"Bhujanga Nagar","583141","Bellary","Bellary","Karnataka"
"Bidadi","562109","Bangalore","Bangalore","Karnataka"
"Bidar","585401","Bidar","Bidar","Karnataka"
"Bidar Bazar","585401","Bidar","Bidar","Karnataka"
"Bidar Gandhiganj","585403","Bidar","Bidar","Karnataka"
"Bidar Iaf Stn","585401","Bidar","Bidar","Karnataka"
"Bidar Mangalpet","585401","Bidar","Bidar","Karnataka"
"Bidar Shahganj","585401","Bidar","Bidar","Karnataka"
"Bidare","572165","Tumkur","Channarayapatna","Karnataka"
"Bidarekere","577521","Chitradurga","Chitradurga","Karnataka"
"Bidargurunanakjhira","585402","Bidar","Bidar","Karnataka"
"Bidari","586140","Bijapur","Jamkhandi","Karnataka"
"Bidarosman Ganj","585401","Bidar","Bidar","Karnataka"
"Bidi","591106","Belgaum","Belgaum","Karnataka"
"Bijal","575004","Dak. Kannada","Mangalore","Karnataka"
"Bijapur","586101","Bijapur","Bijapur","Karnataka"
"Bijapur Basavanagar","586101","Bijapur","Bijapur","Karnataka"
"Bijapur Bazar","586101","Bijapur","Bijapur","Karnataka"
"Bijapur Darbargalli","586101","Bijapur","Bijapur","Karnataka"
"Bijapur Darga","586107","Bijapur","Bijapur","Karnataka"
"Bijapur Jainapur","586104","Bijapur","Bijapur","Karnataka"
"Bijapur Jorapurpeth","586101","Bijapur","Bijapur","Karnataka"
"Bijapur Jummamasjid","586101","Bijapur","Bijapur","Karnataka"
"Bijapur Kabraji Bazar","586101","Bijapur","Bijapur","Karnataka"
"Bijapur Kutchery","586101","Bijapur","Bijapur","Karnataka"
"Bijapur Mamadpur","586105","Bijapur","Bijapur","Karnataka"
"Bijapur Railway Stn","586101","Bijapur","Bijapur","Karnataka"
"Bijapur Sainik School","586102","Bijapur","Bijapur","Karnataka"
"Bijapur Tajabavadi","586101","Bijapur","Bijapur","Karnataka"
"Bijapur Torvi","586106","Bijapur","Bijapur","Karnataka"
"Bijapur Vijaya College","586103","Bijapur","Bijapur","Karnataka"
"Bijaspur","585304","Gulbarga","Gulbarga","Karnataka"
"Bijaur Market Yard","586101","Bijapur","Bijapur","Karnataka"
"Bijjargi","586114","Bijapur","Bijapur","Karnataka"
"Bijur","576244","Dak. Kannada","Mangalore","Karnataka"
"Bikkernakatta","575005","Dak. Kannada","Mangalore","Karnataka"
"Bikkodu","573215","Hassan","Belur","Karnataka"
"Bilgi","587116","Bijapur","Bilgi","Karnataka"
"Bilgi","581322","Uttar Kannada","Bilgi","Karnataka"
"Bilicharkar","585275","Gulbarga","Gulbarga","Karnataka"
"Bilicharkar","585275","Gulbarga","Gulbarga","Karnataka"
"Bilichodu","577553","Chitradurga","Jagalur","Karnataka"
"Biligere","572114","Tumkur","Gubbi","Karnataka"
"Biligiri Rangaswamy","572114","Tumkur","Tumkur","Karnataka"
"Bilikere","571103","Mysore","Channarayapatna","Karnataka"
"Bilugali","571158","Mysore","Heggadadevankote","Karnataka"
"Binakanahalli","571160","Mysore","Tirumakudal Narsipur","Karnataka"
"Bindiganavale","571802","Mandya","Mandya","Karnataka"
"Binga","581364","Uttar Kannada","Karwar","Karnataka"
"Binnamangala Ii","560038","Bangalore","Bangalore","Karnataka"
"Biravalu","572158","Tumkur","Tumkur","Karnataka"
"Birunani","571262","Koduru","Koduru","Karnataka"
"Birur","577116","Chikamaglur","Chikamaglur","Karnataka"
"Birur Town","577116","Chikamaglur","Chikamaglur","Karnataka"
"Bisalare","577172","Chikamaglur","Chikamaglur","Karnataka"
"Bisalavadi","571146","Chamarajanagar","Chamarajanagar","Karnataka"
"Bobruwada","581314","Uttar Kannada","Karwar","Karnataka"
"Bockapatna","575003","Dak. Kannada","Mangalore","Karnataka"
"Bodabanhal","577555","Chitradurga","Chitradurga","Karnataka"
"Boikere","571256","Koduru","Koduru","Karnataka"
"Bola","574125","Dak. Kannada","Mangalore","Karnataka"
"Bolar","575001","Dak. Kannada","Mangalore","Karnataka"
"Bolila","574336","Dak. Kannada","Mangalore","Karnataka"
"Boliyar","574186","Dak. Kannada","Mangalore","Karnataka"
"Bommagonakere","577595","Chitradurga","Chitradurga","Karnataka"
"Bommanahalli","560068","Bangalore","Bommanahalli","Karnataka"
"Bommasandra Industrial Estate","562158","Bangalore","Bangalore","Karnataka"
"Bondanthila","574191","Dak. Kannada","Mangalore","Karnataka"
"Borgaon","591216","Belgaum","Belgaum","Karnataka"
"Bori","581184","Dharwar","Supa","Karnataka"
"Borimaru","574251","Dak. Kannada","Mangalore","Karnataka"
"Borkatte","574320","Dak. Kannada","Mangalore","Karnataka"
"Branhmavar","576213","Dak. Kannada","Mangalore","Karnataka"
"Brigade Road","560001","Bangalore","Bangalore","Karnataka"
"Brindavan Extn","570020","Mysore","Mysore","Karnataka"
"Broadway Road Cross","560051","Bangalore","Bangalore","Karnataka"
"Bsf Campus Yelahanka","560063","Bangalore","Bangalore","Karnataka"
"Budakatti","591152","Belgaum","Belgaum","Karnataka"
"Budanuru","571451","Mandya","Mandya","Karnataka"
"Budikote","563147","Kolar","Bangarapet","Karnataka"
"Budugumpa","583270","Raichur","Gangawati","Karnataka"
"Bukkambudhi","577145","Chikamaglur","Chikamaglur","Karnataka"
"Bukkapatna","572115","Tumkur","Koratagere","Karnataka"
"Bukkasagara","583144","Bellary","Bellary","Karnataka"
"Bukkinakere","571812","Mysore","Mysore","Karnataka"
"Bull Temple Road","560004","Bangalore","Bangalore","Karnataka"
"Burudugunte","563159","Kolar","Chintamani","Karnataka"
"Bus Stand","585103","Gulbarga","Gulbarga","Karnataka"
"Butachens Street","560051","Bangalore","Bangalore","Karnataka"
"Byadanur","561214","Bangalore","Bangalore","Karnataka"
"Byadarahalli","571615","Mysore","Arsikere","Karnataka"
"Byadgi","581106","Dharwar","Byadgi","Karnataka"
"Byadgi Nehrunagar","581106","Dharwar","Dharwar","Karnataka"
"Byahatti","581124","Dharwar","Hubli","Karnataka"
"Byalakuppe","571104","Mysore","Mysore","Karnataka"
"Byalya","572163","Tumkur","Madhugiri","Karnataka"
"Byappanahalli","560038","Bangalore","Bangalore","Karnataka"
"Byasandra","560011","Bangalore","Bangalore","Karnataka"
"Byatarayanapura","560092","Bangalore","Byatarayanapura","Karnataka"
"Byndoor","576214","Dak. Kannada","Mangalore","Karnataka"
"Byrakur","563149","Kolar","Mulbagal","Karnataka"
"Byramagala","562142","Bangalore","Bangalore","Karnataka"
"Byrapura","571185","Mysore","Alur","Karnataka"
"C M P Centre & School","560025","Bangalore","Bangalore","Karnataka"
"C R Station","577117","Chikamaglur","Chikamaglur","Karnataka"
"Car Street","575001","Dak. Kannada","Mangalore","Karnataka"
"Car Street","576101","Dak. Kannada","Mangalore","Karnataka"
"Carmelaram","560035","Bangalore","Bangalore","Karnataka"
"Chabbi","581233","Dharwar","Dharwar","Karnataka"
"Chabbi","582142","Dharwar","Dharwar","Karnataka"
"Chaimundi Betta","570018","Mysore","Mysore","Karnataka"
"Chakra Nagar","577437","Chitradurga","Chitradurga","Karnataka"
"Chalgere","584155","Raichur","Raichur","Karnataka"
"Chalgeri","581145","Dharwar","Mundgod","Karnataka"
"Challakere","577522","Chitradurga","Challakere","Karnataka"
"Challakere Bazar","577522","Chitradurga","Chitradurga","Karnataka"
"Challakere Regulated","577522","Chitradurga","Chitradurga","Karnataka"
"Challakurki","583111","Bellary","Bellary","Karnataka"
"Chamakere","591256","Belgaum","Belgaum","Karnataka"
"Chamaraj Nagar Extn","571313","Mysore","Mysore","Karnataka"
"Chamaraja Nagar","571313","Mysore","Mysore","Karnataka"
"Chamaraja Puram","570004","Mysore","Mysore","Karnataka"
"Chamarajasagar","562151","Bangalore","Bangalore","Karnataka"
"Chamarajendrapeta","560002","Bangalore","Bangalore","Karnataka"
"Chamarajpet Bazar","560018","Bangalore","Bangalore","Karnataka"
"Champion Reefs","563117","Kolar","Kolar","Karnataka"
"Chamrajpet","577001","Chitradurga","Chitradurga","Karnataka"
"Chamrapet West","560018","Bangalore","Bangalore","Karnataka"
"Chamundi Betta","570018","Mysore","Mysore","Karnataka"
"Chamundi Extn","570004","Mysore","Mysore","Karnataka"
"Chandakavadi","571178","Chamarajanagar","Chamarajanagar","Karnataka"
"Chandankera","585377","Bidar","Bidar","Karnataka"
"Chandapur","585305","Bidar","Bidar","Karnataka"
"Chandarki","585276","Gulbarga","Gulbarga","Karnataka"
"Chandavar","581323","Uttar Kannada","Karwar","Karnataka"
"Chandchar","586205","Bijapur","Bijapur","Karnataka"
"Chandkavthe","586143","Bijapur","Bijapur","Karnataka"
"Chandpura","562145","Bangalore","Bangalore","Karnataka"
"Chandrasekharapura","572213","Tumkur","Tumkur","Karnataka"
"Chandur","591273","Belgaum","Belgaum","Karnataka"
"Channageri","577213","Shimoga","Shimoga","Karnataka"
"Channageri Town","577213","Shimoga","Shimoga","Karnataka"
"Channakesavapuda","572116","Tumkur","Tumkur","Karnataka"
"Channamma Circle","581325","Uttar Kannada","Karwar","Karnataka"
"Channapatna","571501","Mysore","Channapatna","Karnataka"
"Channapatna Bazar","571501","Mysore","Mysore","Karnataka"
"Channapatna Govt","571501","Mysore","Mysore","Karnataka"
"Channapattan Bazar","581401","Uttar Kannada","Karwar","Karnataka"
"Channarayapatna","573116","Hassan","Hassan","Karnataka"
"Channarayapatna","571272","Koduru","Devanahalli","Karnataka"
"Channayanakote","571272","Koduru","Koduru","Karnataka"
"Chara","576150","Dak. Kannada","Mangalore","Karnataka"
"Charmadi","574290","Dak. Kannada","Mangalore","Karnataka"
"Charminar Mosquee Road","560051","Bangalore","Bangalore","Karnataka"
"Cheekanahalli","573138","Hassan","Alur","Karnataka"
"Chelur","563124","Kolar","Kolar","Karnataka"
"Chelur","572117","Tumkur","Tumkur","Karnataka"
"Chendiye","571254","Koduru","Koduru","Karnataka"
"Cherkadi","576215","Dak. Kannada","Mangalore","Karnataka"
"Chermbane","571257","Koduru","Koduru","Karnataka"
"Chettalli","571248","Koduru","Koduru","Karnataka"
"Cheyandane","571212","Koduru","Koduru","Karnataka"
"Chickbevanur","586225","Bijapur","Indi","Karnataka"
"Chickjantakal","583271","Bellary","Bellary","Karnataka"
"Chickpet","560053","Bangalore","Bangalore","Karnataka"
"Chidambarnagar","591802","Belgaum","Belgaum","Karnataka"
"Chigateri","583127","Bellary","Bellary","Karnataka"
"Chigateri Hospital","577004","Chitradurga","Chitradurga","Karnataka"
"Chikamaglur Bazar","577101","Chikamaglur","Chikamaglur","Karnataka"
"Chikamaglur Fort","577101","Chikamaglur","Chikamaglur","Karnataka"
"Chikamudnur","574337","Dak. Kannada","Mangalore","Karnataka"
"Chikballapur","562101","Bangalore","Bangalore","Karnataka"
"Chikballapur","562101","Bangalore","Bangalore","Karnataka"
"Chikjapur","577523","Chitradurga","Chitradurga","Karnataka"
"Chikjogihalli","583126","Bellary","Bellary","Karnataka"
"Chikkabanavara","560090","Bangalore","Bangalore","Karnataka"
"Chikkabiadarekal","560073","Bangalore","Bangalore","Karnataka"
"Chikkajala","562152","Bangalore","Bangalore","Karnataka"
"Chikkanahalli","572151","Tumkur","Anekal","Karnataka"
"Chikkanallur","577563","Chitradurga","Chitradurga","Karnataka"
"Chikkanayakanahalli","572214","Tumkur","Bangalore South","Karnataka"
"Chikkatirupathi","563158","Kolar","Kolar","Karnataka"
"Chikkerur","581125","Dharwar","Hirekerur","Karnataka"
"Chikkmuduvadi","562143","Bangalore","Bangalore","Karnataka"
"Chikmagalur Dist Office","577101","Chikamaglur","Chikamaglur","Karnataka"
"Chikmagalure","577101","Chikamaglur","Chikamaglur","Karnataka"
"Chikmannur","582240","Dharwar","Dharwar","Karnataka"
"Chikmgalur","577101","Chikamaglur","Chikamaglur","Karnataka"
"Chiknargund","582235","Dharwar","Dharwar","Karnataka"
"Chikodi","591201","Belgaum","Chikodi","Karnataka"
"Chikodi Bazar","591201","Belgaum","Belgaum","Karnataka"
"Chikodi College Road","591201","Belgaum","Belgaum","Karnataka"
"Chikodi Extn","591201","Belgaum","Belgaum","Karnataka"
"Chikodi Sugar Factory","591247","Belgaum","Belgaum","Karnataka"
"Chilakalanerpu","563153","Kolar","Chintamani","Karnataka"
"Chilakunda","571133","Mysore","Mysore","Karnataka"
"Chilakundi","577113","Chikamaglur","Chikamaglur","Karnataka"
"Chilur","577230","Shimoga","Honnali","Karnataka"
"Chimmad","587324","Bijapur","Jamkhandi","Karnataka"
"Chimmalgi","586219","Bijapur","Bijapur","Karnataka"
"Chimmanchode","585306","Gulbarga","Gulbarga","Karnataka"
"Chinchani","591272","Belgaum","Belgaum","Karnataka"
"Chinchli","582140","Dharwar","Dharwar","Karnataka"
"Chincholi","585307","Gulbarga","Chincholi","Karnataka"
"Chinkurli","571455","Mandya","Mandya","Karnataka"
"Chinmulgund","581169","Dharwar","Dharwar","Karnataka"
"Chinnappa Gardens","560046","Bangalore","Bangalore","Karnataka"
"Chintamani","563125","Kolar","Chintamani","Karnataka"
"Chintamani Bazar","563125","Kolar","Kolar","Karnataka"
"Chintamani Market","563125","Kolar","Kolar","Karnataka"
"Chitawadgi","587132","Bijapur","Bijapur","Karnataka"
"Chitguppa","585412","Bidar","Bidar","Karnataka"
"Chitradurga","577501","Chitradurga","Chitradurga","Karnataka"
"Chitradurga","577501","Chitradurga","Chitradurga","Karnataka"
"Chitradurga","572160","Tumkur","Chitradurga","Karnataka"
"Chitradurga Chickpet","577501","Chitradurga","Chitradurga","Karnataka"
"Chitradurga Collage Road","577501","Chitradurga","Chitradurga","Karnataka"
"Chitradurga District Offi","577501","Chitradurga","Chitradurga","Karnataka"
"Chitradurga Fort","577501","Chitradurga","Chitradurga","Karnataka"
"Chitradurga Stn Road","577502","Chitradurga","Chitradurga","Karnataka"
"Chitrdurga Horapet","577501","Chitradurga","Chitradurga","Karnataka"
"Chittapur","585211","Gulbarga","Lingsugur","Karnataka"
"Chitwadgi","583211","Bellary","Bellary","Karnataka"
"Cholachgudd","587208","Bijapur","Bijapur","Karnataka"
"Choranur","583128","Bellary","Bellary","Karnataka"
"Chottanahalli","571466","Mandya","Heggadadevankote","Karnataka"
"Choulihiriyur","577180","Chikamaglur","Chikamaglur","Karnataka"
"Chunchanahalli","571811","Mysore","Belur","Karnataka"
"Chunchanakatte","571617","Mysore","Mysore","Karnataka"
"Chunchanur","591703","Belgaum","Belgaum","Karnataka"
"Circle","560010","Bangalore","Bangalore","Karnataka"
"Cockburn Road","560051","Bangalore","Bangalore","Karnataka"
"Coimbatore Colony","571182","Mysore","Mysore","Karnataka"
"Collectorate","575001","Dak. Kannada","Mangalore","Karnataka"
"Colonel Hill Road","560051","Bangalore","Bangalore","Karnataka"
"Commercial Complex","560038","Bangalore","Bangalore","Karnataka"
"Coromandel","563118","Kolar","Kolar","Karnataka"
"Cottonpet","560053","Bangalore","Bangalore","Karnataka"
"Cowdalli","571320","Mysore","Kollegal","Karnataka"
"Cox Town","560005","Bangalore","Bangalore","Karnataka"
"Cpt","562137","Bangalore","Bangalore","Karnataka"
"Cubbon Road","560001","Bangalore","Bangalore","Karnataka"
"Cunningham Road","560052","Bangalore","Bangalore","Karnataka"
"Curva Road","560051","Bangalore","Bangalore","Karnataka"
"Daddi","591254","Belgaum","Belgaum","Karnataka"
"Dalasnur","563126","Kolar","Kolar","Karnataka"
"Dambal","582113","Dharwar","Mundargi","Karnataka"
"Dandeli","581325","Uttar Kannada","Dandeli","Karnataka"
"Dandeli Bazar","581325","Uttar Kannada","Karwar","Karnataka"
"Dandeli Paper Mills","581362","Uttar Kannada","Karwar","Karnataka"
"Dandeli Plywood Colony","581325","Uttar Kannada","Karwar","Karnataka"
"Dandinashivara","572215","Tumkur","Turuvekere","Karnataka"
"Dandoti","585344","Gulbarga","Gulbarga","Karnataka"
"Darbe","574202","Dak. Kannada","Mangalore","Karnataka"
"Darinayakanapalya","561206","Kolar","Kolar","Karnataka"
"Darur","591261","Belgaum","Belgaum","Karnataka"
"Dasankop","581429","Uttar Kannada","Karwar","Karnataka"
"Dasarahalli","560050","Bangalore","Dasarahalli","Karnataka"
"Dasarahalli","560057","Bangalore","Dasarahalli","Karnataka"
"Dasmpur","583269","Bellary","Bellary","Karnataka"
"Davanagere","577001","Chitradurga","Davanagere","Karnataka"
"Davanagere","577001","Chitradurga","Davanagere","Karnataka"
"Davanere","577001","Chitradurga","Chitradurga","Karnataka"
"Davanere","577004","Chitradurga","Chitradurga","Karnataka"
"Davangere","577001","Chitradurga","Chitradurga","Karnataka"
"Davangere City","577002","Chitradurga","Chitradurga","Karnataka"
"Davangere Jayadeva Circle","577002","Chitradurga","Chitradurga","Karnataka"
"Davangere K B Extn","577002","Chitradurga","Chitradurga","Karnataka"
"Davangere Mills","577003","Chitradurga","Chitradurga","Karnataka"
"Davangere Southern Extn","577004","Chitradurga","Chitradurga","Karnataka"
"Deepanjal Nagar","560026","Bangalore","Bangalore","Karnataka"
"Degaon","585240","Gulbarga","Aland","Karnataka"
"Deodurg","584111","Raichur","Raichur","Karnataka"
"Deodurg Town","584111","Raichur","Raichur","Karnataka"
"Deogeri","583112","Bellary","Bellary","Karnataka"
"Deosugur","584201","Raichur","Raichur","Karnataka"
"Derlakatte","574160","Dak. Kannada","Mangalore","Karnataka"
"Deshnur","591147","Belgaum","Belgaum","Karnataka"
"Desnur Sugar Factory","583140","Bellary","Bellary","Karnataka"
"Devagiri","581132","Haveri","Haveri","Karnataka"
"Devaladakere","577147","Chikamaglur","Sakleshpur","Karnataka"
"Devalapur","591140","Belgaum","Belgaum","Karnataka"
"Devalapura","583129","Bellary","Bellary","Karnataka"
"Devalapura","571445","Mandya","Mandya","Karnataka"
"Devalatti","591154","Belgaum","Belgaum","Karnataka"
"Devanahalli","562110","Bangalore","Bangalore","Karnataka"
"Devanalli Fort","562110","Bangalore","Bangalore","Karnataka"
"Devangaon","586206","Bijapur","Sindgi","Karnataka"
"Devangi","577415","Shimoga","Tirthahalli","Karnataka"
"Devanur","577175","Chikamaglur","Chikamaglur","Karnataka"
"Devanur","571167","Mysore","Mysore","Karnataka"
"Devarahalli","577234","Shimoga","Arkalgud","Karnataka"
"Devaraja Mohall","570001","Mysore","Mysore","Karnataka"
"Devarapura","571220","Koduru","Alur","Karnataka"
"Devaraya Patna","572103","Tumkur","Tumkur","Karnataka"
"Devarayanadurga","572146","Tumkur","Tumkur","Karnataka"
"Devarayasumudra","563127","Kolar","Kolar","Karnataka"
"Devargudda","581131","Dharwar","Dharwar","Karnataka"
"Devarhippargi","586115","Bijapur","Bijapur","Karnataka"
"Devarjeevanalli","560045","Bangalore","Bangalore","Karnataka"
"Devi Hosur","581152","Dharwar","Dharwar","Karnataka"
"Devikoppa","581224","Dharwar","Kalghatgi","Karnataka"
"Dhadesugar","584167","Raichur","Raichur","Karnataka"
"Dhamne","591175","Belgaum","Belgaum","Karnataka"
"Dhanagalli","571140","Mysore","Mysore","Karnataka"
"Dhangur","571462","Mandya","Mandya","Karnataka"
"Dhannur","587131","Bijapur","Aland","Karnataka"
"Dhanura","585426","Bidar","Bidar","Karnataka"
"Dharmaram College","560029","Bangalore","Bangalore","Karnataka"
"Dharmasthala","574216","Dak. Kannada","Mangalore","Karnataka"
"Dharmatti","591333","Belgaum","Belgaum","Karnataka"
"Dharwad","580001","Dharwar","Dharwar","Karnataka"
"Dharwad","580001","Dharwar","Dharwar","Karnataka"
"Dharwad","580005","Dharwar","Dharwar","Karnataka"
"Dharwad","580007","Dharwar","Dharwar","Karnataka"
"Dharwad Agricultural College","580005","Dharwar","Dharwar","Karnataka"
"Dharwad City","580001","Dharwar","Dharwar","Karnataka"
"Dharwad K C Park","580008","Dharwar","Dharwar","Karnataka"
"Dharwad K V V","580003","Dharwar","Dharwar","Karnataka"
"Dharwad Kutchery","580001","Dharwar","Dharwar","Karnataka"
"Dharwad Line Bazar","580001","Dharwar","Dharwar","Karnataka"
"Dharwad Market","580001","Dharwar","Dharwar","Karnataka"
"Dharwad Rly Station","580007","Dharwar","Dharwar","Karnataka"
"Dharwad Spatapur","580001","Dharwar","Dharwar","Karnataka"
"Dharwad Vidyagiri","580004","Dharwar","Dharwar","Karnataka"
"Dhavalgi","586116","Bijapur","Bijapur","Karnataka"
"Dhumwad","580114","Dharwar","Dharwar","Karnataka"
"Dhundsi","581193","Dharwar","Dharwar","Karnataka"
"Dhupdal","591218","Belgaum","Belgaum","Karnataka"
"Dhuttargaon","585340","Gulbarga","Gulbarga","Karnataka"
"Dibburahalli","562115","Bangalore","Bangalore","Karnataka"
"Dibburahalli","562147","Bangalore","Bangalore","Karnataka"
"Didaga","573141","Hassan","Channarayapatna","Karnataka"
"District Courts","575003","Dak. Kannada","Mangalore","Karnataka"
"Dobespet","562111","Bangalore","Bangalore","Karnataka"
"Dodaballapur Bazar","561203","Bangalore","Bangalore","Karnataka"
"Dodballapur","561203","Bangalore","Bangalore","Karnataka"
"Doddabelavangala","561204","Bangalore","Bangalore","Karnataka"
"Doddahibhagllu","571161","Mysore","Mysore","Karnataka"
"Doddainduvadi","571478","Mysore","Mysore","Karnataka"
"Doddakallasandra","560062","Bangalore","Bangalore","Karnataka"
"Doddametikurke","573117","Hassan","Arsikere","Karnataka"
"Doddarayapete","571341","Mysore","Mysore","Karnataka"
"Doddasiddavanahalli","577524","Chitradurga","Chitradurga","Karnataka"
"Doddathota","574248","Dak. Kannada","Mangalore","Karnataka"
"Dodwad","591184","Belgaum","Belgaum","Karnataka"
"Domlur","560071","Bangalore","Bangalore","Karnataka"
"Dommasandra","562148","Bangalore","Bangalore","Karnataka"
"Doni","582121","Dharwar","Mundargi","Karnataka"
"Doniomalai Township","583118","Bellary","Bellary","Karnataka"
"Dooda Magge","573142","Hassan","Hassan","Karnataka"
"Doora","571322","Mysore","Mysore","Karnataka"
"Doorvaninagar","560016","Bangalore","Bangalore","Karnataka"
"Dornahalli","585252","Gulbarga","Hassan","Karnataka"
"Dorrvaninagar East","560016","Bangalore","Bangalore","Karnataka"
"Dotihal","584112","Raichur","Kushtagi","Karnataka"
"Dudda R S","573118","Hassan","Hassan","Karnataka"
"Durga","574121","Dak. Kannada","Mangalore","Karnataka"
"Durgadabetta","577118","Chikamaglur","Chikamaglur","Karnataka"
"Durgamba Temple","577001","Chitradurga","Chitradurga","Karnataka"
"East","590006","Belgaum","Belgaum","Karnataka"
"Eastern Extn","573201","Hassan","Hassan","Karnataka"
"Echanur","572234","Tumkur","Tumkur","Karnataka"
"Emmiganur","583113","Bellary","Bellary","Karnataka"
"Eng College","560003","Bangalore","Bangalore","Karnataka"
"Enoli","585336","Bidar","Bidar","Karnataka"
"Extension","560003","Bangalore","Bangalore","Karnataka"
"Extension Tumkur","572101","Tumkur","Tumkur","Karnataka"
"Extn","590003","Belgaum","Belgaum","Karnataka"
"Extn Iistage","560024","Bangalore","Bangalore","Karnataka"
"Fachhapur","591122","Belgaum","Belgaum","Karnataka"
"Falnir","575001","Dak. Kannada","Mangalore","Karnataka"
"Farangipet","574143","Dak. Kannada","Mangalore","Karnataka"
"Farhatabad","585308","Gulbarga","Gulbarga","Karnataka"
"Firozabad","585337","Gulbarga","Gulbarga","Karnataka"
"Fisheries College","575002","Dak. Kannada","Mangalore","Karnataka"
"Food Technology","570013","Mysore","Mysore","Karnataka"
"Fraser Town","560005","Bangalore","Bangalore","Karnataka"
"G T C","580008","Dharwar","Dharwar","Karnataka"
"Gabbur","585265","Gulbarga","Gulbarga","Karnataka"
"Gabbur","584113","Raichur","Raichur","Karnataka"
"Gadag","582101","Dharwar","Dharwar","Karnataka"
"Gadag Bazar","582101","Dharwar","Dharwar","Karnataka"
"Gadag Betgeri","582102","Dharwar","Dharwar","Karnataka"
"Gadag City","582101","Dharwar","Dharwar","Karnataka"
"Gadag Cotton Market","582101","Dharwar","Dharwar","Karnataka"
"Gadag Extension","582101","Dharwar","Dharwar","Karnataka"
"Gadag Health Camp","582102","Dharwar","Dharwar","Karnataka"
"Gadag Mulgund Naka","582101","Dharwar","Dharwar","Karnataka"
"Gadiganur","583245","Bellary","Bellary","Karnataka"
"Gajarkot","585284","Gulbarga","Yadgir","Karnataka"
"Gajendragad","582114","Dharwar","Dharwar","Karnataka"
"Gajgarpet Raichur","584101","Raichur","Raichur","Karnataka"
"Galag","584156","Raichur","Devadurga","Karnataka"
"Galataga","591219","Belgaum","Belgaum","Karnataka"
"Galgali","587117","Bijapur","Bijapur","Karnataka"
"Ganaganur","571174","Chamarajanagar","Chamarajanagar","Karnataka"
"Gandasi","573119","Hassan","Arsikere","Karnataka"
"Gandhal","571472","Mandya","Devadurga","Karnataka"
"Gandhi Bazar","573201","Hassan","Hassan","Karnataka"
"Gandhi Ganj","585403","Bidar","Bidar","Karnataka"
"Gandhi Gwad","591141","Belgaum","Belgaum","Karnataka"
"Gandhi Krishi","560009","Bangalore","Bangalore","Karnataka"
"Gandhi Maidan","576201","Dak. Kannada","Mangalore","Karnataka"
"Gandhi Nagar","560009","Bangalore","Bangalore","Karnataka"
"Gandhi Nagar","575003","Dak. Kannada","Mangalore","Karnataka"
"Gandhi Nagar Kumta","581374","Uttar Kannada","Karwar","Karnataka"
"Gandhi Nagar Sagar","577401","Shimoga","Shimoga","Karnataka"
"Gandhi Nagar Tiptur","572201","Tumkur","Tumkur","Karnataka"
"Gandhi Nagar Tumkur","572101","Tumkur","Tumkur","Karnataka"
"Ganeshgudi","581365","Uttar Kannada","Karwar","Karnataka"
"Ganeshpet","580020","Dharwar","Dharwar","Karnataka"
"Gangapur","585212","Gulbarga","Hirekerur","Karnataka"
"Gangavati","583227","Bellary","Bellary","Karnataka"
"Gangavati Mv Circle","583227","Bellary","Bellary","Karnataka"
"Gangavti Bazar","583227","Bellary","Bellary","Karnataka"
"Gangavti C B S Gunj","583227","Bellary","Bellary","Karnataka"
"Gangavti Julynagar","583227","Bellary","Bellary","Karnataka"
"Gangenahalli Extn","560032","Bangalore","Bangalore","Karnataka"
"Ganguli","576216","Dak. Kannada","Mangalore","Karnataka"
"Ganguli Bunder","576216","Dak. Kannada","Mangalore","Karnataka"
"Ganj","583231","Raichur","Raichur","Karnataka"
"Ganjigatti","581230","Dharwar","Kalghatgi","Karnataka"
"Ganjimutt","574144","Dak. Kannada","Mangalore","Karnataka"
"Gannaikanahalli","577587","Chitradurga","Chitradurga","Karnataka"
"Ganwar","585335","Bidar","Bidar","Karnataka"
"Garag","581105","Dharwar","Dharwad","Karnataka"
"Gargeshwari","571110","Mysore","Mysore","Karnataka"
"Garlgungji","591331","Belgaum","Belgaum","Karnataka"
"Gauribidanur","561208","Kolar","Gauribidanur","Karnataka"
"Gauribidanur Bazar","561208","Kolar","Kolar","Karnataka"
"Gavadagere","571610","Mysore","Hunsur","Karnataka"
"Gavipurm Extn","560019","Bangalore","Bangalore","Karnataka"
"Gavipurm Guttaballi","560019","Bangalore","Bangalore","Karnataka"
"Gayatri Nagar","560021","Bangalore","Bangalore","Karnataka"
"Gendahalli","573143","Hassan","Hassan","Karnataka"
"General Hospital","585109","Gulbarga","Gulbarga","Karnataka"
"Gersoppa","581384","Uttar Kannada","Karwar","Karnataka"
"Gerukatte","574293","Dak. Kannada","Mangalore","Karnataka"
"Ghangapur","585212","Gulbarga","Gulbarga","Karnataka"
"Ghataprabha R S","591306","Belgaum","Belgaum","Karnataka"
"Ghatboral","585434","Bidar","Bidar","Karnataka"
"Ghoderi","591251","Belgaum","Belgaum","Karnataka"
"Ginigera","583228","Bellary","Bellary","Karnataka"
"Giriapura","577561","Chitradurga","Chitradurga","Karnataka"
"Girisagar","587127","Bijapur","Bilgi","Karnataka"
"Godabanahal","577555","Chitradurga","Chitradurga","Karnataka"
"Gogi","585309","Gulbarga","Gulbarga","Karnataka"
"Gokak","591307","Belgaum","Gokak","Karnataka"
"Gokak College Road","591307","Belgaum","Belgaum","Karnataka"
"Gokak Falis","591308","Belgaum","Belgaum","Karnataka"
"Gokak Fort","591307","Belgaum","Belgaum","Karnataka"
"Gokak Guruwarpeth","591307","Belgaum","Belgaum","Karnataka"
"Gokak Raviwarpet","591307","Belgaum","Belgaum","Karnataka"
"Gokarn","581326","Uttar Kannada","Karwar","Karnataka"
"Gokarn Car Street","581326","Uttar Kannada","Karwar","Karnataka"
"Gokula","560054","Bangalore","Bangalore","Karnataka"
"Gokula Extn","560054","Bangalore","Bangalore","Karnataka"
"Gokula Extn","570002","Mysore","Mysore","Karnataka"
"Gokula Extn","572129","Tumkur","Tumkur","Karnataka"
"Gola","585341","Bidar","Bidar","Karnataka"
"Golsangi","586231","Bijapur","Bijapur","Karnataka"
"Gondi","581176","Dharwar","Hangal","Karnataka"
"Gonibeed","577151","Chikamaglur","Chikamaglur","Karnataka"
"Gonikoppal","571213","Koduru","Gonikoppal","Karnataka"
"Goonadka","574254","Dak. Kannada","Mangalore","Karnataka"
"Gopalapura","571470","Mandya","Bangalore North","Karnataka"
"Gopanahalu","577576","Chitradurga","Chitradurga","Karnataka"
"Gorebal","584141","Raichur","Lingsugur","Karnataka"
"Goreguntapalya","560022","Bangalore","Bangalore","Karnataka"
"Goripalya","560026","Bangalore","Bangalore","Karnataka"
"Gorur","573120","Hassan","Belur","Karnataka"
"Gothe","586145","Bijapur","Jamkhandi","Karnataka"
"Gottharia","584101","Raichur","Raichur","Karnataka"
"Govt Electric Factory","560026","Bangalore","Bangalore","Karnataka"
"Gubbi","572216","Tumkur","Gubbi","Karnataka"
"Gubbi Bazar","572216","Tumkur","Tumkur","Karnataka"
"Guddadhulikatti","581236","Dharwar","Dharwar","Karnataka"
"Guddehosur","571245","Koduru","Koduru","Karnataka"
"Guddekote","583130","Bellary","Bellary","Karnataka"
"Guddethota","577152","Chikamaglur","Koppa","Karnataka"
"Gudeangadi","581351","Uttar Kannada","Karwar","Karnataka"
"Gudemaranahalli","562153","Bangalore","Bangalore","Karnataka"
"Gudgeri","581107","Dharwar","Kundgol","Karnataka"
"Gudiganur","583245","Bellary","Bellary","Karnataka"
"Gudur","587202","Bijapur","Afzalpur","Karnataka"
"Gujjadi","576247","Dak. Kannada","Mangalore","Karnataka"
"Gulabarag","585101","Gulbarga","Gulbarga","Karnataka"
"Gulbalgud","591321","Belgaum","Belgaum","Karnataka"
"Gulbara Khubaplot","585102","Gulbarga","Gulbarga","Karnataka"
"Gulbarg J R College","585102","Gulbarga","Gulbarga","Karnataka"
"Gulbarga","585152","Gulbarga","Gulbarga","Karnataka"
"Gulbarga","585101","Gulbarga","Gulbarga","Karnataka"
"Gulbarga","585103","Gulbarga","Gulbarga","Karnataka"
"Gulbarga","585104","Gulbarga","Gulbarga","Karnataka"
"Gulbarga","585105","Gulbarga","Gulbarga","Karnataka"
"Gulbarga Central","585103","Gulbarga","Gulbarga","Karnataka"
"Gulbarga Court","585102","Gulbarga","Gulbarga","Karnataka"
"Gulbarga Darga","585104","Gulbarga","Gulbarga","Karnataka"
"Gulbarga Eng College","585102","Gulbarga","Gulbarga","Karnataka"
"Gulbarga Fort Road","585101","Gulbarga","Gulbarga","Karnataka"
"Gulbarga Govt","585103","Gulbarga","Gulbarga","Karnataka"
"Gulbarga Jagat","585101","Gulbarga","Gulbarga","Karnataka"
"Gulbarga Kutchery","585101","Gulbarga","Gulbarga","Karnataka"
"Gulbarga Mominpura","585104","Gulbarga","Gulbarga","Karnataka"
"Gulbarga Msk Mills","585103","Gulbarga","Gulbarga","Karnataka"
"Gulbarga Nehruganj","585104","Gulbarga","Gulbarga","Karnataka"
"Gulbarga R S","585102","Gulbarga","Gulbarga","Karnataka"
"Gulbarga Shahabazar","585101","Gulbarga","Gulbarga","Karnataka"
"Guledgudd","587203","Bijapur","Bijapur","Karnataka"
"Guledgudd East","587203","Bijapur","Bijapur","Karnataka"
"Gullanpet","577178","Chikamaglur","Chikamaglur","Karnataka"
"Gullapur","581435","Uttar Kannada","Karwar","Karnataka"
"Gulur Kolar","561218","Kolar","Kolar","Karnataka"
"Gulur Tumkur","572118","Tumkur","Tumkur","Karnataka"
"Gulvadi","576239","Dak. Kannada","Mangalore","Karnataka"
"Gundewadi","591262","Belgaum","Belgaum","Karnataka"
"Gundlupet","571111","Mysore","Gundlupet","Karnataka"
"Gundlupet Bazar","571111","Mysore","Mysore","Karnataka"
"Gundmi","576237","Dak. Kannada","Mangalore","Karnataka"
"Gundyadka","574317","Dak. Kannada","Mangalore","Karnataka"
"Gunjahalli","584140","Raichur","Raichur","Karnataka"
"Gurgunta","584139","Raichur","Lingsugur","Karnataka"
"Gurmitkal","585214","Gulbarga","Gulbarga","Karnataka"
"Gurugadahalli","572235","Tumkur","Tiptur","Karnataka"
"Gurupupura","571188","Mysore","Mysore","Karnataka"
"Gurupur","574145","Dak. Kannada","Mangalore","Karnataka"
"Gururayankere","574217","Dak. Kannada","Mangalore","Karnataka"
"Guthigar","574218","Dak. Kannada","Mangalore","Karnataka"
"Guttal","581108","Haveri","Haveri","Karnataka"
"Guttalu","571403","Mandya","Mandya","Karnataka"
"Gyanaganga","585106","Gulbarga","Gulbarga","Karnataka"
"H D Kote","571114","Mysore","Mysore","Karnataka"
"H Siddiah Road","560002","Bangalore","Bangalore","Karnataka"
"Habbuvada","581306","Uttar Kannada","Karwar","Karnataka"
"Hadadi","577525","Davanagere","Davanagere","Karnataka"
"Hadagali","586153","Bijapur","Bijapur","Karnataka"
"Hadinaru","571334","Mysore","Heggadadevankote","Karnataka"
"Hadli","582228","Dharwar","Malavalli","Karnataka"
"Hagalvadi","572239","Tumkur","Tumkur","Karnataka"
"Hagare","573216","Hassan","Belur","Karnataka"
"Hagari Bommanahalli Town","583212","Bellary","Bellary","Karnataka"
"Hagarir S","583138","Bellary","Bellary","Karnataka"
"Hagri Bommanahalli","583212","Bellary","Bellary","Karnataka"
"Hakladi","576248","Dak. Kannada","Mangalore","Karnataka"
"Hal Ii Stage","560038","Bangalore","Bangalore","Karnataka"
"Haladi","576250","Dak. Kannada","Mangalore","Karnataka"
"Halagali","587134","Bijapur","Mudhol","Karnataka"
"Halagani","586141","Bijapur","Bijapur","Karnataka"
"Halagur","571421","Mandya","Mandya","Karnataka"
"Halasangi","586207","Bijapur","Indi","Karnataka"
"Halashi","591142","Belgaum","Belgaum","Karnataka"
"Halavagalu","583213","Bellary","Bellary","Karnataka"
"Halbarga","585413","Bidar","Bidar","Karnataka"
"Haldipur","581327","Uttar Kannada","Karwar","Karnataka"
"Haleangady","574146","Dak. Kannada","Mangalore","Karnataka"
"Halebeedu","573121","Hassan","Belur","Karnataka"
"Halenahalli","572150","Tumkur","Dod Ballapur","Karnataka"
"Halepalya","572240","Tumkur","Malur","Karnataka"
"Haleyur","571614","Mysore","Piriyapatna","Karnataka"
"Halga","591176","Belgaum","Belgaum","Karnataka"
"Halgatti","591155","Belgaum","Belgaum","Karnataka"
"Halge","581328","Uttar Kannada","Karwar","Karnataka"
"Halgera","583251","Bellary","Bellary","Karnataka"
"Halgeri","581208","Dharwar","Dharwar","Karnataka"
"Halgeri","581376","Uttar Kannada","Karwar","Karnataka"
"Halingali","587326","Bijapur","Jamkhandi","Karnataka"
"Haliyal","581329","Uttar Kannada","Haliyal","Karnataka"
"Haliyal Bazar","581329","Uttar Kannada","Karwar","Karnataka"
"Halkatta","585255","Gulbarga","Chitapur","Karnataka"
"Halkeri","582128","Dharwar","Dharwar","Karnataka"
"Halli Mysore","573210","Hassan","Hole Narsipur","Karnataka"
"Hallihal","580211","Dharwar","Dharwar","Karnataka"
"Hallihole","576252","Dak. Kannada","Mangalore","Karnataka"
"Hallikeri","582227","Dharwar","Harapanahalli","Karnataka"
"Hallikhed","585352","Bidar","Bidar","Karnataka"
"Hallikhed","585414","Bidar","Bidar","Karnataka"
"Hallikhed S F","585415","Bidar","Bidar","Karnataka"
"Hallisagar","585273","Gulbarga","Shahpur","Karnataka"
"Hallur","587143","Bagalkot","Bagalkot","Karnataka"
"Halsitugaon","585441","Bidar","Bidar","Karnataka"
"Hamapapura","571125","Mysore","Mysore","Karnataka"
"Hampankatta","575001","Dak. Kannada","Mangalore","Karnataka"
"Hampapatna","583240","Bellary","Bellary","Karnataka"
"Hampapura","571601","Mysore","Mysore","Karnataka"
"Hampasagara","583214","Bellary","Bellary","Karnataka"
"Hampi","583239","Bellary","Bellary","Karnataka"
"Hampi Power House","583215","Bellary","Bellary","Karnataka"
"Hanabaratti","591185","Belgaum","Belgaum","Karnataka"
"Hanagawadi","577591","Chitradurga","Harihar","Karnataka"
"Hanamsagar","584114","Raichur","Kushtagi","Karnataka"
"Hanbalu","577119","Chikamaglur","Chikamaglur","Karnataka"
"Hanchinal","591157","Belgaum","Belgaum","Karnataka"
"Handanakere","572119","Tumkur","Chiknayakanhalli","Karnataka"
"Hanehalli","576278","Dak. Kannada","Mangalore","Karnataka"
"Hangal","581104","Dharwar","Hangal","Karnataka"
"Hangala","571126","Mysore","Bangarapet","Karnataka"
"Hanglur","576217","Dak. Kannada","Mangalore","Karnataka"
"Hanjagi","586223","Bijapur","Indi","Karnataka"
"Hannikeri","591186","Belgaum","Belgaum","Karnataka"
"Hanthur","577173","Chikamaglur","Chikamaglur","Karnataka"
"Hanumanhal","584166","Raichur","Raichur","Karnataka"
"Hanumanmatti","581135","Dharwar","Dharwar","Karnataka"
"Hanur","571439","Mysore","Kollegal","Karnataka"
"Haradi","576270","Dak. Kannada","Mangalore","Karnataka"
"Haragapur","591514","Belgaum","Belgaum","Karnataka"
"Haranahalli","573122","Hassan","Hassan","Karnataka"
"Harangi Project","571223","Koduru","Koduru","Karnataka"
"Harapanahalli","583131","Bellary","Bellary","Karnataka"
"Harapanahalli","583131","Bellary","Bellary","Karnataka"
"Harapanahalli Joshi Stree","583131","Bellary","Bellary","Karnataka"
"Harapanahalli Town","583131","Bellary","Bellary","Karnataka"
"Hardalli Mandall","576279","Dak. Kannada","Mangalore","Karnataka"
"Hardanahalli","571127","Mysore","Mysore","Karnataka"
"Hardur","571239","Koduru","Koduru","Karnataka"
"Harekala","574181","Dak. Kannada","Mangalore","Karnataka"
"Hariabbe","577546","Chitradurga","Chitradurga","Karnataka"
"Hariapur","582126","Dharwar","Dharwar","Karnataka"
"Harige","577244","Shimoga","Shimoga","Karnataka"
"Harihar","577601","Chitradurga","Harihar","Karnataka"
"Harihar Apmc Yard","577601","Chitradurga","Chitradurga","Karnataka"
"Hariharapura","577120","Chikamaglur","Arsikere","Karnataka"
"Harobelvadi","581215","Dharwar","Dharwar","Karnataka"
"Harohalli","571183","Mysore","Mysore","Karnataka"
"Harohalli Channapatna","562112","Bangalore","Bangalore","Karnataka"
"Harthikote","577586","Chitradurga","Hiriyur","Karnataka"
"Harti","582123","Gadag","Gadag","Karnataka"
"Harugere","591220","Belgaum","Belgaum","Karnataka"
"Harve","571128","Mysore","Mysore","Karnataka"
"Hassan","573201","Hassan","Hassan","Karnataka"
"Hassan Dist Office","573201","Hassan","Hassan","Karnataka"
"Hatcholli","583114","Bellary","Bellary","Karnataka"
"Hattikunj","585269","Gulbarga","Gulbarga","Karnataka"
"Hattimattur","581159","Dharwar","Savanur","Karnataka"
"Haunsbhavi","581108","Dharwar","Dharwar","Karnataka"
"Havanje","576131","Dak. Kannada","Mangalore","Karnataka"
"Havanur","581133","Haveri","Haveri","Karnataka"
"Haveri","581110","Haveri","Haveri","Karnataka"
"Haveri Bazar","581110","Haveri","Haveri","Karnataka"
"Haveri Bus Stand","581110","Haveri","Haveri","Karnataka"
"Haveri Rajendranagar","581110","Haveri","Haveri","Karnataka"
"Havnahalli","577416","Chitradurga","Chitradurga","Karnataka"
"Hazrath Kambal","581110","Dharwar","Dharwar","Karnataka"
"Hebbal","591221","Belgaum","Belgaum","Karnataka"
"Hebbal","583272","Bellary","Bellary","Karnataka"
"Hebbal","582137","Dharwar","Shorapur","Karnataka"
"Hebbal Agricultural Farm","560024","Bangalore","Bangalore","Karnataka"
"Hebbalaguppe","571148","Mysore","Heggadadevankote","Karnataka"
"Hebbale","571240","Koduru","Arkalgud","Karnataka"
"Hebballi","577583","Chitradurga","Badami","Karnataka"
"Hebbalu","571616","Mysore","Hebbalu","Karnataka"
"Hebbani","563154","Kolar","Malavalli","Karnataka"
"Hebbasuru","571152","Mysore","Mysore","Karnataka"
"Hebbur","572120","Tumkur","Tarikere","Karnataka"
"Heble","581420","Uttar Kannada","Karwar","Karnataka"
"Hebli","580117","Dharwar","Aland","Karnataka"
"Hebri","576112","Dak. Kannada","Mangalore","Karnataka"
"Hebsur","581209","Dharwar","Hubli","Karnataka"
"Hedathale","571331","Mysore","Heggadadevankote","Karnataka"
"Hegde","581330","Uttar Kannada","Karwar","Karnataka"
"Heggadahalli","571336","Mysore","Gundlupet","Karnataka"
"Heggadde","573145","Hassan","Belur","Karnataka"
"Heggarni","581331","Uttar Kannada","Karwar","Karnataka"
"Heggur","571180","Mysore","Bilgi","Karnataka"
"Hejamadi","574103","Dak. Kannada","Mangalore","Karnataka"
"Hemdore","572170","Tumkur","Sira","Karnataka"
"Hemmadi","576249","Dak. Kannada","Mangalore","Karnataka"
"Hemmaragala","571337","Mysore","Heggadadevankote","Karnataka"
"Herga","576134","Dak. Kannada","Mangalore","Karnataka"
"Heroor","583247","Bellary","Bellary","Karnataka"
"Herwatta","581332","Uttar Kannada","Karwar","Karnataka"
"Hessarghatta","560088","Bangalore","Bangalore","Karnataka"
"Hessarghattalake","560089","Bangalore","Bangalore","Karnataka"
"Hethur","573123","Hassan","Sakleshpur","Karnataka"
"Hidigona","581168","Dharwar","Dharwar","Karnataka"
"Hidkal","591255","Belgaum","Belgaum","Karnataka"
"Hidkal Dam","591107","Belgaum","Belgaum","Karnataka"
"High Court","560001","Bangalore","Bangalore","Karnataka"
"Hiliyana","576246","Dak. Kannada","Mangalore","Karnataka"
"Hills","571317","Mysore","Mysore","Karnataka"
"Hindalga","591108","Belgaum","Belgaum","Karnataka"
"Hinkal","570017","Mysore","Mysore","Karnataka"
"Hipparg","585360","Bidar","Bidar","Karnataka"
"Hipparga","585282","Gulbarga","Gulbarga","Karnataka"
"Hippargi","587318","Bijapur","Bijapur","Karnataka"
"Hiradka","576113","Dak. Kannada","Mangalore","Karnataka"
"Hiragutti","581333","Uttar Kannada","Karwar","Karnataka"
"Hirali","585373","Bidar","Bidar","Karnataka"
"Hirapur","585154","Gulbarga","Gulbarga","Karnataka"
"Hirebadady","574306","Dak. Kannada","Mangalore","Karnataka"
"Hirebagewadi","591109","Belgaum","Belgaum","Karnataka"
"Hirebettu","576153","Dak. Kannada","Mangalore","Karnataka"
"Hirebevanur","586147","Bijapur","Indi","Karnataka"
"Hirebile","577121","Chikamaglur","Chikamaglur","Karnataka"
"Hirechennihatti","581218","Dharwar","Dharwar","Karnataka"
"Hirehadagalli","583216","Bellary","Bellary","Karnataka"
"Hirehal","582217","Dharwar","Ron","Karnataka"
"Hirehali","572168","Tumkur","Tumkur","Karnataka"
"Hireharkuni","581191","Dharwar","Dharwar","Karnataka"
"Hirehonnihalli","581225","Dharwar","Kalghatgi","Karnataka"
"Hirejambur","577441","Chitradurga","Chitradurga","Karnataka"
"Hirejantakal","583227","Bellary","Bellary","Karnataka"
"Hirekerur","581111","Dharwar","Hirekerur","Karnataka"
"Hirekodige","577442","Chikamaglur","Koppa","Karnataka"
"Hirekottankal","584142","Belgaum","Belgaum","Karnataka"
"Hirekudi","591274","Belgaum","Belgaum","Karnataka"
"Hirekumbi","591110","Belgaum","Belgaum","Karnataka"
"Hiremasali","586233","Bijapur","Bijapur","Karnataka"
"Hiremudnur","585288","Hassan","Hassan","Karnataka"
"Hiremyagalagere","583145","Bellary","Bellary","Karnataka"
"Hiremyageri","583262","Bellary","Bellary","Karnataka"
"Hirenallur","577562","Chitradurga","Chitradurga","Karnataka"
"Hirenandur","585266","Gulbarga","Gulbarga","Karnataka"
"Hirepadsalgi","587323","Bijapur","Bijapur","Karnataka"
"Hiresindogi","583263","Bellary","Bellary","Karnataka"
"Hirewaddatti","582222","Dharwar","Mundargi","Karnataka"
"Hirisave","573124","Chitradurga","Channarayapatna","Karnataka"
"Hiriyur","572143","Tumkur","Hiriyur","Karnataka"
"Hiriyur Bazar","572143","Tumkur","Tumkur","Karnataka"
"Hiriyur Sugar Factory","572144","Tumkur","Tumkur","Karnataka"
"Hirupadsalgi","587323","Bijapur","Bijapur","Karnataka"
"Hithla","577214","Shimoga","Shimoga","Karnataka"
"Hitnal","583255","Bellary","Bellary","Karnataka"
"Hittinahalli","586151","Bijapur","Bijapur","Karnataka"
"Hmt Bangalore","560031","Bangalore","Bangalore","Karnataka"
"Hmt Watch Factory","560031","Bangalore","Bangalore","Karnataka"
"Hodikere","577215","Shimoga","Shimoga","Karnataka"
"Hogie Bazar","575001","Dak. Kannada","Mangalore","Karnataka"
"Holagundi","583241","Bellary","Bellary","Karnataka"
"Holalkere","577526","Chitradurga","Holalkere","Karnataka"
"Holalkere Old Town","577526","Chitradurga","Chitradurga","Karnataka"
"Holalkere Road","577503","Chitradurga","Chitradurga","Karnataka"
"Holalu","583217","Bellary","Bellary","Karnataka"
"Holalur","577216","Shimoga","Shimoga","Karnataka"
"Holasamunder","585432","Bidar","Bidar","Karnataka"
"Holavanahalli","572121","Tumkur","Koratagere","Karnataka"
"Holealur","582203","Dharwar","Ron","Karnataka"
"Holehonnur","577227","Shimoga","Shimoga","Karnataka"
"Holehosur","591158","Belgaum","Belgaum","Karnataka"
"Holenarasipur","573211","Hassan","Hassan","Karnataka"
"Holenarasipur R S","573211","Hassan","Hassan","Karnataka"
"Hombal","582204","Gadag","Gadag","Karnataka"
"Honagonahalli","586148","Bijapur","Bijapur","Karnataka"
"Honavar","581334","Uttar Kannada","Honavar","Karnataka"
"Honavar Bank Road","581334","Uttar Kannada","Karwar","Karnataka"
"Honavar Bazar","581334","Uttar Kannada","Karwar","Karnataka"
"Honavar Durgakeri","581334","Uttar Kannada","Karwar","Karnataka"
"Honavar Port","581395","Uttar Kannada","Karwar","Karnataka"
"Honganur Channapatna","562138","Bangalore","Bangalore","Karnataka"
"Honganur Nanjangud","571156","Mysore","Mysore","Karnataka"
"Honge","591135","Belgaum","Belgaum","Karnataka"
"Hongunta","585227","Bidar","Bidar","Karnataka"
"Honnali","577217","Shimoga","Honnali","Karnataka"
"Honnatti","581141","Dharwar","Ranibennur","Karnataka"
"Honnavalli","572217","Tumkur","Alur","Karnataka"
"Honnesara","577417","Shimoga","Sagar","Karnataka"
"Honnudike","572122","Tumkur","Tumkur","Karnataka"
"Honnur","571493","Davanagere","Davanagere","Karnataka"
"Honvad","586156","Bijapur","Bijapur","Karnataka"
"Hoode","576137","Dak. Kannada","Mangalore","Karnataka"
"Hoodgi","585329","Bidar","Bidar","Karnataka"
"Hoogiam","571808","Mysore","Mysore","Karnataka"
"Hooli","591159","Belgaum","Belgaum","Karnataka"
"Horakere Devarapura","577557","Chitradurga","Chitradurga","Karnataka"
"Horalahalli","571162","Mysore","Tirumakudal Narsipur","Karnataka"
"Horti","586117","Bijapur","Indi","Karnataka"
"Hosa Alagodu","571168","Mysore","Mysore","Karnataka"
"Hosa Nagar","577418","Shimoga","Shimoga","Karnataka"
"Hosad","581335","Uttar Kannada","Karwar","Karnataka"
"Hosadurga","577527","Chitradurga","Pavagada","Karnataka"
"Hosadurga Fort","577527","Chitradurga","Chitradurga","Karnataka"
"Hosadurga R S","577554","Chitradurga","Chitradurga","Karnataka"
"Hosagrahara","571609","Mysore","Mysore","Karnataka"
"Hosahalli","583218","Bellary","Bellary","Karnataka"
"Hosahalli","583264","Raichur","Chintamani","Karnataka"
"Hosahalu","571426","Mysore","Mysore","Karnataka"
"Hosakere","584159","Raichur","Channagiri","Karnataka"
"Hosakoppa","577153","Chikamaglur","Honnali","Karnataka"
"Hosakuli","581434","Uttar Kannada","Karwar","Karnataka"
"Hosaline Road","573201","Hassan","Hassan","Karnataka"
"Hosangadi","576282","Dak. Kannada","Mangalore","Karnataka"
"Hosaritti","581213","Haveri","Haveri","Karnataka"
"Hosayellapur","580001","Dharwar","Dharwar","Karnataka"
"Hoskote","562114","Bangalore","Hoskote","Karnataka"
"Hoskote","571611","Mysore","Hoskote","Karnataka"
"Hoskoti","591187","Belgaum","Belgaum","Karnataka"
"Hospet","583201","Bellary","Bellary","Karnataka"
"Hospet","583273","Bellary","Hospet","Karnataka"
"Hospet Bazar","583201","Bellary","Bellary","Karnataka"
"Hospet Co-Operative Colony","583201","Bellary","Bellary","Karnataka"
"Hospet Jayaprakash Nagar","583201","Bellary","Bellary","Karnataka"
"Hospet Mutt Road","583201","Bellary","Bellary","Karnataka"
"Hospet Nehru Colony","583201","Bellary","Bellary","Karnataka"
"Hospet Nehru Co-Op College","583203","Bellary","Bellary","Karnataka"
"Hospet Patel Nagar","583202","Bellary","Bellary","Karnataka"
"Hospet Ranipet","583201","Bellary","Bellary","Karnataka"
"Hossur","561210","Kolar","Chitapur","Karnataka"
"Hosur","591111","Belgaum","Belgaum","Karnataka"
"Hosur","587142","Bijapur","Krishnarajpet","Karnataka"
"Hosur","571241","Koduru","Krishnarajpet","Karnataka"
"Hosur","571267","Koduru","Krishnarajpet","Karnataka"
"Hosur","571602","Mysore","Krishnarajpet","Karnataka"
"Hosur Road","560030","Bangalore","Bangalore","Karnataka"
"Hubli","580020","Dharwar","Dharwar","Karnataka"
"Hubli Ashok Nagar","580032","Dharwar","Dharwar","Karnataka"
"Hubli Bankapur Chowk","580028","Dharwar","Dharwar","Karnataka"
"Hubli Bengeri","580023","Dharwar","Dharwar","Karnataka"
"Hubli Bharat Mills","580024","Dharwar","Dharwar","Karnataka"
"Hubli City","580020","Dharwar","Dharwar","Karnataka"
"Hubli Engg College","580031","Dharwar","Dharwar","Karnataka"
"Hubli Karnataka","580029","Dharwar","Dharwar","Karnataka"
"Hubli Keshavapur","580023","Dharwar","Dharwar","Karnataka"
"Hubli Krishapur","580024","Dharwar","Dharwar","Karnataka"
"Hubli Mahaveeragalli","580028","Dharwar","Dharwar","Karnataka"
"Hubli Moorusabir Mutt","580028","Dharwar","Dharwar","Karnataka"
"Hubli Motor Stand","580029","Dharwar","Dharwar","Karnataka"
"Hubli Nava Nagar","580025","Dharwar","Dharwar","Karnataka"
"Hubli New Cotton Market","580029","Dharwar","Dharwar","Karnataka"
"Hubli Traffic Island","580029","Dharwar","Dharwar","Karnataka"
"Hubli Udyam Nagar","580030","Dharwar","Dharwar","Karnataka"
"Hubli Unkal","580031","Dharwar","Dharwar","Karnataka"
"Hubli Vidya Nagar","580021","Dharwar","Dharwar","Karnataka"
"Hubli Vijay Nagar","580032","Dharwar","Dharwar","Karnataka"
"Hudi","591148","Belgaum","Belgaum","Karnataka"
"Hudikere","571249","Koduru","Koduru","Karnataka"
"Hukeri","591309","Belgaum","Hukeri","Karnataka"
"Hukeri Bazar","591309","Belgaum","Belgaum","Karnataka"
"Hulagbabi","591323","Belgaum","Belgaum","Karnataka"
"Hulagera","584158","Raichur","Raichur","Karnataka"
"Hulekal","581336","Uttar Kannada","Karwar","Karnataka"
"Hulgur","581126","Dharwar","Shiggaon","Karnataka"
"Hulikere","571469","Mandya","Belur","Karnataka"
"Huliyar","572218","Tumkur","Chiknayakanhalli","Karnataka"
"Huliyar Road Hiriyur","572143","Tumkur","Tumkur","Karnataka"
"Hulkoppa","580118","Dharwar","Dharwar","Karnataka"
"Hulkoti","582205","Gadag","Gadag","Karnataka"
"Hulkund","591160","Belgaum","Belgaum","Karnataka"
"Hulkur","563142","Kolar","Malur","Karnataka"
"Hullahalli","571314","Mysore","Alur","Karnataka"
"Hullekere","572229","Tumkur","Arsikere","Karnataka"
"Hulloli","591334","Belgaum","Belgaum","Karnataka"
"Hullur","582220","Dharwar","Chitradurga","Karnataka"
"Hullyurdurga","572123","Tumkur","Tumkur","Karnataka"
"Hulsur","585416","Bidar","Bidar","Karnataka"
"Hulsurkhed","585433","Bidar","Bidar","Karnataka"
"Hulyhyder","584169","Raichur","Raichur","Karnataka"
"Humcha","577436","Shimoga","Hosanagara","Karnataka"
"Humnabad","585330","Gulbarga","Gulbarga","Karnataka"
"Humnabad Bazar","585330","Gulbarga","Gulbarga","Karnataka"
"Hundi","571163","Mysore","Mysore","Karnataka"
"Hungarcutta","576218","Dak. Kannada","Mangalore","Karnataka"
"Hungund","587118","Bijapur","Hungund","Karnataka"
"Hungund Bazar","587118","Bijapur","Bijapur","Karnataka"
"Hunishyal","586234","Bijapur","Bijapur","Karnataka"
"Hunnargi","591275","Belgaum","Belgaum","Karnataka"
"Hunnur","587119","Bijapur","Jamkhandi","Karnataka"
"Hunsgi","585215","Gulbarga","Shorapur","Karnataka"
"Hunshikatti","591161","Belgaum","Belgaum","Karnataka"
"Hunshyal","591276","Belgaum","Belgaum","Karnataka"
"Hunsur","571105","Mysore","Hunsur","Karnataka"
"Hunsur Bridge","571105","Mysore","Mysore","Karnataka"
"Hura","571315","Mysore","Heggadadevankote","Karnataka"
"Hurlikupi","581181","Dharwar","Dharwar","Karnataka"
"Hutha Colony","577303","Shimoga","Shimoga","Karnataka"
"Hutti","571315","Mysore","Mysore","Karnataka"
"Huvinahadgali","583219","Bellary","Bellary","Karnataka"
"Huvinhippargi","586208","Bijapur","Bijapur","Karnataka"
"Hylyal","587135","Bijapur","Bijapur","Karnataka"
"Idapnur","584160","Raichur","Raichur","Karnataka"
"Idgundi","581337","Uttar Kannada","Karwar","Karnataka"
"Idikiku","574252","Dak. Kannada","Mangalore","Karnataka"
"Idu","574501","Dak. Kannada","Mangalore","Karnataka"
"Iianthila","574304","Dak. Kannada","Mangalore","Karnataka"
"Iikal Town","587125","Bijapur","Bijapur","Karnataka"
"Iikalgandhi Chowk","587125","Bijapur","Bijapur","Karnataka"
"Iirkasandra","572173","Tumkur","Tumkur","Karnataka"
"Ijarilakhamapur","581183","Dharwar","Dharwar","Karnataka"
"Ijur Ramanagaram","571511","Mysore","Mysore","Karnataka"
"Inamhangal","591162","Belgaum","Belgaum","Karnataka"
"Inchal","591163","Belgaum","Belgaum","Karnataka"
"Indi","586209","Bijapur","Indi","Karnataka"
"Indi Bazar","586209","Bijapur","Bijapur","Karnataka"
"Indira Nagar","560038","Bangalore","Bangalore","Karnataka"
"Indira Nagar","560038","Bangalore","Bangalore","Karnataka"
"Indoor","581449","Uttar Kannada","Karwar","Karnataka"
"Indusrial Estate","581449","Uttar Kannada","Karwar","Karnataka"
"Industrial Estate","570020","Mysore","Mysore","Karnataka"
"Industrial Suburb","560010","Bangalore","Bangalore","Karnataka"
"Industrial Suburb I Stage","570008","Mysore","Mysore","Karnataka"
"Ingalgi","581228","Dharwar","Chitapur","Karnataka"
"Ingalgoan","591249","Belgaum","Belgaum","Karnataka"
"Ingalhalli","581231","Dharwar","Hubli","Karnataka"
"Ingleshwar","586235","Bijapur","Bijapur","Karnataka"
"Inna","576146","Dak. Kannada","Mangalore","Karnataka"
"Innanje","576138","Dak. Kannada","Mangalore","Karnataka"
"Ira","574301","Dak. Kannada","Mangalore","Karnataka"
"Iringere","570001","Mysore","Mysore","Karnataka"
"Irvathur","574128","Dak. Kannada","Mangalore","Karnataka"
"Isloor","581428","Uttar Kannada","Karwar","Karnataka"
"Issur","577236","Shimoga","Shimoga","Karnataka"
"Itagi Koppal","583265","Raichur","Raichur","Karnataka"
"Itagi Nargund","582241","Dharwar","Dharwar","Karnataka"
"Itagi Rbn","581142","Dharwar","Dharwar","Karnataka"
"Itakadibbanahalli","572124","Tumkur","Madhugiri","Karnataka"
"Itgi","591112","Belgaum","Belgaum","Karnataka"
"Itkal","585280","Gulbarga","Sedam","Karnataka"
"Ittigegud","570010","Mysore","Mysore","Karnataka"
"Ittigi","583220","Bellary","Bellary","Karnataka"
"Jade","577419","Shimoga","Sorab","Karnataka"
"Jadigenahalli","562154","Bangalore","Bangalore","Karnataka"
"Jagabet","581129","Dharwar","Dharwar","Karnataka"
"Jagalur","577528","Chitradurga","Jagalur","Karnataka"
"Jagalur Nehru Road","577528","Chitradurga","Chitradurga","Karnataka"
"Jagjivan","586236","Bijapur","Bijapur","Karnataka"
"Jain Temple Street","560051","Bangalore","Bangalore","Karnataka"
"Jakkali","582127","Dharwar","Channagiri","Karnataka"
"Jaknur","582243","Dharwar","Dharwar","Karnataka"
"Jalahalli","560013","Bangalore","Bangalore","Karnataka"
"Jalahalli East","560014","Bangalore","Bangalore","Karnataka"
"Jalahalli Villageso","560013","Bangalore","Bangalore","Karnataka"
"Jalahalli West","560015","Bangalore","Bangalore","Karnataka"
"Jalahlli Raichur","584116","Raichur","Raichur","Karnataka"
"Jalihal","587144","Bijapur","Badami","Karnataka"
"Jalsur","574255","Dak. Kannada","Mangalore","Karnataka"
"Jalwad","586163","Bijapur","Sindgi","Karnataka"
"Jambur","573151","Hassan","Channarayapatna","Karnataka"
"Jamdaddi","586247","Bijapur","Bijapur","Karnataka"
"Jamkhandi","587301","Bijapur","Jamkhandi","Karnataka"
"Jamkhandi B S Road","587301","Bijapur","Bijapur","Karnataka"
"Jamkhandi Giri Shnagar","587302","Bijapur","Bijapur","Karnataka"
"Jangamkote","562144","Bangalore","Bangalore","Karnataka"
"Janmane","581448","Uttar Kannada","Karwar","Karnataka"
"Jannapura","577154","Chikamaglur","Alur","Karnataka"
"Jannapura","577301","Shimoga","Alur","Karnataka"
"Janwad","591279","Belgaum","Belgaum","Karnataka"
"Janwada","585423","Bidar","Bidar","Karnataka"
"Jatrat","591280","Belgaum","Belgaum","Karnataka"
"Javagal","573125","Hassan","Arsikere","Karnataka"
"Javalgere","584143","Raichur","Raichur","Karnataka"
"Javali","577122","Chikamaglur","Mudigere","Karnataka"
"Jawahar Nagar","584101","Raichur","Sedam","Karnataka"
"Jawalgere","584117","Raichur","Raichur","Karnataka"
"Jayachamarajendra Extn","577002","Chitradurga","Chitradurga","Karnataka"
"Jayachanrajendra Extn","577501","Chitradurga","Chitradurga","Karnataka"
"Jayachmrajpura","573126","Hassan","Hassan","Karnataka"
"Jayamahal Extn","560046","Bangalore","Bangalore","Karnataka"
"Jayanagar","560011","Bangalore","Bangalore","Karnataka"
"Jayanagar","570009","Mysore","Mysore","Karnataka"
"Jayanagar East","560069","Bangalore","Bangalore","Karnataka"
"Jayanagar Extn","570014","Mysore","Mysore","Karnataka"
"Jayanagar Extn","570014","Mysore","Mysore","Karnataka"
"Jayanagar South","560041","Bangalore","Bangalore","Karnataka"
"Jayanagar T Block","560041","Bangalore","Bangalore","Karnataka"
"Jayanagar Vii Block","560082","Bangalore","Bangalore","Karnataka"
"Jayanagar West","560082","Bangalore","Bangalore","Karnataka"
"Jayaprakash Naryan Nagar","560078","Bangalore","Bangalore","Karnataka"
"Jayapura","577123","Chikamaglur","Koppa","Karnataka"
"Jeepinamogru","574192","Dak. Kannada","Mangalore","Karnataka"
"Jeevanahalli","560005","Bangalore","Bangalore","Karnataka"
"Jeevanbheemanagar","560075","Bangalore","Bangalore","Karnataka"
"Jeppoo","575002","Dak. Kannada","Mangalore","Karnataka"
"Jewargi","585310","Bidar","Bidar","Karnataka"
"Jigali","577577","Chitradurga","Harihar","Karnataka"
"Jigalur","582236","Dharwar","Kundgol","Karnataka"
"Jodidasalrahalli","562141","Kolar","Kolar","Karnataka"
"Jodihandinakere","573153","Hassan","Hassan","Karnataka"
"Jodumarga","574219","Dak. Kannada","Mangalore","Karnataka"
"Jog Falls","577435","Shimoga","Jog Falls","Karnataka"
"Joida","581186","Uttar Kannada","Karwar","Karnataka"
"Jokatte","574147","Dak. Kannada","Mangalore","Karnataka"
"Jokatte","574173","Dak. Kannada","Mangalore","Karnataka"
"Joshi Street","583150","Bellary","Bellary","Karnataka"
"Jothigowdanapura","571153","Mysore","Mysore","Karnataka"
"Jugai","591252","Belgaum","Belgaum","Karnataka"
"Jyothinagar","577102","Chikamaglur","Chikamaglur","Karnataka"
"Jyothinagar","570011","Mysore","Mysore","Karnataka"
"K B Halu","577164","Chikamaglur","Chikamaglur","Karnataka"
"K Bidre","577155","Chikamaglur","Chikamaglur","Karnataka"
"K Hoskote","573129","Hassan","Hassan","Karnataka"
"K Kamraj Road","560042","Bangalore","Bangalore","Karnataka"
"K R Circle","570001","Mysore","Mysore","Karnataka"
"K R Extn Tiptur","572202","Tumkur","Tumkur","Karnataka"
"K R Mohalla","570001","Mysore","Mysore","Karnataka"
"K R Puram Extn","573201","Hassan","Hassan","Karnataka"
"K R S Agrahara Extn","572130","Tumkur","Tumkur","Karnataka"
"K T J Nagar","577002","Chitradurga","Chitradurga","Karnataka"
"Kabada","572219","Tumkur","Tumkur","Karnataka"
"Kabaka","574220","Dak. Kannada","Mangalore","Karnataka"
"Kabbahali","571319","Mysore","Mysore","Karnataka"
"Kabbur","591222","Belgaum","Belgaum","Karnataka"
"Kabbur","581134","Dharwar","Dharwar","Karnataka"
"Kabini Colony","571166","Mysore","Mysore","Karnataka"
"Kabir Road","570001","Mysore","Mysore","Karnataka"
"Kadaba","574221","Dak. Kannada","Mangalore","Karnataka"
"Kadachur","585249","Gulbarga","Gulbarga","Karnataka"
"Kadagathur","572149","Gulbarga","Madhugiri","Karnataka"
"Kadakola","571311","Mysore","Mysore","Karnataka"
"Kadamane","573127","Bangalore","Bangalore","Karnataka"
"Kadandale","574277","Dak. Kannada","Mangalore","Karnataka"
"Kadapur","591281","Belgaum","Belgaum","Karnataka"
"Kadarmandalgi","581156","Dharwar","Dharwar","Karnataka"
"Kadbi","591702","Belgaum","Belgaum","Karnataka"
"Kadekar","576104","Dak. Kannada","Mangalore","Karnataka"
"Kadeshwalya","574302","Dak. Kannada","Mangalore","Karnataka"
"Kadganchi","585311","Gulbarga","Aland","Karnataka"
"Kadgunchi","585311","Gulbarga","Gulbarga","Karnataka"
"Kadkol","581174","Dharwar","Jevargi","Karnataka"
"Kadoli","591143","Belgaum","Belgaum","Karnataka"
"Kadolkargalli Corner","590002","Belgaum","Belgaum","Karnataka"
"Kadoloi","591702","Belgaum","Belgaum","Karnataka"
"Kadrihills","575004","Dak. Kannada","Mangalore","Karnataka"
"Kadrinayakanahalli","577593","Chitradurga","Chitradurga","Karnataka"
"Kadroli","591164","Belgaum","Belgaum","Karnataka"
"Kadugodi","560067","Bangalore","Bangalore","Karnataka"
"Kadur","577548","Chikamangalur","Kadur","Karnataka"
"Kadur","581146","Dharwar","Kadur","Karnataka"
"Kadur R S","577548","Chikamangalur","Chikamangalur","Karnataka"
"Kadur Town","577548","Chikamangalur","Chikamangalur","Karnataka"
"Kagal","581443","Uttar Kannada","Karwar","Karnataka"
"Kagalyadi","571117","Mysore","Mysore","Karnataka"
"Kaginelli","581153","Dharwar","Byadgi","Karnataka"
"Kaikeri","571222","Koduru","Virajpet","Karnataka"
"Kaikini","581421","Uttar Kannada","Karwar","Karnataka"
"Kaimara","577156","Chikamaglur","Chikamaglur","Karnataka"
"Kaiwara","563128","Kolar","Chintamani","Karnataka"
"Kajjari","581179","Dharwar","Ranibennur","Karnataka"
"Kakamari","591324","Belgaum","Belgaum","Karnataka"
"Kakanur","587149","Bijapur","Badami","Karnataka"
"Kakhandhi","586132","Bijapur","Bijapur","Karnataka"
"Kakkalmeli","586157","Bijapur","Bijapur","Karnataka"
"Kakkera","585285","Gulbarga","Gulbarga","Karnataka"
"Kakkeri","591144","Belgaum","Belgaum","Karnataka"
"Kakkinje","574291","Dak. Kannada","Mangalore","Karnataka"
"Kakol","581178","Dharwar","Ranibennur","Karnataka"
"Kakti","591113","Belgaum","Belgaum","Karnataka"
"Kaladgi","587204","Bagalkot","Bagalkot","Karnataka"
"Kalaghatgi","581204","Dharwar","Dharwar","Karnataka"
"Kalale","571118","Mysore","Heggadadevankote","Karnataka"
"Kalamuddana Doddi","571422","Mandya","Mandya","Karnataka"
"Kalas","581161","Dharwar","Badami","Karnataka"
"Kalasa","577124","Chikamaglur","Mudigere","Karnataka"
"Kalasapura","576135","Dak. Kannada","Mangalore","Karnataka"
"Kalasipalyam","560002","Bangalore","Bangalore","Karnataka"
"Kalathur South","576135","Dak. Kannada","Mangalore","Karnataka"
"Kalavara","574174","Dak. Kannada","Mangalore","Karnataka"
"Kalbag","581371","Uttar Kannada","Karwar","Karnataka"
"Kalgi","585312","Gulbarga","Chitapur","Karnataka"
"Kaliyur","571481","Mandya","Mandya","Karnataka"
"Kalkeri","586118","Bijapur","Bijapur","Karnataka"
"Kalkeri","582141","Dharwar","Dharwar","Karnataka"
"Kalkuni","571453","Mandya","Malavalli","Karnataka"
"Kallabettu","574273","Dak. Kannada","Mangalore","Karnataka"
"Kalladaka","574222","Dak. Kannada","Mangalore","Karnataka"
"Kallambella","572125","Tumkur","Sira","Karnataka"
"Kallamundkur","574274","Dak. Kannada","Mangalore","Karnataka"
"Kallianpur","576114","Dak. Kannada","Mangalore","Karnataka"
"Kallige","574297","Dak. Kannada","Mangalore","Karnataka"
"Kallihal","581182","Dharwar","Bhadravati","Karnataka"
"Kallol","591282","Belgaum","Belgaum","Karnataka"
"Kalloli","591224","Belgaum","Belgaum","Karnataka"
"Kalludi","561219","Kolar","Gauribidanur","Karnataka"
"Kallur","584118","Raichur","Jevargi","Karnataka"
"Kallur","572220","Tumkur","Jevargi","Karnataka"
"Kallya","574126","Dak. Kannada","Mangalore","Karnataka"
"Kalmadka","574257","Dak. Kannada","Mangalore","Karnataka"
"Kalmala","584136","Raichur","Raichur","Karnataka"
"Kalsanka","576102","Dak. Kannada","Mangalore","Karnataka"
"Kalthod","576280","Dak. Kannada","Mangalore","Karnataka"
"Kalyana Nagar","560043","Bangalore","Bangalore","Karnataka"
"Kalyana Nagar","560043","Bangalore","Bangalore","Karnataka"
"Kalyannagar","580007","Dharwar","Dharwar","Karnataka"
"Kamagondanahalli","560015","Bangalore","Bangalore","Karnataka"
"Kamakatte","573144","Chitradurga","Chitradurga","Karnataka"
"Kamakerai","571443","Mandya","Mandya","Karnataka"
"Kamalapur","585313","Dharwar","Dharwad","Karnataka"
"Kamalapura","583221","Bellary","Bellary","Karnataka"
"Kamalnagar","585417","Bidar","Bidar","Karnataka"
"Kamasamudram","563129","Kolar","Kolar","Karnataka"
"Kamatgi","587120","Bijapur","Hungund","Karnataka"
"Kamdolli","581180","Dharwar","Dharwar","Karnataka"
"Kammradi","577125","Chikamaglur","Chikamaglur","Karnataka"
"Kampla Pura","571136","Mysore","Mysore","Karnataka"
"Kampli","583132","Bellary","Kampli","Karnataka"
"Kampli Bazar","583132","Bellary","Bellary","Karnataka"
"Kampli Sugar Factory","583133","Bellary","Bellary","Karnataka"
"Kamthana","585226","Bidar","Bidar","Karnataka"
"Kanagal","571187","Mysore","Hunsur","Karnataka"
"Kanagale","591225","Belgaum","Belgaum","Karnataka"
"Kanaginhal","582131","Dharwar","Dharwar","Karnataka"
"Kanakagiri","584119","Raichur","Raichur","Karnataka"
"Kanakapura","562117","Bangalore","Kanakapura","Karnataka"
"Kanakapura Bazar","562117","Bangalore","Bangalore","Karnataka"
"Kanakatte","573144","Chitradurga","Arsikere","Karnataka"
"Kanamadi","586138","Bijapur","Bijapur","Karnataka"
"Kanavalli","581172","Haveri","Haveri","Karnataka"
"Kanbile","571242","Koduru","Koduru","Karnataka"
"Kanchinegalur","581189","Dharwar","Hangal","Karnataka"
"Kandali","573217","Hassan","Hassan","Karnataka"
"Kandgal","587145","Bijapur","Hungund","Karnataka"
"Kandikere","572228","Tumkur","Chiknayakanhalli","Karnataka"
"Kandlur","576240","Dak. Kannada","Mangalore","Karnataka"
"Kangad","581367","Uttar Kannada","Karwar","Karnataka"
"Kangal","576277","Dak. Kannada","Mangalore","Karnataka"
"Kangralikhurd","591197","Belgaum","Belgaum","Karnataka"
"Kanivebilichi","577231","Shimoga","Shimoga","Karnataka"
"Kanji","585427","Bidar","Bidar","Karnataka"
"Kankanady","575002","Dak. Kannada","Mangalore","Karnataka"
"Kankanwadi","591515","Belgaum","Belgaum","Karnataka"
"Kankatta","585435","Bidar","Bidar","Karnataka"
"Kanmadi","586138","Bijapur","Bijapur","Karnataka"
"Kannolli","586159","Bijapur","Jamkhandi","Karnataka"
"Kannur","586119","Bijapur","Kannur","Karnataka"
"Kannur","574193","Dak. Kannada","Kannur","Karnataka"
"Kannur","571804","Mysore","Kannur","Karnataka"
"Kansur","581340","Uttar Kannada","Karwar","Karnataka"
"Kanteeravanagar","560022","Bangalore","Bangalore","Karnataka"
"Kantharajapura","573159","Hassan","Channarayapatna","Karnataka"
"Kantharaje Urs Road","570009","Mysore","Mysore","Karnataka"
"Kanthavara","574129","Dak. Kannada","Mangalore","Karnataka"
"Kanva","562150","Bangalore","Bangalore","Karnataka"
"Kanvikarvinkop","591145","Belgaum","Belgaum","Karnataka"
"Kanyana","574279","Dak. Kannada","Mangalore","Karnataka"
"Karadga","591246","Belgaum","Belgaum","Karnataka"
"Karadgi","581164","Dharwar","Dharwar","Karnataka"
"Karadi","587146","Bijapur","Hungund","Karnataka"
"Karadigodu","571264","Mysore","Virajpet","Karnataka"
"Karajgi","581112","Dharwar","Dharwar","Karnataka"
"Karajgi","585245","Gulbarga","Gulbarga","Karnataka"
"Karali Jn","590543","Belgaum","Belgaum","Karnataka"
"Karatgi","583229","Raichur","Gangawati","Karnataka"
"Kargal Colony","577421","Shimoga","Shimoga","Karnataka"
"Kargudri","581166","Dharwar","Hangal","Karnataka"
"Kariganur","577564","Chitradurga","Channagiri","Karnataka"
"Karikatti","591188","Belgaum","Belgaum","Karnataka"
"Karimabad","585418","Bidar","Bidar","Karnataka"
"Karkala","574104","Dak. Kannada","Mangalore","Karnataka"
"Karkala Bazar","574104","Dak. Kannada","Mangalore","Karnataka"
"Karkala West","574104","Dak. Kannada","Mangalore","Karnataka"
"Karki","581341","Uttar Kannada","Karwar","Karnataka"
"Karkod","576281","Dak. Kannada","Mangalore","Karnataka"
"Karkunje","576241","Dak. Kannada","Mangalore","Karnataka"
"Karnad","574154","Dak. Kannada","Mangalore","Karnataka"
"Karnatak Health Institute","591310","Belgaum","Belgaum","Karnataka"
"Karopady","574280","Dak. Kannada","Mangalore","Karnataka"
"Karoshi","591226","Belgaum","Belgaum","Karnataka"
"Karur","583139","Bellary","Bellary","Karnataka"
"Karur","581143","Dharwar","Indi","Karnataka"
"Karva","581424","Uttar Kannada","Karwar","Karnataka"
"Karwar","581301","Uttar Kannada","Karwar","Karnataka"
"Karwar Kajubagh","581301","Uttar Kannada","Karwar","Karnataka"
"Karwar Kutcherry","581301","Uttar Kannada","Karwar","Karnataka"
"Karwar Market","581301","Uttar Kannada","Karwar","Karnataka"
"Kasarod","581342","Uttar Kannada","Karwar","Karnataka"
"Kasbalingsugur","584161","Raichur","Raichur","Karnataka"
"Kasturba Extn","577004","Chitradurga","Chitradurga","Karnataka"
"Katachincholi","585429","Bidar","Bidar","Karnataka"
"Katageri","587205","Bijapur","Badami","Karnataka"
"Katapadi","574105","Dak. Kannada","Mangalore","Karnataka"
"Kateel","574148","Dak. Kannada","Mangalore","Karnataka"
"Katenhalli","581173","Dharwar","Dharwar","Karnataka"
"Katgal","581444","Uttar Kannada","Karwar","Karnataka"
"Kathinkon","581305","Uttar Kannada","Karwar","Karnataka"
"Katinkar","581361","Uttar Kannada","Karwar","Karnataka"
"Katipalla","574149","Dak. Kannada","Mangalore","Karnataka"
"Katkol","591114","Belgaum","Belgaum","Karnataka"
"Kattaya","573128","Hassan","Hassan","Karnataka"
"Kattemalavadi","571134","Mysore","Mysore","Karnataka"
"Kattepura","573154","Hassan","Arkalgud","Karnataka"
"Kaup","574106","Dak. Kannada","Mangalore","Karnataka"
"Kav","574223","Dak. Kannada","Mangalore","Karnataka"
"Kavadimatti","586229","Bijapur","Muddebihal","Karnataka"
"Kaval Byrasandra","560032","Bangalore","Bangalore","Karnataka"
"Kavalande","571312","Mysore","Mysore","Karnataka"
"Kavalgundi","577229","Shimoga","Shimoga","Karnataka"
"Kavalkutte","574335","Dak. Kannada","Mangalore","Karnataka"
"Kaveripura","571184","Mysore","Mysore","Karnataka"
"Kavradi","576273","Dak. Kannada","Mangalore","Karnataka"
"Kavur","574194","Dak. Kannada","Mangalore","Karnataka"
"Kawloor","583254","Bellary","Bellary","Karnataka"
"Kedila","574309","Dak. Kannada","Mangalore","Karnataka"
"Keelara","571450","Mandya","Kunigal","Karnataka"
"Keladi","577443","Shimoga","Sagar","Karnataka"
"Kelgeri","580110","Dharwar","Dharwad","Karnataka"
"Kelgeri","581139","Dharwar","Dharwad","Karnataka"
"Kelur","587139","Bijapur","Hungund","Karnataka"
"Kembhavi","585216","Gulbarga","Shorapur","Karnataka"
"Kemmannu","576115","Dak. Kannada","Mangalore","Karnataka"
"Kemmannugundi","577141","Chikamaglur","Chikamaglur","Karnataka"
"Kemminje","574202","Dak. Kannada","Mangalore","Karnataka"
"Kempanahalli","572126","Tumkur","Bangalore North","Karnataka"
"Kempanapura","571170","Chamarajanagar","Chamarajanagar","Karnataka"
"Kempapura Agrahara","560023","Bangalore","Bangalore","Karnataka"
"Kempegowda Road","560009","Bangalore","Bangalore","Karnataka"
"Kempisiddanahundi","571323","Mysore","Mysore","Karnataka"
"Kempwad","591258","Belgaum","Belgaum","Karnataka"
"Kencharlahalli","563150","Kolar","Chintamani","Karnataka"
"Kengeri","560060","Bangalore","Kengeri","Karnataka"
"Kenkere","573158","Hassan","Hassan","Karnataka"
"Kenkere","572231","Tumkur","Tumkur","Karnataka"
"Keragodu","571446","Mandya","Arkalgud","Karnataka"
"Keralapura","573136","Hassan","Arkalgud","Karnataka"
"Kerebilichi","577218","Shimoga","Shimoga","Karnataka"
"Kerur","591283","Belgaum","Kerur","Karnataka"
"Kerur","587206","Bijapur","Kerur","Karnataka"
"Kesagodu","573224","Hassan","Belur","Karnataka"
"Kestur","571166","Mysore","Mysore","Karnataka"
"Kestur","571175","Mysore","Mysore","Karnataka"
"Kestur","571494","Mysore","Mysore","Karnataka"
"Khadaklat","591228","Belgaum","Belgaum","Karnataka"
"Khajjidoni","587213","Bagalkot","Bagalkot","Karnataka"
"Khajuri","585314","Gulbarga","Aland","Karnataka"
"Khambadakone","576219","Dak. Kannada","Mangalore","Karnataka"
"Khanagaon","591344","Belgaum","Belgaum","Karnataka"
"Khanapur","591302","Belgaum","Khanapur","Karnataka"
"Khanapur Town","591302","Belgaum","Belgaum","Karnataka"
"Kidiyur","576148","Dak. Kannada","Mangalore","Karnataka"
"Kikkeri","571423","Mandya","Krishnarajpet","Karnataka"
"Kinhal","583230","Koppal","Koppal","Karnataka"
"Kinkanahalli","571487","Mandya","Mandya","Karnataka"
"Kinnar","581417","Uttar Kannada","Karwar","Karnataka"
"Kinnigoli","574150","Dak. Kannada","Mangalore","Karnataka"
"Kinnikambla","574151","Dak. Kannada","Mangalore","Karnataka"
"Kirangoor","571807","Mandya","Piriyapatna","Karnataka"
"Kirimanjeshwar","576253","Dak. Kannada","Mangalore","Karnataka"
"Kirni","585338","Gulbarga","Gulbarga","Karnataka"
"Kirugavalu","571424","Mandya","Malavalli","Karnataka"
"Kirwatti","581412","Uttar Kannada","Karwar","Karnataka"
"Kittoor","571139","Mysore","Mysore","Karnataka"
"Kittur","591115","Belgaum","Belgaum","Karnataka"
"Kittur Somwarpeth","591115","Belgaum","Belgaum","Karnataka"
"Kod","581130","Dharwar","Hirekerur","Karnataka"
"Kodagalli","571173","Mysore","Mysore","Karnataka"
"Kodagarahalli","571243","Koduru","Koduru","Karnataka"
"Kodambal","585424","Bidar","Bidar","Karnataka"
"Kodamballi","562140","Bangalore","Bangalore","Karnataka"
"Kodangallu","574197","Dak. Kannada","Mangalore","Karnataka"
"Kodapadavu","574269","Dak. Kannada","Mangalore","Karnataka"
"Kodekal","585237","Gulbarga","Shorapur","Karnataka"
"Kodi","576255","Dak. Kannada","Mangalore","Karnataka"
"Kodialball","575003","Dak. Kannada","Mangalore","Karnataka"
"Kodibag","581303","Uttar Kannada","Karwar","Karnataka"
"Kodibengre","576256","Dak. Kannada","Mangalore","Karnataka"
"Kodigenahalli","572127","Tumkur","Kodigenahalli","Karnataka"
"Kodihal","587147","Bijapur","Hungund","Karnataka"
"Kodihalli","562119","Bangalore","Bangalore","Karnataka"
"Kodikar","576104","Dak. Kannada","Mangalore","Karnataka"
"Kodikoppa","582233","Dharwar","Honnali","Karnataka"
"Kodimbady","574287","Dak. Kannada","Mangalore","Karnataka"
"Kodimbala","574307","Shimoga","Puttur","Karnataka"
"Kodipet","571231","Koduru","Koduru","Karnataka"
"Kodiyala","571452","Mandya","Gubbi","Karnataka"
"Kodkani","581439","Uttar Kannada","Karwar","Karnataka"
"Kodla","585251","Gulbarga","Sedam","Karnataka"
"Kodli","585356","Gulbarga","Bhalki","Karnataka"
"Kodni","591284","Belgaum","Belgaum","Karnataka"
"Kodolkargalli","590002","Belgaum","Belgaum","Karnataka"
"Kodtoka","581338","Uttar Kannada","Karwar","Karnataka"
"Kodur","577445","Shimoga","Hosanagara","Karnataka"
"Kognoli","591229","Belgaum","Belgaum","Karnataka"
"Kohalli","591257","Belgaum","Belgaum","Karnataka"
"Koilacattle Farm","574288","Dak. Kannada","Mangalore","Karnataka"
"Kokatnur","591230","Belgaum","Belgaum","Karnataka"
"Kokkada","574198","Dak. Kannada","Mangalore","Karnataka"
"Kokkarne","576234","Dak. Kannada","Mangalore","Karnataka"
"Kolambe","574189","Dak. Kannada","Mangalore","Karnataka"
"Kolar","563101","Kolar","Kolar","Karnataka"
"Kolar Bazar","563101","Kolar","Kolar","Karnataka"
"Kolar Dodpet","563101","Kolar","Kolar","Karnataka"
"Kolar Extension","563101","Kolar","Kolar","Karnataka"
"Kolar Gandhinagar","563101","Kolar","Kolar","Karnataka"
"Kolar Gulpet","563101","Kolar","Kolar","Karnataka"
"Kolar Hospital Circle","563101","Kolar","Kolar","Karnataka"
"Kolhar","586210","Bijapur","Bijapur","Karnataka"
"Koliwad","582226","Dharwar","Hubli","Karnataka"
"Kolkunda","585365","Gulbarga","Chitapur","Karnataka"
"Kollegal","571440","Mysore","Kollegal","Karnataka"
"Kollegal Devangapet","571440","Mysore","Mysore","Karnataka"
"Kollegal Mudikundam","571440","Mysore","Mysore","Karnataka"
"Kollegal Southern Extn","571440","Mysore","Mysore","Karnataka"
"Kollol","591282","Belgaum","Belgaum","Karnataka"
"Kollur","576220","Dak. Kannada","Mangalore","Karnataka"
"Kollur","585247","Gulbarga","Gulbarga","Karnataka"
"Kolnadu","574270","Dak. Kannada","Mangalore","Karnataka"
"Kolur","586160","Bijapur","Bangalore South","Karnataka"
"Konaje","574161","Dak. Kannada","Mangalore","Karnataka"
"Konandur","577422","Chitradurga","Tirthahalli","Karnataka"
"Konanur","573130","Hassan","Chitradurga","Karnataka"
"Konchady","575008","Dak. Kannada","Mangalore","Karnataka"
"Kondajji","577589","Chitradurga","Chitradurga","Karnataka"
"Kondethimmanahalli","572156","Tumkur","Pavagada","Karnataka"
"Kondiahalli","577529","Chitradurga","Chitradurga","Karnataka"
"Kongadiappa Road","561203","Bangalore","Bangalore","Karnataka"
"Koni","576255","Dak. Kannada","Mangalore","Karnataka"
"Konkal","585375","Gulbarga","Shahpur","Karnataka"
"Konnur","591231","Belgaum","Konnur","Karnataka"
"Konnur","582206","Dharwar","Konnur","Karnataka"
"Konur","587121","Bijapur","Bijapur","Karnataka"
"Koppa","577126","Chikamaglur","Koppa","Karnataka"
"Koppa","571425","Chikamaglur","Koppa","Karnataka"
"Koppal","583231","Raichur","Koppal","Karnataka"
"Koppal R S","583231","Raichur","Raichur","Karnataka"
"Koppalbazar","583231","Raichur","Raichur","Karnataka"
"Koppalgavi Siddeswar","583231","Raichur","Raichur","Karnataka"
"Kopparshikoppa","581167","Dharwar","Dharwar","Karnataka"
"Koppuru","584145","Raichur","Raichur","Karnataka"
"Kora","572128","Tumkur","Tumkur","Karnataka"
"Koralli","585334","Gulbarga","Gulbarga","Karnataka"
"Koramangala","560034","Bangalore","Bangalore","Karnataka"
"Koramangala I Block","560034","Bangalore","Bangalore","Karnataka"
"Koramangala V Block","560034","Bangalore","Bangalore","Karnataka"
"Koramangala Vii Block","560034","Bangalore","Bangalore","Karnataka"
"Korangrapdi","574505","Dak. Kannada","Mangalore","Karnataka"
"Koratagere","572129","Tumkur","Koratagere","Karnataka"
"Korvar","586120","Bijapur","Bijapur","Karnataka"
"Kota","576221","Dak. Kannada","Mangalore","Karnataka"
"Kotagudda","561215","Bangalore","Bangalore","Karnataka"
"Kotathattu","576267","Dak. Kannada","Mangalore","Karnataka"
"Kotegarihalli","572174","Tumkur","Tumkur","Karnataka"
"Kotegeyedathore","571340","Mysore","Mysore","Karnataka"
"Kotekar","574152","Dak. Kannada","Mangalore","Karnataka"
"Kotekere","571141","Mysore","Gundlupet","Karnataka"
"Koteshwar","576222","Dak. Kannada","Mangalore","Karnataka"
"Kothali","591287","Belgaum","Belgaum","Karnataka"
"Kothanur","560077","Bangalore","Bangalore","Karnataka"
"Kothegala","572157","Mysore","Heggadadevankote","Karnataka"
"Kothuru","572148","Tumkur","Mulbagal","Karnataka"
"Kotta","572166","Tumkur","Shikarpur","Karnataka"
"Kottalavadi","571157","Mysore","Mysore","Karnataka"
"Kottatti","571471","Mandya","Mandya","Karnataka"
"Kottigehara","577171","Chikamaglur","Chikamaglur","Karnataka"
"Kotturu","583134","Bellary","Kotturu","Karnataka"
"Kotturu Bazar","583134","Bellary","Bellary","Karnataka"
"Kotturu Temple Street","583134","Bellary","Bellary","Karnataka"
"Koujageri","582229","Dharwar","Dharwar","Karnataka"
"Koujalgi","591227","Belgaum","Belgaum","Karnataka"
"Kowsika","573223","Hassan","Hassan","Karnataka"
"Kowthal","584120","Raichur","Raichur","Karnataka"
"Koynad","574208","Dak. Kannada","Mangalore","Karnataka"
"Koynad","571260","Mandya","Mandya","Karnataka"
"Koyyur","574305","Dak. Kannada","Mangalore","Karnataka"
"Krishnamurthy Puram","570004","Mysore","Mysore","Karnataka"
"Krishnarajapete","571426","Mysore","Mysore","Karnataka"
"Krishnarajapura R S","560016","Bangalore","Bangalore","Karnataka"
"Krishnarajasagara","571607","Mysore","Krishnarajasagara","Karnataka"
"Krishnarajendra Road","577001","Chitradurga","Chitradurga","Karnataka"
"Krishnarajindrapete","571426","Mysore","Mysore","Karnataka"
"Krishnarajnagar","571602","Mysore","Mysore","Karnataka"
"Krisnarajapuram","560036","Bangalore","Bangalore","Karnataka"
"Krodabailur","576251","Dak. Kannada","Mangalore","Karnataka"
"Krodhashram","576116","Dak. Kannada","Mangalore","Karnataka"
"Kuandapura Market","576201","Dak. Kannada","Mangalore","Karnataka"
"Kudchi","591311","Belgaum","Kudchi","Karnataka"
"Kuddigere","577233","Shimoga","Shimoga","Karnataka"
"Kuderu","571316","Chamarajanagar","Chamarajanagar","Karnataka"
"Kudgi","586121","Bijapur","Basavana Bagevadi","Karnataka"
"Kudige","571232","Koduru","Somvarpet","Karnataka"
"Kudithini","583115","Bellary","Bellary","Karnataka"
"Kudli","577237","Shimoga","Shimoga","Karnataka"
"Kudligi","583135","Bellary","Kudligi","Karnataka"
"Kudlur","577157","Chikamaglur","Chikamaglur","Karnataka"
"Kudlur","571154","Mysore","Mysore","Karnataka"
"Kudregundi","577127","Chikamaglur","Chikamaglur","Karnataka"
"Kudremukh","577127","Chikamaglur","Kudremukh","Karnataka"
"Kudresalwadgi","586239","Bijapur","Bijapur","Karnataka"
"Kudumangalore","571259","Koduru","Somvarpet","Karnataka"
"Kudupalli","581147","Dharwar","Dharwar","Karnataka"
"Kudur","561101","Bangalore","Bangalore","Karnataka"
"Kuduvalli","577158","Chikamaglur","Tirthahalli","Karnataka"
"Kujalli","576132","Dak. Kannada","Mangalore","Karnataka"
"Kukkehalli","576132","Dak. Kannada","Mangalore","Karnataka"
"Kukkundur","576117","Dak. Kannada","Mangalore","Karnataka"
"Kukkuvada","577579","Chitradurga","Chitradurga","Karnataka"
"Kuknoor","583232","Raichur","Jevargi","Karnataka"
"Kulai","574196","Dak. Kannada","Mangalore","Karnataka"
"Kulai Hosabettu","574176","Dak. Kannada","Mangalore","Karnataka"
"Kulambi","577239","Dak. Kannada","Mangalore","Karnataka"
"Kuldigi Bazar","583135","Bellary","Bellary","Karnataka"
"Kulgeri Cross","587155","Bijapur","Bijapur","Karnataka"
"Kulgod","591250","Belgaum","Belgaum","Karnataka"
"Kulgod","587155","Bijapur","Bijapur","Karnataka"
"Kulhalli","587319","Bijapur","Jamkhandi","Karnataka"
"Kulshekar","575005","Dak. Kannada","Mangalore","Karnataka"
"Kulur","575013","Dak. Kannada","Mangalore","Karnataka"
"Kumara Park West Extn","560020","Bangalore","Bangalore","Karnataka"
"Kumarapatnam","581123","Dharwar","Dharwar","Karnataka"
"Kumararpura","571806","Mandya","Mandya","Karnataka"
"Kumbalagodu","560074","Bangalore","Bangalore","Karnataka"
"Kumbarpeth","585290","Gulbarga","Gulbarga","Karnataka"
"Kumbarwadi","581187","Dharwar","Dharwar","Karnataka"
"Kumbhasi","576257","Dak. Kannada","Mangalore","Karnataka"
"Kumblur","577238","Shimoga","Honnali","Karnataka"
"Kumbra","574258","Dak. Kannada","Mangalore","Karnataka"
"Kumbra","576257","Dak. Kannada","Mangalore","Karnataka"
"Kumsi","577423","Shimoga","Gulbarga","Karnataka"
"Kumta","581343","Uttar Kannada","Kumta","Karnataka"
"Kumta Kutcherry","581343","Uttar Kannada","Karwar","Karnataka"
"Kumta Town","581343","Uttar Kannada","Karwar","Karnataka"
"Kunagalli","571488","Mysore","Kollegal","Karnataka"
"Kundapur","576201","Dak. Kannada","Mangalore","Karnataka"
"Kundargi","587214","Bijapur","Bijapur","Karnataka"
"Kundargi","581113","Dharwar","Bilgi","Karnataka"
"Kundargi","581426","Dharwar","Bilgi","Karnataka"
"Kundghat","581113","Dharwar","Dharwar","Karnataka"
"Kundur","577219","Shimoga","Alur","Karnataka"
"Kunigal","572130","Tumkur","Kunigal","Karnataka"
"Kunjal","576258","Dak. Kannada","Mangalore","Karnataka"
"Kunjibettu","576102","Dak. Kannada","Mangalore","Karnataka"
"Kunnur","591288","Belgaum","Belgaum","Karnataka"
"Kuntur","571489","Mysore","Mysore","Karnataka"
"Kuppadagdde","577446","Shimoga","Shimoga","Karnataka"
"Kuppelur","581144","Dharwar","Ranibennur","Karnataka"
"Kuppepadavu","574162","Dak. Kannada","Mangalore","Karnataka"
"Kurdi","584203","Raichur","Manvi","Karnataka"
"Kurdikoppa","582223","Dharwar","Dharwar","Karnataka"
"Kurekuppa","583143","Bellary","Bellary","Karnataka"
"Kurkunta","585238","Gulbarga","Gulbarga","Karnataka"
"Kurkunta Cement Factory","585210","Gulbarga","Gulbarga","Karnataka"
"Kurli","591285","Belgaum","Belgaum","Karnataka"
"Kurnad","591285","Belgaum","Belgaum","Karnataka"
"Kurnad","574153","Dak. Kannada","Mangalore","Karnataka"
"Kurni","591286","Belgaum","Belgaum","Karnataka"
"Kurthkoti","582214","Dharwar","Dharwar","Karnataka"
"Kurubarabudihalu","577164","Chikamaglur","Chikamaglur","Karnataka"
"Kurubgonda","581154","Dharwar","Dharwar","Karnataka"
"Kurudamale","563152","Kolar","Mulbagal","Karnataka"
"Kurugodu","583116","Bellary","Bellary","Karnataka"
"Kushalnagar","571234","Koduru","Kushalnagar","Karnataka"
"Kushtagi","574121","Dak. Kannada","Kushtagi","Karnataka"
"Kushtagi Kutchery","574121","Dak. Kannada","Mangalore","Karnataka"
"Kusnur","581149","Dharwar","Hangal","Karnataka"
"Kusugal","581140","Dharwar","Hubli","Karnataka"
"Kuthethur","574190","Dak. Kannada","Mangalore","Karnataka"
"Kuthpadi","574134","Dak. Kannada","Mangalore","Karnataka"
"Kuthyar","574504","Dak. Kannada","Mangalore","Karnataka"
"Kutta","571250","Koduru","Virajpet","Karnataka"
"Kuvemputhegar","572103","Tumkur","Tumkur","Karnataka"
"Kyalanur","563151","Kolar","Kolar","Karnataka"
"Kyatarhalli","571427","Mandya","Mandya","Karnataka"
"Kyatasandra","572104","Tumkur","Tumkur","Karnataka"
"Lachyan","586211","Bijapur","Indi","Karnataka"
"Laila","574294","Dak. Kannada","Mangalore","Karnataka"
"Lakhangaon","585442","Bidar","Bidar","Karnataka"
"Lakkavalli","577128","Chikamaglur","Sagar","Karnataka"
"Lakkundi","582115","Gadag","Gadag","Karnataka"
"Lakshmeshwar","582116","Dharwar","Lakshmeshwar","Karnataka"
"Lakshmi Puram Sandur","583119","Bellary","Bellary","Karnataka"
"Lakshmipuram","570004","Mysore","Mysore","Karnataka"
"Lalbagh West","560004","Bangalore","Bangalore","Karnataka"
"Lalmasjid Street","560051","Bangalore","Bangalore","Karnataka"
"Langford Town","560025","Bangalore","Bangalore","Karnataka"
"Laxmisagara","577567","Chitradurga","Channagiri","Karnataka"
"Leewell","575001","Dak. Kannada","Mangalore","Karnataka"
"Legalators Home","560001","Bangalore","Bangalore","Karnataka"
"Likal","587125","Bijapur","Bijapur","Karnataka"
"Lingadahalli","577444","Shimoga","Arkalgud","Karnataka"
"Linganamakki","577444","Shimoga","Shimoga","Karnataka"
"Lingarajapuram","560084","Bangalore","Bangalore","Karnataka"
"Lingasugur","584122","Raichur","Raichur","Karnataka"
"Lingasugur Kutchery","584122","Raichur","Raichur","Karnataka"
"Lokanathapura","577159","Chikamaglur","Koppa","Karnataka"
"Lokapur","587122","Bijapur","Mudhol","Karnataka"
"Lokkanahalli","571479","Mysore","Kollegal","Karnataka"
"Londa","591301","Belgaum","Londa","Karnataka"
"Lonibudruk","586237","Bijapur","Bijapur","Karnataka"
"Lore","575003","Dak. Kannada","Mangalore","Karnataka"
"M.R.Mohalla","570024","Mysore","Mysore","Karnataka"
"Machhe","591181","Belgaum","Belgaum","Karnataka"
"Machina","574295","Dak. Kannada","Mangalore","Karnataka"
"Madabhavi","586154","Bijapur","Chikodi","Karnataka"
"Madalur","572152","Tumkur","Sira","Karnataka"
"Madangere","581344","Uttar Kannada","Karwar","Karnataka"
"Madanhipparga","585282","Bidar","Bidar","Karnataka"
"Madanthyar","574224","Dak. Kannada","Mangalore","Karnataka"
"Madapura","571251","Koduru","Arkalgud","Karnataka"
"Madavu","574318","Dak. Kannada","Mangalore","Karnataka"
"Madbhavi","591232","Belgaum","Belgaum","Karnataka"
"Maddur","571428","Mandya","Maddur","Karnataka"
"Maddur","571495","Mysore","Mysore","Karnataka"
"Maddur Extension","571428","Mandya","Mandya","Karnataka"
"Maddur R S","571429","Mandya","Mandya","Karnataka"
"Madgeri","581377","Uttar Kannada","Karwar","Karnataka"
"Madhavanagar","560001","Bangalore","Bangalore","Karnataka"
"Madhavanpark","560011","Bangalore","Bangalore","Karnataka"
"Madhavapur","590005","Belgaum","Belgaum","Karnataka"
"Madhugiri","585315","Gulbarga","Madhugiri","Karnataka"
"Madhugiri","572132","Tumkur","Madhugiri","Karnataka"
"Madhuvanahalli","571801","Mysore","Kollegal","Karnataka"
"Madhwar","585315","Gulbarga","Sedam","Karnataka"
"Madikeri","571201","Koduru","Madikeri","Karnataka"
"Madikeri Fort","571201","Koduru","Koduru","Karnataka"
"Madivala","560058","Bangalore","Bangalore","Karnataka"
"Madiyal","585274","Gulbarga","Aland","Karnataka"
"Magadi","562120","Bangalore","Magadi","Karnataka"
"Magadi","582143","Dharwar","Magadi","Karnataka"
"Magadi Road","560023","Bangalore","Bangalore","Karnataka"
"Magge","573146","Hassan","Alur","Karnataka"
"Magod Colony","581372","Uttar Kannada","Karwar","Karnataka"
"Magundi","577160","Chikamaglur","Narasimharajapura","Karnataka"
"Mahadeshwara Betta","571490","Mysore","Mysore","Karnataka"
"Mahadevapura","560048","Bangalore","Mahadevapura","Karnataka"
"Mahadevapura","571809","Mysore","Challakere","Karnataka"
"Mahagaon","585316","Gulbarga","Gulbarga","Karnataka"
"Mahalakshmipuram Layout","560086","Bangalore","Bangalore","Karnataka"
"Mahalingapur","587312","Bijapur","Mudhol","Karnataka"
"Mahatma","580008","Dharwar","Dharwar","Karnataka"
"Mahatma Gandhi Road","560001","Bangalore","Bangalore","Karnataka"
"Majali","581345","Uttar Kannada","Karwar","Karnataka"
"Makari","581190","Dharwar","Hirekerur","Karnataka"
"Maknur","581163","Dharwar","Dharwar","Karnataka"
"Makode","571138","Mysore","Mysore","Karnataka"
"Makut","571221","Koduru","Koduru","Karnataka"
"Mala","574123","Dak. Kannada","Mangalore","Karnataka"
"Malalipanchayat","574165","Dak. Kannada","Mangalore","Karnataka"
"Malalkere","577580","Chitradurga","Chitradurga","Karnataka"
"Malaprabha Dam Site","591116","Belgaum","Belgaum","Karnataka"
"Malavalli","571430","Mandya","Malavalli","Karnataka"
"Malavalli Town","571430","Mandya","Mandya","Karnataka"
"Malebennur","577530","Chitradurga","Harihar","Karnataka"
"Malgi","581346","Uttar Kannada","Karwar","Karnataka"
"Maliabad","584110","Raichur","Raichur","Karnataka"
"Malkand Lines","560033","Bangalore","Bangalore","Karnataka"
"Malkhed","585317","Gulbarga","Gulbarga","Karnataka"
"Malkhed Road","585292","Gulbarga","Gulbarga","Karnataka"
"Malladihalli","577531","Chitradurga","Holalkere","Karnataka"
"Mallanaikanahalli","563148","Kolar","Dod Ballapur","Karnataka"
"Mallandur","577130","Chikamaglur","Chikamaglur","Karnataka"
"Mallapur","582218","Dharwar","Badami","Karnataka"
"Mallenahalli","577131","Chikamaglur","Alur","Karnataka"
"Malleswaram","560003","Bangalore","Bangalore","Karnataka"
"Malleswaram Circle","560003","Bangalore","Bangalore","Karnataka"
"Malleswaram West","560055","Bangalore","Bangalore","Karnataka"
"Malli","585369","Gulbarga","Jevargi","Karnataka"
"Mallikwad","591289","Belgaum","Belgaum","Karnataka"
"Mallipatna","573147","Hassan","Arkalgud","Karnataka"
"Mallur","574106","Dak. Kannada","Mangalore","Karnataka"
"Mallur","581170","Dharwar","Dharwad","Karnataka"
"Mallur","562116","Dharwar","Dharwad","Karnataka"
"Malpe","576118","Dak. Kannada","Mangalore","Karnataka"
"Malur","563130","Kolar","Malur","Karnataka"
"Malur","571512","Mysore","Malur","Karnataka"
"Malur","577240","Shimoga","Malur","Karnataka"
"Malur Bazar","563130","Kolar","Kolar","Karnataka"
"Malvi","583242","Bellary","Bellary","Karnataka"
"Mamadapur","591233","Belgaum","Belgaum","Karnataka"
"Mamballi","571442","Mysore","Yelandur","Karnataka"
"Manakapura","591517","Belgaum","Belgaum","Karnataka"
"Manakheli","585227","Bidar","Bidar","Karnataka"
"Manasagangotri","570006","Mysore","Mysore","Karnataka"
"Manchenathalli","561211","Kolar","Kolar","Karnataka"
"Manchi","574323","Dak. Kannada","Mangalore","Karnataka"
"Manchi","574371","Dak. Kannada","Mangalore","Karnataka"
"Manchikere","581347","Uttar Kannada","Karwar","Karnataka"
"Mandagadde","577220","Shimoga","Shimoga","Karnataka"
"Mandagere","571467","Mysore","Krishnarajpet","Karnataka"
"Mandalay Lines","560033","Bangalore","Bangalore","Karnataka"
"Mandarthi","576223","Dak. Kannada","Mangalore","Karnataka"
"Mandekolu","574256","Dak. Kannada","Mangalore","Karnataka"
"Mandewal","585362","Gulbarga","Jevargi","Karnataka"
"Mandi Mohalla","570021","Mysore","Mysore","Karnataka"
"Mandipet Raichur","584102","Raichur","Raichur","Karnataka"
"Mandipet Tumkur","572101","Tumkur","Tumkur","Karnataka"
"Mandy Bazar","562101","Bangalore","Bangalore","Karnataka"
"Mandya","571401","Mandya","Mandya","Karnataka"
"Mandya Agrahara","571401","Mandya","Mandya","Karnataka"
"Mandya Ashoknagar","571401","Mandya","Mandya","Karnataka"
"Mandya Azadnagar","571401","Mandya","Mandya","Karnataka"
"Mandya Bazar","571401","Mandya","Mandya","Karnataka"
"Mandya Bus Stand","571401","Mandya","Mandya","Karnataka"
"Mandya District Office","571401","Mandya","Mandya","Karnataka"
"Mandya Gandhinagar","571401","Mandya","Mandya","Karnataka"
"Mandya Guttal Colony","571403","Mandya","Mandya","Karnataka"
"Mandya M C Road","571401","Mandya","Mandya","Karnataka"
"Mandya Old Town","571401","Mandya","Mandya","Karnataka"
"Mandya Shankara Nagara","571401","Mandya","Mandya","Karnataka"
"Mandya Subhash Nagara","571401","Mandya","Mandya","Karnataka"
"Mandya Sugar Town","571402","Mandya","Mandya","Karnataka"
"Mangala","571165","Chamarajanagar","Chamarajanagar","Karnataka"
"Mangalanthi","574167","Dak. Kannada","Mangalore","Karnataka"
"Mangalore","575001","Dak. Kannada","Mangalore","Karnataka"
"Mangalore","575001","Dak. Kannada","Mangalore","Karnataka"
"Mangalore Bunder","575001","Dak. Kannada","Mangalore","Karnataka"
"Mangalore Koppal","583257","Raichur","Raichur","Karnataka"
"Mangalore Milagres","575001","Dak. Kannada","Mangalore","Karnataka"
"Mangalvaad","581382","Uttar Kannada","Karwar","Karnataka"
"Mangalwarpeth","580020","Dharwar","Dharwar","Karnataka"
"Mangasulli","591234","Belgaum","Belgaum","Karnataka"
"Mangoli","586122","Bijapur","Bijapur","Karnataka"
"Mangundi","580115","Dharwar","Dharwar","Karnataka"
"Mangur","591290","Belgaum","Belgaum","Karnataka"
"Mangutti","591291","Belgaum","Belgaum","Karnataka"
"Manhalli","585257","Gulbarga","Basavakalyan","Karnataka"
"Mani","575253","Dak. Kannada","Mangalore","Karnataka"
"Manikar","574311","Dak. Kannada","Mangalore","Karnataka"
"Maniknagar","585353","Bidar","Bidar","Karnataka"
"Maninalkur","574298","Dak. Kannada","Mangalore","Karnataka"
"Manipal","576119","Dak. Kannada","Mangalore","Karnataka"
"Manipal East","576119","Dak. Kannada","Mangalore","Karnataka"
"Manipal Press Corner","576119","Dak. Kannada","Mangalore","Karnataka"
"Manjari","591264","Belgaum","Belgaum","Karnataka"
"Mankapur","591517","Belgaum","Belgaum","Karnataka"
"Manki","581348","Uttar Kannada","Karwar","Karnataka"
"Mannur","585246","Gulbarga","Afzalpur","Karnataka"
"Manoli","591227","Belgaum","Belgaum","Karnataka"
"Mantur","587136","Bijapur","Bijapur","Karnataka"
"Mantur","580213","Dharwar","Dharwar","Karnataka"
"Manvi","584123","Raichur","Manvi","Karnataka"
"Manwi","576265","Dak. Kannada","Mangalore","Karnataka"
"Maradihalli","577532","Chitradurga","Channarayapatna","Karnataka"
"Maragodu","571261","Koduru","Madikeri","Karnataka"
"Maralavadi","562121","Bangalore","Bangalore","Karnataka"
"Maralur","572105","Tumkur","Gauribidanur","Karnataka"
"Marasanbasri","582132","Dharwar","Dharwar","Karnataka"
"Marathahalli Colony","560037","Bangalore","Bangalore","Karnataka"
"Mardla","574230","Dak. Kannada","Mangalore","Karnataka"
"Margod Colony","581372","Uttar Kannada","Karwar","Karnataka"
"Margol","585241","Gulbarga","Chitapur","Karnataka"
"Mariammanahalli","583222","Bellary","Bellary","Karnataka"
"Marihal","591167","Belgaum","Belgaum","Karnataka"
"Marikamba Temple Street","581401","Uttar Kannada","Karwar","Karnataka"
"Marikuppam","563119","Kolar","Kolar","Karnataka"
"Market","560002","Bangalore","Bangalore","Karnataka"
"Market","577522","Chitradurga","Chitradurga","Karnataka"
"Market Yard Apmc","577201","Shimoga","Shimoga","Karnataka"
"Markonahalli","572155","Tumkur","Kunigal","Karnataka"
"Marthavi","571491","Mysore","Mysore","Karnataka"
"Martur","581445","Uttar Kannada","Karwar","Karnataka"
"Marukeri","581185","Dharwar","Bhatkal","Karnataka"
"Marur","581445","Uttar Kannada","Karwar","Karnataka"
"Marutisevanagar","560033","Bangalore","Bangalore","Karnataka"
"Marvanthe","576261","Dak. Kannada","Mangalore","Karnataka"
"Masaguppi","591292","Belgaum","Belgaum","Karnataka"
"Masbinal","586241","Bijapur","Bijapur","Karnataka"
"Mashal","585217","Gulbarga","Afzalpur","Karnataka"
"Maskal","577584","Chitradurga","Aurad","Karnataka"
"Maski","584124","Raichur","Lingsugur","Karnataka"
"Masthi","563139","Kolar","Malur","Karnataka"
"Mastikatte","577448","Shimoga","Shimoga","Karnataka"
"Masur","581210","Dharwar","Hirekerur","Karnataka"
"Masuti","586150","Bijapur","Basavana Bagevadi","Karnataka"
"Matala","585419","Bidar","Bidar","Karnataka"
"Mathikere","560054","Bangalore","Bangalore","Karnataka"
"Mathodu","577533","Chitradurga","Hosadurga","Karnataka"
"Mathur","577235","Shimoga","Hosadurga","Karnataka"
"Matmari","584202","Raichur","Raichur","Karnataka"
"Mattu","576139","Dak. Kannada","Mangalore","Karnataka"
"Mattur","584146","Koppal","Koppal","Karnataka"
"Mavadihalli","577532","Chitradurga","Chitradurga","Karnataka"
"Mavalli","560004","Bangalore","Bangalore","Karnataka"
"Mavinkurve","581432","Uttar Kannada","Karwar","Karnataka"
"Mayakonda","577534","Chitradurga","Chitradurga","Karnataka"
"Mayasandra","572221","Tumkur","Anekal","Karnataka"
"Meanee Lines","560042","Bangalore","Bangalore","Karnataka"
"Medical College","580022","Dharwar","Dharwar","Karnataka"
"Medleri","581211","Dharwar","Ranibennur","Karnataka"
"Medur","581217","Dharwar","Hirekerur","Karnataka"
"Meenakshi Koil Street","560051","Bangalore","Bangalore","Karnataka"
"Meersabidhalli","577570","Chitradurga","Chitradurga","Karnataka"
"Megalpet","583131","Bellary","Bellary","Karnataka"
"Megaravalli","577424","Shimoga","Tirthahalli","Karnataka"
"Mekur Hoskeri","571271","Koduru","Koduru","Karnataka"
"Melavanki","591337","Belgaum","Belgaum","Karnataka"
"Melekote","561205","Bangalore","Bangalore","Karnataka"
"Melinidgunji","581423","Uttar Kannada","Karwar","Karnataka"
"Melkote","571431","Mandya","Mandya","Karnataka"
"Melligere","587137","Bijapur","Bijapur","Karnataka"
"Mellur","562102","Kolar","Kolar","Karnataka"
"Melpal","577161","Chikamaglur","Chikamaglur","Karnataka"
"Menasgi","582232","Dharwar","Dharwar","Karnataka"
"Mercara Hills","575002","Dak. Kannada","Mangalore","Karnataka"
"Mermajal","574187","Dak. Kannada","Mangalore","Karnataka"
"Metagalli","570016","Mysore","Mysore","Karnataka"
"Metgalli Extn","570016","Mysore","Mysore","Karnataka"
"Mijar","574225","Dak. Kannada","Mangalore","Karnataka"
"Milk Colony","560055","Bangalore","Bangalore","Karnataka"
"Milkmans Street","560051","Bangalore","Bangalore","Karnataka"
"Mindigal","563143","Kolar","Chintamani","Karnataka"
"Mirjan","581440","Uttar Kannada","Karwar","Karnataka"
"Mirkhal","585438","Bidar","Bidar","Karnataka"
"Mirle","571603","Mysore","Krishnarajanagara","Karnataka"
"Mishrikoti","581226","Dharwar","Kalghatgi","Karnataka"
"Mission Compound","576101","Dak. Kannada","Mangalore","Karnataka"
"Mithabail","574226","Dak. Kannada","Mangalore","Karnataka"
"Miyar","574107","Dak. Kannada","Mangalore","Karnataka"
"Modhugiri Doddapet","585315","Gulbarga","Gulbarga","Karnataka"
"Modi Circle","577004","Chitradurga","Chitradurga","Karnataka"
"Moka","583117","Bellary","Bellary","Karnataka"
"Mokalmuru","577535","Chitradurga","Chitradurga","Karnataka"
"Molahalli","576274","Dak. Kannada","Mangalore","Karnataka"
"Mole","591322","Belgaum","Belgaum","Karnataka"
"Moodbidri","574227","Dak. Kannada","Mangalore","Karnataka"
"Moodubelle","576120","Dak. Kannada","Mangalore","Karnataka"
"Moody","577449","Shimoga","Shimoga","Karnataka"
"Morab","580112","Dharwar","Khanapur","Karnataka"
"Moratgi","586123","Bijapur","Sindgi","Karnataka"
"Morigere","583243","Bellary","Bellary","Karnataka"
"Morkonda","585262","Gulbarga","Gulbarga","Karnataka"
"Mosalehosahalli","573212","Hassan","Hassan","Karnataka"
"Mosarkal","584126","Raichur","Raichur","Karnataka"
"Motebennur","581136","Dharwar","Byadgi","Karnataka"
"Movigere","583243","Bellary","Bellary","Karnataka"
"Mrutyanjayanagar","580006","Dharwar","Dharwar","Karnataka"
"Mrutyunjayamarket","580008","Dharwar","Dharwar","Karnataka"
"Muchalam","585347","Bidar","Bidar","Karnataka"
"Muchandi","591198","Belgaum","Belgaum","Karnataka"
"Mudalagi","591312","Belgaum","Belgaum","Karnataka"
"Mudbi","585437","Bidar","Bidar","Karnataka"
"Muddebihal","586212","Bijapur","Muddebihal","Karnataka"
"Muddebihal Bazar","583121","Bellary","Bellary","Karnataka"
"Muddebihal Fort","586245","Bijapur","Bijapur","Karnataka"
"Mudgal","584125","Raichur","Mudgal","Karnataka"
"Mudgeri","581377","Uttar Kannada","Karwar","Karnataka"
"Mudhol","585364","Bidar","Mudhol","Karnataka"
"Mudhol","585443","Bidar","Bidar","Karnataka"
"Mudhol","587313","Bijapur","Mudhol","Karnataka"
"Mudhol","585318","Gulbarga","Mudhol","Karnataka"
"Mudhol","583259","Raichur","Mudhol","Karnataka"
"Mudhol Bazar","587313","Bijapur","Bijapur","Karnataka"
"Mudigere","577132","Chikamaglur","Mudigere","Karnataka"
"Mudkavi","591168","Belgaum","Belgaum","Karnataka"
"Mudnal","585270","Gulbarga","Homnabad","Karnataka"
"Mudradi","576145","Dak. Kannada","Mangalore","Karnataka"
"Muduperar","574166","Dak. Kannada","Mangalore","Karnataka"
"Mueseum Road","560001","Bangalore","Bangalore","Karnataka"
"Mugad","580116","Dharwar","Dharwad","Karnataka"
"Mugalkhed","591235","Belgaum","Belgaum","Karnataka"
"Muganayakanakote","572222","Tumkur","Gubbi","Karnataka"
"Mugbe","581433","Uttar Kannada","Karwar","Karnataka"
"Mugtihalli","577133","Chikamaglur","Chikamaglur","Karnataka"
"Muguru","571169","Mysore","Sorab","Karnataka"
"Mugutkhanhubli","591118","Belgaum","Belgaum","Karnataka"
"Mukka","574177","Dak. Kannada","Mangalore","Karnataka"
"Muktamphra","585101","Gulbarga","Gulbarga","Karnataka"
"Mulasavara","573148","Hassan","Hassan","Karnataka"
"Mulbagal","563131","Kolar","Mulbagal","Karnataka"
"Mulbagal Bazar","563131","Kolar","Kolar","Karnataka"
"Mulbagal Someshwara","563131","Kolar","Kolar","Karnataka"
"Mulgund","582117","Dharwar","Mulgund","Karnataka"
"Mulki","574154","Dak. Kannada","Mulki","Karnataka"
"Mulki Bazar","574154","Dak. Kannada","Mangalore","Karnataka"
"Mullur","571483","Mandya","Heggadadevankote","Karnataka"
"Mulsavalgi","586155","Bijapur","Sindgi","Karnataka"
"Mulwad","586149","Bijapur","Bijapur","Karnataka"
"Mundaje","574228","Dak. Kannada","Mangalore","Karnataka"
"Mundalli","581370","Uttar Kannada","Karwar","Karnataka"
"Mundargi","582118","Dharwar","Mundargi","Karnataka"
"Mundgod","581349","Uttar Kannada","Mundgod","Karnataka"
"Mundukur","576121","Dak. Kannada","Mangalore","Karnataka"
"Munirabad","583233","Raichur","Raichur","Karnataka"
"Munirabad R S","583234","Raichur","Raichur","Karnataka"
"Munireddy Palya","560006","Bangalore","Bangalore","Karnataka"
"Muniyal","574108","Dak. Kannada","Mangalore","Karnataka"
"Murdeshwar","581350","Uttar Kannada","Karwar","Karnataka"
"Murgod","591119","Belgaum","Belgaum","Karnataka"
"Murgundi","591259","Belgaum","Belgaum","Karnataka"
"Murkal","571135","Mysore","Mysore","Karnataka"
"Murki","585439","Bidar","Bidar","Karnataka"
"Murnad","571252","Koduru","Koduru","Karnataka"
"Murugamala","563146","Kolar","Kolar","Karnataka"
"Murur","581445","Uttar Kannada","Karwar","Karnataka"
"Mustari","585425","Bidar","Bidar","Karnataka"
"Mutge","591189","Belgaum","Belgaum","Karnataka"
"Muttagi","586232","Bijapur","Basavana Bagevadi","Karnataka"
"Muttalgere","587209","Bijapur","Bijapur","Karnataka"
"Muttoli","581388","Uttar Kannada","Karwar","Karnataka"
"Muttsalavadikebe","586232","Bijapur","Bijapur","Karnataka"
"Muttugudur","577581","Chitradurga","Chitradurga","Karnataka"
"Mysore","570001","Mysore","Mysore","Karnataka"
"Mysore Fort","570004","Mysore","Mysore","Karnataka"
"Mysore Jayalakshmi","570001","Mysore","Mysore","Karnataka"
"Mysore Lancers Lines","560006","Bangalore","Bangalore","Karnataka"
"Mysore Law Courts","570005","Mysore","Mysore","Karnataka"
"Mysore South","570008","Mysore","Mysore","Karnataka"
"Mysore University","570005","Mysore","Mysore","Karnataka"
"Mysore Vani Vilas Mohalla","570005","Mysore","Mysore","Karnataka"
"N H T Mills","582207","Dharwar","Dharwar","Karnataka"
"N Mahadevapura","577571","Chitradurga","Chitradurga","Karnataka"
"N R Mohalla","570007","Mysore","Mysore","Karnataka"
"N S Bureau","560009","Bangalore","Bangalore","Karnataka"
"Nada","576262","Dak. Kannada","Mangalore","Karnataka"
"Nadugallu","574178","Dak. Kannada","Mangalore","Karnataka"
"Nadugallu","574315","Dak. Kannada","Mangalore","Karnataka"
"Nadur","572169","Tumkur","Sira","Karnataka"
"Nagamangala","571432","Mandya","Nagamangala","Karnataka"
"Nagamangala T B Exgn","571432","Mandya","Mandya","Karnataka"
"Naganahalli","571149","Mysore","Arkalgud","Karnataka"
"Nagar","577425","Shimoga","Shimoga","Karnataka"
"Nagar Munoli","591293","Belgaum","Belgaum","Karnataka"
"Nagarakere","571456","Mandya","Maddur","Karnataka"
"Nagarbhavi","560072","Bangalore","Bangalore","Karnataka"
"Nagarhole","571258","Koduru","Koduru","Karnataka"
"Nagasamudra","577572","Chitradurga","Arsikere","Karnataka"
"Nagasandra","560073","Bangalore","Bangalore","Karnataka"
"Nagasandra","572134","Tumkur","Tumkur","Karnataka"
"Nagavalli","571155","Mysore","Mysore","Karnataka"
"Nagavalli","572145","Tumkur","Tumkur","Karnataka"
"Nagnur","585372","Gulbarga","Gulbarga","Karnataka"
"Nagnur","591319","Uttar Kannada","Karwar","Karnataka"
"Nagoonahalli","571805","Mysore","Mysore","Karnataka"
"Nagori","575002","Dak. Kannada","Mangalore","Karnataka"
"Nagral","586134","Bijapur","Bhalki","Karnataka"
"Nagre","581393","Uttar Kannada","Karwar","Karnataka"
"Nagrtharpet","560002","Bangalore","Bangalore","Karnataka"
"Nagrund","582207","Dharwar","Dharwar","Karnataka"
"Nagthan","586161","Bijapur","Bijapur","Karnataka"
"Naikal","585319","Gulbarga","Shahpur","Karnataka"
"Naikur","576263","Dak. Kannada","Mangalore","Karnataka"
"Nalatwad","586124","Bijapur","Bijapur","Karnataka"
"Nalkudre","577565","Chitradurga","Channagiri","Karnataka"
"Nallur","574502","Dak. Kannada","Mangalore","Karnataka"
"Nallur","577221","Shimoga","Bangarapet","Karnataka"
"Nalwar","585218","Gulbarga","Chitapur","Karnataka"
"Nanadi","591295","Belgaum","Belgaum","Karnataka"
"Nandagudi","562122","Bangalore","Bangalore","Karnataka"
"Nandalike","576126","Dak. Kannada","Mangalore","Karnataka"
"Nandangadda","581304","Uttar Kannada","Karwar","Karnataka"
"Nandawadgi","587148","Bijapur","Bijapur","Karnataka"
"Nandgad","591120","Belgaum","Belgaum","Karnataka"
"Nandi","562103","Kolar","Belgaum","Karnataka"
"Nandi Hills","562118","Kolar","Chik Ballapur","Karnataka"
"Nandi Kurli","591339","Belgaum","Belgaum","Karnataka"
"Nandikeshwar","587210","Bijapur","Badami","Karnataka"
"Nandikur","574138","Dak. Kannada","Mangalore","Karnataka"
"Nanditavare","577590","Chitradurga","Chitradurga","Karnataka"
"Nangli","563132","Kolar","Kolar","Karnataka"
"Nanjangud","571301","Mysore","Nanjangud","Karnataka"
"Nanjangud Bazar","571302","Mysore","Mysore","Karnataka"
"Nanjaraja Patna","571246","Mysore","Mysore","Karnataka"
"Nanjundal Circle","570004","Mysore","Mysore","Karnataka"
"Nanvapura","583274","Bellary","Bellary","Karnataka"
"Napoklu","571214","Koduru","Madikeri","Karnataka"
"Narasimbaraja Colony","560019","Bangalore","Bangalore","Karnataka"
"Narasimharajapura","577134","Chikamaglur","Narasimharajapura","Karnataka"
"Naraspura","563133","Kolar","Kolar","Karnataka"
"Naravi","574109","Dak. Kannada","Mangalore","Karnataka"
"Narayanagondanahalli","577582","Chitradurga","Holalkere","Karnataka"
"Narayanapillai Street","560001","Bangalore","Bangalore","Karnataka"
"Narayanapur","585219","Gulbarga","Gulbarga","Karnataka"
"Narayanpur","585341","Bidar","Bidar","Karnataka"
"Narayanpur","580008","Dharwar","Aurad","Karnataka"
"Naregal","581165","Dharwar","Naregal","Karnataka"
"Naregal","582119","Dharwar","Naregal","Karnataka"
"Narendra","580113","Dharwar","Dharwad","Karnataka"
"Narikombu","574282","Dak. Kannada","Mangalore","Karnataka"
"Narimogru","574312","Dak. Kannada","Mangalore","Karnataka"
"Naringana","574168","Dak. Kannada","Mangalore","Karnataka"
"Narsimharaja Road","560002","Bangalore","Bangalore","Karnataka"
"Nasalapur","591299","Belgaum","Belgaum","Karnataka"
"Navalgi","587320","Bijapur","Jamkhandi","Karnataka"
"Navalgund","582208","Dharwar","Navalgund","Karnataka"
"Navalgund Bazaar","582208","Dharwar","Dharwar","Karnataka"
"Navalur","580009","Dharwar","Dharwar","Karnataka"
"Navaru","574263","Dak. Kannada","Mangalore","Karnataka"
"Navilagaon","581425","Uttar Kannada","Karwar","Karnataka"
"Navunda","576224","Dak. Kannada","Mangalore","Karnataka"
"Naya Bazar","584101","Raichur","Raichur","Karnataka"
"Nayakanahatti","577536","Chitradurga","Chitradurga","Karnataka"
"Nayamohalla","585104","Gulbarga","Gulbarga","Karnataka"
"Nayandahalli","560039","Bangalore","Bangalore","Karnataka"
"Nazarbad Mohalla","570010","Mysore","Mysore","Karnataka"
"Neelasandra","560047","Bangalore","Bangalore","Karnataka"
"Neelavara","576259","Dak. Kannada","Mangalore","Karnataka"
"Neelgund","582125","Dharwar","Dharwar","Karnataka"
"Neermanvi","584147","Raichur","Manvi","Karnataka"
"Neerude","574163","Dak. Kannada","Mangalore","Karnataka"
"Negalur","581155","Dharwar","Dharwar","Karnataka"
"Neggar","581450","Uttar Kannada","Karwar","Karnataka"
"Neginhal","591190","Belgaum","Belgaum","Karnataka"
"Nehruganj","585104","Gulbarga","Gulbarga","Karnataka"
"Nehrunagar","590010","Belgaum","Belgaum","Karnataka"
"Nehrunagar","574203","Dak. Kannada","Mangalore","Karnataka"
"Nej","591296","Belgaum","Belgaum","Karnataka"
"Nekarpet Ramdurg","591812","Belgaum","Belgaum","Karnataka"
"Nelamangala","562123","Bangalore","Bangalore","Karnataka"
"Nellikar","574124","Dak. Kannada","Mangalore","Karnataka"
"Nellyadi","574292","Dak. Kannada","Mangalore","Karnataka"
"Nerale","571332","Mysore","Heggadadevankote","Karnataka"
"Neria","574292","Dak. Kannada","Mangalore","Karnataka"
"Nerli","591340","Belgaum","Belgaum","Karnataka"
"Nesargi","591121","Belgaum","Belgaum","Karnataka"
"Nettana","574230","Dak. Kannada","Mangalore","Karnataka"
"Nettanige Mudnur","574313","Dak. Kannada","Mangalore","Karnataka"
"New Banimantap Extn","570015","Mysore","Mysore","Karnataka"
"New Daroji","583151","Bellary","Bellary","Karnataka"
"New Diggewadi","591297","Belgaum","Belgaum","Karnataka"
"New Market Road","560051","Bangalore","Bangalore","Karnataka"
"New Tharagpet","560002","Bangalore","Bangalore","Karnataka"
"New Thippasandra","560075","Bangalore","Bangalore","Karnataka"
"Nidagunda","585320","Gulbarga","Gulbarga","Karnataka"
"Nidasale","572167","Tumkur","Kunigal","Karnataka"
"Nidgundi","586213","Bijapur","Bijapur","Karnataka"
"Nidige","577222","Shimoga","Shimoga","Karnataka"
"Nidighatta","571433","Mandya","Mandya","Karnataka"
"Nidoni","586133","Bijapur","Bijapur","Karnataka"
"Nidsoshi","591236","Belgaum","Belgaum","Karnataka"
"Nijalingappanagar","584101","Raichur","Raichur","Karnataka"
"Nilagi","591298","Belgaum","Belgaum","Karnataka"
"Nilekani","581403","Uttar Kannada","Karwar","Karnataka"
"Nilgund","587123","Bijapur","Bijapur","Karnataka"
"Nilogi","585339","Gulbarga","Gulbarga","Karnataka"
"Niloor","585243","Gulbarga","Gulbarga","Karnataka"
"Nimbala","585236","Gulbarga","Gulbarga","Karnataka"
"Nimbarga","585244","Gulbarga","Gulbarga","Karnataka"
"Nimbargi","586238","Bijapur","Indi","Karnataka"
"Nipani","591237","Belgaum","Nipani","Karnataka"
"Nipani C R D","591237","Belgaum","Belgaum","Karnataka"
"Nipani N C","591237","Belgaum","Belgaum","Karnataka"
"Nirmarga","575012","Dak. Kannada","Mangalore","Karnataka"
"Nirna","585263","Gulbarga","Homnabad","Karnataka"
"Nitte","574110","Dak. Kannada","Mangalore","Karnataka"
"Nittur","585428","Bidar","Bidar","Karnataka"
"Nittur","572223","Tumkur","Aurad","Karnataka"
"Nivargi","586242","Bijapur","Indi","Karnataka"
"Nokya","571268","Koduru","Virajpet","Karnataka"
"Nonavinakere","572224","Tumkur","Tiptur","Karnataka"
"Norona","585342","Gulbarga","Gulbarga","Karnataka"
"Noronha Road","560051","Bangalore","Bangalore","Karnataka"
"North Zone","560010","Bangalore","Bangalore","Karnataka"
"Northern Extension","572106","Tumkur","Tumkur","Karnataka"
"Norway","573149","Hassan","Hassan","Karnataka"
"Nowli","583266","Raichur","Hadagalli","Karnataka"
"Nuggihalli","573131","Hassan","Hassan","Karnataka"
"Nulvi","580214","Dharwar","Hubli","Karnataka"
"Nyamati","577223","Shimoga","Honnali","Karnataka"
"Obala Pura","577537","Chitradurga","Chitradurga","Karnataka"
"Okalipuram","560021","Bangalore","Bangalore","Karnataka"
"Old Cemetry Road","560051","Bangalore","Bangalore","Karnataka"
"Old Hubli","580024","Dharwar","Dharwar","Karnataka"
"Old Poor House Road","560051","Bangalore","Bangalore","Karnataka"
"Old Sosale","571120","Mysore","Mysore","Karnataka"
"Old Town","571426","Mysore","Mysore","Karnataka"
"Old Town","577303","Shimoga","Shimoga","Karnataka"
"Oojein","583136","Bellary","Bellary","Karnataka"
"Ookadapalyam","560047","Bangalore","Bangalore","Karnataka"
"Oorgaum","563120","Kolar","Kolar","Karnataka"
"Oorgaum East","563120","Kolar","Kolar","Karnataka"
"Oorgaumpet","563121","Kolar","Kolar","Karnataka"
"P T C Campus","570010","Mysore","Mysore","Karnataka"
"P W D Colony","572132","Tumkur","Tumkur","Karnataka"
"P&T Colony","560032","Bangalore","Bangalore","Karnataka"
"Padasvali","585363","Gulbarga","Gulbarga","Karnataka"
"Padil","575007","Dak. Kannada","Mangalore","Karnataka"
"Padmanabhanagar","560070","Bangalore","Bangalore","Karnataka"
"Padubidri","574111","Dak. Kannada","Mangalore","Karnataka"
"Paduvari","576275","Dak. Kannada","Mangalore","Karnataka"
"Pahwadi","565277","Kolar","Kolar","Karnataka"
"Palace Guttahalli","560020","Bangalore","Bangalore","Karnataka"
"Palace Orchards","560080","Bangalore","Bangalore","Karnataka"
"Palaiyam","571484","Mysore","Mysore","Karnataka"
"Palaoka","574278","Dak. Kannada","Mangalore","Karnataka"
"Palavalli","572136","Tumkur","Pavagada","Karnataka"
"Palimar","574112","Dak. Kannada","Mangalore","Karnataka"
"Palli","574244","Dak. Kannada","Mangalore","Karnataka"
"Palya","573218","Hassan","Alur","Karnataka"
"Palya","563131","Kolar","Alur","Karnataka"
"Pampamahakavi Road","560004","Bangalore","Bangalore","Karnataka"
"Panakaje","574296","Dak. Kannada","Mangalore","Karnataka"
"Panambur","575010","Dak. Kannada","Mangalore","Karnataka"
"Panchanahalli","573132","Chikamangalur","Kadur","Karnataka"
"Pandavapura","571434","Mandya","Pandavapura","Karnataka"
"Pandavapura","571484","Mysore","Pandavapura","Karnataka"
"Pandavapura R S","571435","Mandya","Mandya","Karnataka"
"Pane Mangalore","574231","Dak. Kannada","Mangalore","Karnataka"
"Pangala","576122","Dak. Kannada","Mangalore","Karnataka"
"Paniyur","574140","Dak. Kannada","Mangalore","Karnataka"
"Panja","574232","Dak. Kannada","Mangalore","Karnataka"
"Panjee","574259","Dak. Kannada","Mangalore","Karnataka"
"Panjinadka","574195","Dak. Kannada","Mangalore","Karnataka"
"Papinayakanahalli","583223","Bellary","Bellary","Karnataka"
"Paramanandawadi","591329","Belgaum","Belgaum","Karnataka"
"Paramogru","574289","Dak. Kannada","Mangalore","Karnataka"
"Parampalli","576243","Dak. Kannada","Mangalore","Karnataka"
"Parasegowdana Palya","571803","Mysore","Mysore","Karnataka"
"Parishwad","591131","Belgaum","Belgaum","Karnataka"
"Park Road","560051","Bangalore","Bangalore","Karnataka"
"Parkala","576123","Dak. Kannada","Mangalore","Karnataka"
"Parqasurampura","577538","Chitradurga","Chitradurga","Karnataka"
"Partapur","585349","Gulbarga","Basavakalyan","Karnataka"
"Parthanahalli","591327","Belgaum","Belgaum","Karnataka"
"Pathapalya","561212","Kolar","Bagepalli","Karnataka"
"Patilroad","584101","Raichur","Raichur","Karnataka"
"Patla","576135","Dak. Kannada","Mangalore","Karnataka"
"Pattadakal","587211","Bijapur","Bijapur","Karnataka"
"Pattan","585378","Gulbarga","Gulbarga","Karnataka"
"Pattanaikanahalli","572135","Tumkur","Tumkur","Karnataka"
"Pattankudi","591238","Belgaum","Belgaum","Karnataka"
"Pavagada","561202","Tumkur","Pavagada","Karnataka"
"Pavagada Fort","561202","Tumkur","Tumkur","Karnataka"
"Pavinkurve","581375","Uttar Kannada","Karwar","Karnataka"
"Pavur","574182","Dak. Kannada","Mangalore","Karnataka"
"Peenya","560058","Bangalore","Bangalore","Karnataka"
"Peenya Ii Stage","560058","Bangalore","Bangalore","Karnataka"
"Peenya Small Scale Indust","560058","Bangalore","Bangalore","Karnataka"
"Pejavara","574175","Dak. Kannada","Mangalore","Karnataka"
"Pension Mohalla","573201","Hassan","Hassan","Karnataka"
"Pension Mohalla Street","560051","Bangalore","Bangalore","Karnataka"
"Peramannur","574183","Dak. Kannada","Mangalore","Karnataka"
"Perdur","576124","Dak. Kannada","Mangalore","Karnataka"
"Peresandra","562104","Kolar","Chik Ballapur","Karnataka"
"Periyapatna","571107","Mysore","Mysore","Karnataka"
"Permankila","576141","Dak. Kannada","Mangalore","Karnataka"
"Pethalur","582223","Dharwar","Dharwar","Karnataka"
"Phajiru","574188","Dak. Kannada","Mangalore","Karnataka"
"Pilar","574113","Dak. Kannada","Mangalore","Karnataka"
"Pilenahalli","577167","Chikamaglur","Chikamaglur","Karnataka"
"Pillangere","577241","Shimoga","Shimoga","Karnataka"
"Pillanna Gardens","560005","Bangalore","Bangalore","Karnataka"
"Pipe Line Extension","560003","Bangalore","Bangalore","Karnataka"
"Plain Street","560001","Bangalore","Bangalore","Karnataka"
"Polalipanchayath","574284","Dak. Kannada","Mangalore","Karnataka"
"Pollibetta","571215","Koduru","Koduru","Karnataka"
"Ponampet","571216","Koduru","Koduru","Karnataka"
"Poorhouse Colony","572101","Tumkur","Tumkur","Karnataka"
"Posh Road","581110","Dharwar","Dharwar","Karnataka"
"Prabhatnagar","581334","Uttar Kannada","Karwar","Karnataka"
"Prakash Nagar","560021","Bangalore","Bangalore","Karnataka"
"Pudu","574169","Dak. Kannada","Pudu","Karnataka"
"Punarur","574179","Dak. Kannada","Mangalore","Karnataka"
"Puram Extension","570012","Mysore","Mysore","Karnataka"
"Puravara","572175","Tumkur","Tumkur","Karnataka"
"Purigale","571463","Mandya","Mandya","Karnataka"
"Putpak","585279","Gulbarga","Yadgir","Karnataka"
"Puttur","574201","Dak. Kannada","Puttur","Karnataka"
"Puttur Bazaar","574201","Dak. Kannada","Mangalore","Karnataka"
"Puttur Court Hill","574201","Dak. Kannada","Mangalore","Karnataka"
"Quadrant Square","560001","Bangalore","Bangalore","Karnataka"
"R P C Layout North","560040","Bangalore","Bangalore","Karnataka"
"R V Niketan","560059","Bangalore","Bangalore","Karnataka"
"Rabbankal","584144","Raichur","Manvi","Karnataka"
"Rabkhavi","587314","Bijapur","Bijapur","Karnataka"
"Ragibommanhalli","571458","Mandya","Mandya","Karnataka"
"Raibag","591317","Belgaum","Belgaum","Karnataka"
"Raichur","583235","Raichur","Raichur","Karnataka"
"Raichur Ho","584101","Raichur","Raichur","Karnataka"
"Raichur Mukkaramganj","584102","Raichur","Raichur","Karnataka"
"Raichur R S","584101","Raichur","Raichur","Karnataka"
"Rajajinagar","560010","Bangalore","Bangalore","Karnataka"
"Rajajinagar Bhashyam","560010","Bangalore","Bangalore","Karnataka"
"Rajajinagar I Block","560010","Bangalore","Bangalore","Karnataka"
"Rajajinagar Iv Block","560010","Bangalore","Bangalore","Karnataka"
"Rajajinagar North","560010","Bangalore","Bangalore","Karnataka"
"Rajajinagar Vi Block","560010","Bangalore","Bangalore","Karnataka"
"Rajajinagar West","560010","Bangalore","Bangalore","Karnataka"
"Rajankollur","585291","Gulbarga","Shorapur","Karnataka"
"Rajansiriyur","573152","Hassan","Hassan","Karnataka"
"Rajarama Colony","577601","Chitradurga","Chitradurga","Karnataka"
"Rajbhavan","560001","Bangalore","Bangalore","Karnataka"
"Rajendra Road","560002","Bangalore","Bangalore","Karnataka"
"Rajendranagar","570007","Mysore","Mysore","Karnataka"
"Rajendrapete","577202","Shimoga","Shimoga","Karnataka"
"Rajeshwar","585331","Gulbarga","Basavakalyan","Karnataka"
"Rajmahalvilas","560024","Bangalore","Bangalore","Karnataka"
"Rajola","585354","Gulbarga","Basavakalyan","Karnataka"
"Rajoor","583258","Bellary","Bellary","Karnataka"
"Rajur","582230","Dharwar","Dharwar","Karnataka"
"Rakshanapura","573201","Hassan","Hassan","Karnataka"
"Rakulgi","585264","Gulbarga","Gulbarga","Karnataka"
"Ramachandra Puram","560021","Bangalore","Bangalore","Karnataka"
"Ramagiri","577539","Chitradurga","Holalkere","Karnataka"
"Ramakrishna Vidya Shala","570020","Mysore","Mysore","Karnataka"
"Ramamurthynagar","560016","Bangalore","Bangalore","Karnataka"
"Ramanagaram","571511","Mysore","Ramanagaram","Karnataka"
"Ramanahalli","571172","Mysore","Alur","Karnataka"
"Ramanuja Road","570004","Mysore","Mysore","Karnataka"
"Ramapura","577540","Chitradurga","Chitradurga","Karnataka"
"Ramapura","571339","Mysore","Mysore","Karnataka"
"Ramapuram Ghat","571444","Mysore","Mysore","Karnataka"
"Ramasamudra","585321","Gulbarga","Yadgir","Karnataka"
"Ramasamudra","571313","Mysore","Yadgir","Karnataka"
"Ramassagara","583147","Bellary","Bellary","Karnataka"
"Ramdurg","591123","Belgaum","Ramdurg","Karnataka"
"Ramdurg Town","591123","Belgaum","Belgaum","Karnataka"
"Ramdurga","584148","Raichur","Raichur","Karnataka"
"Ramesh Nagar","560037","Bangalore","Bangalore","Karnataka"
"Ramnathapura","573133","Hassan","Hassan","Karnataka"
"Rampura","572164","Tumkur","Tumkur","Karnataka"
"Ranajogihalli","577569","Chitradurga","Chitradurga","Karnataka"
"Ranatur","582139","Dharwar","Shirhatti","Karnataka"
"Ranebennur","581115","Dharwar","Dharwar","Karnataka"
"Ranebennur Bazar","581115","Dharwar","Dharwar","Karnataka"
"Ranebennur Extension","581115","Dharwar","Dharwar","Karnataka"
"Rangampeth","585220","Gulbarga","Gulbarga","Karnataka"
"Rangapura","571131","Mysore","Arkalgud","Karnataka"
"Rangasamudra","571330","Koduru","Pavagada","Karnataka"
"Rangenahalli","577144","Chikamaglur","Alur","Karnataka"
"Ranjolkheni","585351","Gulbarga","Bidar","Karnataka"
"Ratkal","585322","Gulbarga","Chincholi","Karnataka"
"Ratnapuri Colony","571189","Mysore","Mysore","Karnataka"
"Rattihalli","581116","Dharwar","Hirekerur","Karnataka"
"Ravandur","571108","Mysore","Piriyapatna","Karnataka"
"Ravindranagar","577201","Shimoga","Shimoga","Karnataka"
"Ravindranath Tagore","560032","Bangalore","Bangalore","Karnataka"
"Rayalpadu","563134","Kolar","Kolar","Karnataka"
"Rayarakoppal","573139","Hassan","Hassan","Karnataka"
"Regulated Market","577003","Chitradurga","Chitradurga","Karnataka"
"Regulated Market","572101","Tumkur","Tumkur","Karnataka"
"Regulated Market Yard","577502","Chitradurga","Chitradurga","Karnataka"
"Rekulgi","585264","Gulbarga","Bidar","Karnataka"
"Renjala","574130","Dak. Kannada","Mangalore","Karnataka"
"Residency Road","560025","Bangalore","Bangalore","Karnataka"
"Revoor","585333","Gulbarga","Gulbarga","Karnataka"
"Richmond Town","560025","Bangalore","Bangalore","Karnataka"
"Ripponpete","577426","Shimoga","Shimoga","Karnataka"
"Robertsonapet Vi Cross","563122","Kolar","Kolar","Karnataka"
"Robertsonpet","563122","Kolar","Kolar","Karnataka"
"Rodalbanda","584127","Raichur","Raichur","Karnataka"
"Rodkonda","584164","Raichur","Raichur","Karnataka"
"Ron","582209","Dharwar","Ron","Karnataka"
"Rontalukakutcherry","582209","Dharwar","Dharwar","Karnataka"
"Rugi","586226","Bijapur","Indi","Karnataka"
"Rukmapur","585253","Gulbarga","Gulbarga","Karnataka"
"Rundrapatna","573150","Hassan","Hassan","Karnataka"
"S D M College","574240","Dak. Kannada","Mangalore","Karnataka"
"S D S Sanitorim","560029","Bangalore","Bangalore","Karnataka"
"S I T Campus Tumkur","572101","Tumkur","Tumkur","Karnataka"
"S S Ghati","561225","Kolar","Kolar","Karnataka"
"S V P Colony","577435","Shimoga","Shimoga","Karnataka"
"Sacherigudde","576128","Dak. Kannada","Mangalore","Karnataka"
"Sadalga","591239","Belgaum","Belgaum","Karnataka"
"Sadashivgad","581352","Uttar Kannada","Karwar","Karnataka"
"Sadashivnagar","560080","Bangalore","Bangalore","Karnataka"
"Sadasivanagar","583121","Bellary","Bellary","Karnataka"
"Sagar","585323","Gulbarga","Sagar","Karnataka"
"Sagar","577401","Shimoga","Shahpur","Karnataka"
"Sagar Bazar","577401","Shimoga","Shimoga","Karnataka"
"Sagar Market Road","577401","Shimoga","Shimoga","Karnataka"
"Sagglam","571477","Mysore","Mysore","Karnataka"
"Sahyadri Colony","581401","Uttar Kannada","Karwar","Karnataka"
"Saibrakatte","576266","Dak. Kannada","Mangalore","Karnataka"
"Saidapur","587325","Bijapur","Bijapur","Karnataka"
"Saidapur","585221","Gulbarga","Basavakalyan","Karnataka"
"Saidenur","581157","Dharwar","Dharwar","Karnataka"
"Saigaon","585431","Bidar","Bidar","Karnataka"
"Sailapura","561227","Bangalore","Bangalore","Karnataka"
"Sainik School","586102","Bijapur","Bijapur","Karnataka"
"Saji Pamunnur","574283","Dak. Kannada","Mangalore","Karnataka"
"Sajipamudu","574319","Dak. Kannada","Mangalore","Karnataka"
"Saklashpur","573134","Hassan","Hassan","Karnataka"
"Sakrepatna","577135","Chikamaglur","Kadur","Karnataka"
"Salagame","573219","Hassan","Hassan","Karnataka"
"Salahalli","591130","Belgaum","Belgaum","Karnataka"
"Salem Road","584101","Raichur","Raichur","Karnataka"
"Salgera","585374","Gulbarga","Gulbarga","Karnataka"
"Salgol","581368","Uttar Kannada","Karwar","Karnataka"
"Salgunda","584165","Raichur","Sindhnur","Karnataka"
"Saligram","571604","Mysore","Saligram","Karnataka"
"Saligrama","576225","Dak. Kannada","Mangalore","Karnataka"
"Salikere","576260","Dak. Kannada","Mangalore","Karnataka"
"Salotgi","586217","Bijapur","Indi","Karnataka"
"Sambargi","591501","Belgaum","Belgaum","Karnataka"
"Sambra","591124","Bijapur","Belgaum","Karnataka"
"Sameerwadi","587316","Bijapur","Bijapur","Karnataka"
"Sampaje","574234","Dak. Kannada","Mangalore","Karnataka"
"Sampangiramnagar","560027","Bangalore","Bangalore","Karnataka"
"Sampgaon","591125","Belgaum","Belgaum","Karnataka"
"Sampige","574275","Dak. Kannada","Mangalore","Karnataka"
"Sampige","572225","Tumkur","Tumkur","Karnataka"
"Sampige Khan","577169","Chikamaglur","Chikamaglur","Karnataka"
"Sandur","583119","Bellary","Sandur","Karnataka"
"Sandur Bazar","583119","Bellary","Bellary","Karnataka"
"Saneguruvanahalli","560079","Bangalore","Bangalore","Karnataka"
"Sangam","587141","Bijapur","Aurad","Karnataka"
"Sangameshwarpet","577136","Chikamaglur","Chikamaglur","Karnataka"
"Sangannhal","583267","Bellary","Bellary","Karnataka"
"Sangolli","591191","Belgaum","Belgaum","Karnataka"
"Sangur","581148","Haveri","Haveri","Karnataka"
"Sankeshwar","591313","Belgaum","Sankeshwar","Karnataka"
"Sankeshwar Subhash Crcl","591313","Belgaum","Belgaum","Karnataka"
"Sankeshwar Sugar Factory","591314","Belgaum","Belgaum","Karnataka"
"Santabennur","577552","Chitradurga","Chitradurga","Karnataka"
"Santaveri","577137","Chikamaglur","Chikamaglur","Karnataka"
"Santebachahalli","571436","Mysore","Mysore","Karnataka"
"Santemarahalli","571115","Mysore","Mysore","Karnataka"
"Santhekatte","576264","Dak. Kannada","Mangalore","Karnataka"
"Santhepet","573201","Hassan","Hassan","Karnataka"
"Santpur","585421","Bidar","Bidar","Karnataka"
"Santur","574139","Dak. Kannada","Mangalore","Karnataka"
"Saptasagar","591503","Belgaum","Belgaum","Karnataka"
"Saragur","571121","Mysore","Heggadadevankote","Karnataka"
"Saragur","571171","Mysore","Mysore","Karnataka"
"Sarapady","574264","Dak. Kannada","Mangalore","Karnataka"
"Saraswathipuram","570009","Mysore","Mysore","Karnataka"
"Saraswathpur","580001","Dharwar","Dharwar","Karnataka"
"Saraswati Puram","573134","Hassan","Hassan","Karnataka"
"Sarjapura","562125","Bangalore","Bangalore","Karnataka"
"Sarsamba","585361","Gulbarga","Gulbarga","Karnataka"
"Sarvamanyahosakote","571324","Mysore","Mysore","Karnataka"
"Sarwad","586125","Bijapur","Bijapur","Karnataka"
"Sasalatti","587327","Bijapur","Bijapur","Karnataka"
"Sasihithlu","574180","Dak. Kannada","Mangalore","Karnataka"
"Sastan","576226","Dak. Kannada","Mangalore","Karnataka"
"Sastapur","585350","Bidar","Bidar","Karnataka"
"Sasvehalli","577224","Shimoga","Shimoga","Karnataka"
"Sathanur","562126","Bangalore","Bangalore","Karnataka"
"Sathanur","571464","Mandya","Mandya","Karnataka"
"Sathegala","571498","Mysore","Kollegal","Karnataka"
"Sathkucherry","584101","Raichur","Raichur","Karnataka"
"Sathya Saivihar","574235","Dak. Kannada","Mangalore","Karnataka"
"Satti","591240","Belgaum","Belgaum","Karnataka"
"Sattigere","591192","Belgaum","Belgaum","Karnataka"
"Sattur","580010","Dharwar","Dharwar","Karnataka"
"Saulanga","577225","Shimoga","Shimoga","Karnataka"
"Saunbuddi","591502","Belgaum","Belgaum","Karnataka"
"Saundalga","591241","Belgaum","Belgaum","Karnataka"
"Saundatti","591126","Belgaum","Belgaum","Karnataka"
"Saundatti","591504","Belgaum","Belgaum","Karnataka"
"Saundatti Apmc","591126","Belgaum","Belgaum","Karnataka"
"Saundatti Bazar","591126","Belgaum","Belgaum","Karnataka"
"Saundatti Chidambarnagar","591126","Belgaum","Belgaum","Karnataka"
"Saunshi","581117","Dharwar","Kundgol","Karnataka"
"Savadi","591260","Belgaum","Belgaum","Karnataka"
"Savadi","582219","Dharwar","Dharwar","Karnataka"
"Savalgi","586126","Bijapur","Gulbarga","Karnataka"
"Savanur","581118","Dharwar","Savanur","Karnataka"
"Science Institute","560012","Bangalore","Bangalore","Karnataka"
"Second Ediga Extn","570015","Mysore","Mysore","Karnataka"
"Sedam","585222","Gulbarga","Sedam","Karnataka"
"Sedam Town","585222","Gulbarga","Gulbarga","Karnataka"
"Seehalli","571176","Mysore","Mysore","Karnataka"
"Seelenre","571454","Mandya","Mandya","Karnataka"
"Senwi","574114","Dak. Kannada","Mangalore","Karnataka"
"Seppings Road","560001","Bangalore","Bangalore","Karnataka"
"Seshadri Puram","560020","Bangalore","Bangalore","Karnataka"
"Settikere","572226","Tumkur","Chiknayakanhalli","Karnataka"
"Shahabad","585228","Gulbarga","Shahabad","Karnataka"
"Shahabad A C C","585229","Gulbarga","Gulbarga","Karnataka"
"Shahapur","585223","Gulbarga","Chikodi","Karnataka"
"Shahapur Market Yard","585223","Gulbarga","Gulbarga","Karnataka"
"Shaktinagar","575016","Dak. Kannada","Shaktinagar","Karnataka"
"Shaktinagar","584170","Raichur","Shaktinagar","Karnataka"
"Shalavadi","582238","Dharwar","Dharwar","Karnataka"
"Shamnewadi","591505","Belgaum","Belgaum","Karnataka"
"Shanivarsarthe","571235","Koduru","Koduru","Karnataka"
"Shankaranarayana","576227","Dak. Kannada","Mangalore","Karnataka"
"Shankaranayana","576227","Dak. Kannada","Mangalore","Karnataka"
"Shankarapura","560004","Bangalore","Bangalore","Karnataka"
"Shankarapura","574115","Dak. Kannada","Mangalore","Karnataka"
"Shankaripuram","573201","Hassan","Hassan","Karnataka"
"Shanthigrama","577162","Chikamaglur","Chikamaglur","Karnataka"
"Shanthigrama","573220","Hassan","Hassan","Karnataka"
"Shanthinagar","560027","Bangalore","Bangalore","Karnataka"
"Sharnnagar","585103","Gulbarga","Gulbarga","Karnataka"
"Shedbai","591315","Belgaum","Belgaum","Karnataka"
"Shegunshi","591328","Belgaum","Belgaum","Karnataka"
"Sheshangeri","581138","Dharwar","Dharwar","Karnataka"
"Shetgeri","581353","Uttar Kannada","Karwar","Karnataka"
"Shibaje","574333","Dak. Kannada","Mangalore","Karnataka"
"Shiggaon","581205","Dharwar","Shiggaon","Karnataka"
"Shigli","582210","Dharwar","Shirhatti","Karnataka"
"Shikaripur","577427","Shimoga","Shimoga","Karnataka"
"Shikaripur Bazar","577427","Shimoga","Shimoga","Karnataka"
"Shimoga","577201","Shimoga","Shimoga","Karnataka"
"Shimoga","577201","Shimoga","Shimoga","Karnataka"
"Shimoga Bus Stand","577201","Shimoga","Shimoga","Karnataka"
"Shimoga District","577201","Shimoga","Shimoga","Karnataka"
"Shimoga Doddapet","577202","Shimoga","Shimoga","Karnataka"
"Shimoga Kote","577202","Shimoga","Shimoga","Karnataka"
"Shimoga Krishna","577202","Shimoga","Shimoga","Karnataka"
"Shimoga Market","577201","Shimoga","Shimoga","Karnataka"
"Shimoga Office","577201","Shimoga","Shimoga","Karnataka"
"Shimoga Railway","577201","Shimoga","Shimoga","Karnataka"
"Shimoga Vidyanagar","577202","Shimoga","Shimoga","Karnataka"
"Shindikurbet","591506","Belgaum","Belgaum","Karnataka"
"Shirady","574236","Dak. Kannada","Mangalore","Karnataka"
"Shirahatti","582120","Dharwar","Shirhatti","Karnataka"
"Shirali","581354","Uttar Kannada","Karwar","Karnataka"
"Shirali Bazar","581354","Uttar Kannada","Karwar","Karnataka"
"Shiralkoppa","577428","Shimoga","Shimoga","Karnataka"
"Shirgod","581192","Dharwar","Dharwar","Karnataka"
"Shirguppi","591242","Belgaum","Belgaum","Karnataka"
"Shirguppi","581158","Dharwar","Dharwar","Karnataka"
"Shirgur","591330","Belgaum","Belgaum","Karnataka"
"Shirol","587328","Bijapur","Bijapur","Karnataka"
"Shirol","582212","Dharwar","Dharwar","Karnataka"
"Shirshyad","586243","Bijapur","Indi","Karnataka"
"Shirur","587152","Bijapur","Bijapur","Karnataka"
"Shirur","576228","Dak. Kannada","Mangalore","Karnataka"
"Shirva","574116","Dak. Kannada","Mangalore","Karnataka"
"Shivagange","562139","Bangalore","Bangalore","Karnataka"
"Shivaji Road","560051","Bangalore","Bangalore","Karnataka"
"Shivajinagar","590003","Belgaum","Belgaum","Karnataka"
"Shivajinagar","585104","Gulbarga","Afzalpur","Karnataka"
"Shivalli","571468","Dharwar","Dharwad","Karnataka"
"Shivangi","586127","Bijapur","Devadurga","Karnataka"
"Shivapura","571144","Mysore","Arsikere","Karnataka"
"Shivapura Maddur","571429","Mandya","Mandya","Karnataka"
"Shivaragudda Vidyapeetha","571459","Mandya","Mandya","Karnataka"
"Shivasamudram","571437","Mandya","Mandya","Karnataka"
"Shivayoga Mandir","587242","Bijapur","Bijapur","Karnataka"
"Shorapur","585224","Gulbarga","Shorapur","Karnataka"
"Shorapur Town","585224","Gulbarga","Gulbarga","Karnataka"
"Shravanabelagola","573135","Hassan","Hassan","Karnataka"
"Shroff Katta","580020","Dharwar","Dharwar","Karnataka"
"Sibrikere","574164","Dak. Kannada","Mangalore","Karnataka"
"Sidapur","571253","Koduru","Koduru","Karnataka"
"Siddaganga Extn","572101","Tumkur","Tumkur","Karnataka"
"Siddaganga Mutt","572104","Tumkur","Tumkur","Karnataka"
"Siddainapura","571499","Mysore","Mysore","Karnataka"
"Siddakatte","574237","Dak. Kannada","Mangalore","Karnataka"
"Siddammanahalli","583149","Bellary","Bellary","Karnataka"
"Siddapur","587151","Bijapur","Siddapur","Karnataka"
"Siddapur","584149","Raichur","Siddapur","Karnataka"
"Siddapur","581355","Uttar Kannada","Karwar","Karnataka"
"Siddapura","586136","Bijapur","Bijapur","Karnataka"
"Siddapura","576229","Dak. Kannada","Mangalore","Karnataka"
"Siddarthanagar","570011","Mysore","Mysore","Karnataka"
"Sidlaghatta","562105","Kolar","Sidlaghatta","Karnataka"
"Sidlaghatta Bazar","562105","Kolar","Kolar","Karnataka"
"Siganellur","571480","Mysore","Mysore","Karnataka"
"Silkfarm","571502","Mysore","Mysore","Karnataka"
"Sindgi","586128","Bijapur","Sindgi","Karnataka"
"Sindgi Town","586169","Bijapur","Bijapur","Karnataka"
"Sindhaghatta","571465","Mandya","Mandya","Karnataka"
"Sindhnur","584128","Raichur","Sindhnur","Karnataka"
"Sindhnur Bus Stand","584128","Raichur","Raichur","Karnataka"
"Sindhnur Camp","584128","Raichur","Raichur","Karnataka"
"Singatagere","577138","Chikamaglur","Arsikere","Karnataka"
"Sira","572137","Tumkur","Sira","Karnataka"
"Sira Bazar","572137","Tumkur","Tumkur","Karnataka"
"Sira Santhepet","572137","Tumkur","Tumkur","Karnataka"
"Sirangala","571244","Koduru","Somvarpet","Karnataka"
"Sirgeri","577592","Chitradurga","Chitradurga","Karnataka"
"Sirigere","577541","Chitradurga","Chitradurga","Karnataka"
"Sirigeri","583120","Bellary","Bellary","Karnataka"
"Sirsi","585258","Bidar","Sirsi","Karnataka"
"Sirsi","581401","Uttar Kannada","Karwar","Karnataka"
"Sirsi Courts","581401","Uttar Kannada","Karwar","Karnataka"
"Sirsi Market","581402","Uttar Kannada","Karwar","Karnataka"
"Sirugupaa","583121","Bellary","Bellary","Karnataka"
"Siruguppa","583121","Bellary","Siruguppa","Karnataka"
"Siruguppa Bazar","583121","Bellary","Bellary","Karnataka"
"Sirur","587152","Bagalkot","Bagalkot","Karnataka"
"Sirwar","584129","Raichur","Gangawati","Karnataka"
"Sitimani R S","587207","Bijapur","Bijapur","Karnataka"
"Sivanchetty Garden","560042","Bangalore","Bangalore","Karnataka"
"Sivane","577549","Chitradurga","Chitradurga","Karnataka"
"Sogi","583244","Bellary","Bellary","Karnataka"
"Solapur","591507","Belgaum","Belgaum","Karnataka"
"Sollapura","577550","Chikamangalur","Chikamangalur","Karnataka"
"Solur","562127","Bangalore","Bangalore","Karnataka"
"Somanathapura","561223","Kolar","Kolar","Karnataka"
"Somanathapura","571164","Mysore","Mysore","Karnataka"
"Somangiri","574316","Dak. Kannada","Mangalore","Karnataka"
"Someshwar Uchil","574156","Dak. Kannada","Mangalore","Karnataka"
"Someshwara","576129","Dak. Kannada","Mangalore","Karnataka"
"Someshwarapalya","563144","Kolar","Kolar","Karnataka"
"Someshwarapura","560008","Bangalore","Bangalore","Karnataka"
"Someshwarapuram","572101","Tumkur","Tumkur","Karnataka"
"Somwarpet","571236","Koduru","Koduru","Karnataka"
"Somwarpet","571328","Mysore","Mysore","Karnataka"
"Sonangeri","574249","Dak. Kannada","Mangalore","Karnataka"
"Sonda","581447","Uttar Kannada","Karwar","Karnataka"
"Sonna","587129","Bijapur","Bilgi","Karnataka"
"Sonth","585359","Gulbarga","Gulbarga","Karnataka"
"Sooda","576127","Dak. Kannada","Mangalore","Karnataka"
"Sopadia","591193","Belgaum","Belgaum","Karnataka"
"Sorab","577429","Shimoga","Sorab","Karnataka"
"Sorabtown","577429","Shimoga","Shimoga","Karnataka"
"Sortur","582213","Dharwar","Dharwar","Karnataka"
"Soundalaga","591241","Belgaum","Belgaum","Karnataka"
"South Public Square","560004","Bangalore","Bangalore","Karnataka"
"Sri Jayachama","560002","Bangalore","Bangalore","Karnataka"
"Sri Krisharajendra Road","560004","Bangalore","Bangalore","Karnataka"
"Sri Krishnarajendra","560002","Bangalore","Bangalore","Karnataka"
"Sri Krishnarajendra Mills","570002","Mysore","Mysore","Karnataka"
"Srimangala","571217","Koduru","Koduru","Karnataka"
"Sringeri","577139","Chikamaglur","Sringeri","Karnataka"
"Srinivas Saradgi","585289","Gulbarga","Gulbarga","Karnataka"
"Srinivasa Saradi","585286","Gulbarga","Gulbarga","Karnataka"
"Srinivasanagar","574157","Dak. Kannada","Mangalore","Karnataka"
"Srinivasapura","563135","Kolar","Bagepalli","Karnataka"
"Srinivasapura Bazar","563135","Kolar","Kolar","Karnataka"
"Srirampura","577542","Chitradurga","Turuvekere","Karnataka"
"Srirampuram","560021","Bangalore","Bangalore","Karnataka"
"Srirangapatna","571438","Mandya","Mandya","Karnataka"
"Srirangapatna","571438","Mandya","Mandya","Karnataka"
"Srirangpatna Fort","571438","Mandya","Mandya","Karnataka"
"St Johns Medical College","560034","Bangalore","Bangalore","Karnataka"
"St Thomas Town","560084","Bangalore","Bangalore","Karnataka"
"State Bank Of Mysore","560050","Bangalore","Bangalore","Karnataka"
"Station Ganagapur","585213","Gulbarga","Gulbarga","Karnataka"
"Station Road","560051","Bangalore","Bangalore","Karnataka"
"Subashnagar","560009","Bangalore","Bangalore","Karnataka"
"Subashnagar","574137","Dak. Kannada","Mangalore","Karnataka"
"Subramanya","574238","Dak. Kannada","Mangalore","Karnataka"
"Subramanyanagar","572227","Tumkur","Tumkur","Karnataka"
"Subramanyapura","560061","Bangalore","Bangalore","Karnataka"
"Subrayanpet Chikballarpu","562101","Bangalore","Bangalore","Karnataka"
"Sudhamnagar","560027","Bangalore","Bangalore","Karnataka"
"Sudi","582211","Dharwar","Ron","Karnataka"
"Sugavi","581446","Uttar Kannada","Karwar","Karnataka"
"Sugganahalli","562128","Bangalore","Bangalore","Karnataka"
"Sugur","577242","Shimoga","Hiriyur","Karnataka"
"Sujatha Puram","571301","Mysore","Mysore","Karnataka"
"Sukravarsanthe","573161","Koduru","Koduru","Karnataka"
"Sulahpet","585324","Gulbarga","Gulbarga","Karnataka"
"Sulebele","562129","Bangalore","Bangalore","Karnataka"
"Sulebhavi","591134","Belgaum","Belgaum","Karnataka"
"Sulibhavi","587124","Belgaum","Belgaum","Karnataka"
"Sulla","580216","Dharwar","Badami","Karnataka"
"Sullia","574239","Dak. Kannada","Mangalore","Karnataka"
"Sullia Gadhinagar","574239","Dak. Kannada","Mangalore","Karnataka"
"Sultaji Gunta Road","560051","Bangalore","Bangalore","Karnataka"
"Sunag","587128","Bijapur","Bijapur","Karnataka"
"Sundekere","573155","Hassan","Hassan","Karnataka"
"Sundhadi","591508","Belgaum","Belgaum","Karnataka"
"Sunkalbidri","581222","Dharwar","Dharwar","Karnataka"
"Suntikoppa","571237","Koduru","Koduru","Karnataka"
"Supa","581122","Dharwar","Dharwar","Karnataka"
"Surangi","582215","Dharwar","Dharwar","Karnataka"
"Suranthkal","574158","Dak. Kannada","Mangalore","Karnataka"
"Sureban","591127","Belgaum","Belgaum","Karnataka"
"Suttur","571159","Mysore","Mysore","Karnataka"
"Swimming Pool","560003","Bangalore","Bangalore","Karnataka"
"T Narsipur","571124","Mysore","Mysore","Karnataka"
"Tabakadhonithalli","581232","Dharwar","Dharwar","Karnataka"
"Tabibland","580020","Dharwar","Dharwar","Karnataka"
"Tadas","581212","Dharwar","Byadgi","Karnataka"
"Tadkal","585343","Gulbarga","Gulbarga","Karnataka"
"Tadkal","583256","Raichur","Raichur","Karnataka"
"Tadkod","581175","Dharwar","Dharwar","Karnataka"
"Tadri","581437","Uttar Kannada","Karwar","Karnataka"
"Tadvalga","586162","Bijapur","Bijapur","Karnataka"
"Tagadur","571119","Mysore","Channarayapatna","Karnataka"
"Takkatte","576231","Dak. Kannada","Mangalore","Karnataka"
"Talakatnal","591509","Belgaum","Belgaum","Karnataka"
"Talapady","574184","Dak. Kannada","Mangalore","Karnataka"
"Talkod","571122","Mysore","Mysore","Karnataka"
"Tallak","577543","Chitradurga","Chitradurga","Karnataka"
"Tallikoti","586214","Bijapur","Bijapur","Karnataka"
"Tallikoti Bazar","586214","Bijapur","Bijapur","Karnataka"
"Tallur","576230","Dak. Kannada","Mangalore","Karnataka"
"Tallur","576230","Dak. Kannada","Mangalore","Karnataka"
"Talmadgi","585375","Gulbarga","Gulbarga","Karnataka"
"Tamba","586215","Bijapur","Indi","Karnataka"
"Tandavapura","571325","Mysore","Mysore","Karnataka"
"Tangadgi","586129","Bijapur","Shahpur","Karnataka"
"Tarikere","577228","Chikamaglur","Tarikere","Karnataka"
"Tavarekere","560081","Bangalore","Bangalore","Karnataka"
"Tavarekere","562130","Bangalore","Bangalore","Karnataka"
"Tavarekere","572139","Tumkur","Bangalore South","Karnataka"
"Tavaremellihalli","581214","Dharwar","Dharwar","Karnataka"
"Tavargira","584131","Raichur","Raichur","Karnataka"
"Tayalur","563136","Kolar","Mulbagal","Karnataka"
"Teetha","572154","Tumkur","Tumkur","Karnataka"
"Tejaswinagar","580001","Dharwar","Dharwar","Karnataka"
"Tekal","563137","Kolar","Malur","Karnataka"
"Tekkalakota","583122","Bellary","Tekkalakota","Karnataka"
"Tekkatte","576231","Dak. Kannada","Mangalore","Karnataka"
"Telgi","583137","Bellary","Bellary","Karnataka"
"Tellanur","571488","Mysore","Kollegal","Karnataka"
"Telsang","591265","Belgaum","Belgaum","Karnataka"
"Temple Street","583101","Bellary","Bellary","Karnataka"
"Temple Street","583102","Bellary","Bellary","Karnataka"
"Tengli","585345","Bidar","Bidar","Karnataka"
"Tenkabettu","576142","Dak. Kannada","Mangalore","Karnataka"
"Terdal","587315","Bijapur","Terdal","Karnataka"
"Tergaon","581352","Uttar Kannada","Karwar","Karnataka"
"Thagarthi","591243","Belgaum","Belgaum","Karnataka"
"Thaggahalli","571406","Mandya","Maddur","Karnataka"
"Thaggahalli","571460","Mandya","Maddur","Karnataka"
"Thambrahalli","583224","Bellary","Bellary","Karnataka"
"Thanahattargi","591243","Belgaum","Belgaum","Karnataka"
"Thanakushnoor","585436","Bidar","Bidar","Karnataka"
"Thimmaiah Road","560051","Bangalore","Bangalore","Karnataka"
"Thimmanhalli","572233","Tumkur","Tumkur","Karnataka"
"Thippasandra","562131","Bangalore","Bangalore","Karnataka"
"Thirthahalli Town","577432","Shimoga","Shimoga","Karnataka"
"Thirthalli","577432","Shimoga","Shimoga","Karnataka"
"Thirthimathi","571254","Koduru","Koduru","Karnataka"
"Tholapalli","561221","Kolar","Kolar","Karnataka"
"Thondavadi","571142","Mysore","Gundlupet","Karnataka"
"Thondebhavi","561213","Kolar","Gauribidanur","Karnataka"
"Thottam","576143","Dak. Kannada","Mangalore","Karnataka"
"Thumbadi","572147","Tumkur","Tumkur","Karnataka"
"Thumbasoge","571150","Mysore","Heggadadevankote","Karnataka"
"Thumbe","574170","Dak. Kannada","Thumbe","Karnataka"
"Thumbedevanahalli","573156","Hassan","Hassan","Karnataka"
"Thyavanige","577544","Chitradurga","Channagiri","Karnataka"
"Tibetian Colony","581411","Uttar Kannada","Karwar","Karnataka"
"Tibetian Settlement","571457","Mysore","Mysore","Karnataka"
"Tigadi","591171","Belgaum","Belgaum","Karnataka"
"Tigadolli","591194","Belgaum","Belgaum","Karnataka"
"Tilak Nagar","560041","Bangalore","Bangalore","Karnataka"
"Tilak Nagar","570021","Mysore","Mysore","Karnataka"
"Tilgul","586165","Bijapur","Gulbarga","Karnataka"
"Tilvalli","581120","Dharwar","Dharwar","Karnataka"
"Tippur","571613","Mysore","Mysore","Karnataka"
"Tiptur","572201","Tumkur","Tiptur","Karnataka"
"Tiptur Bazar","572201","Tumkur","Tumkur","Karnataka"
"Tirlapur","582135","Dharwar","Dharwar","Karnataka"
"Tirlapur","582221","Dharwar","Navalgund","Karnataka"
"Tirukanambi","571123","Mysore","Mysore","Karnataka"
"Tirumani","572172","Tumkur","Tumkur","Karnataka"
"Toachikoppal Extn","570009","Mysore","Mysore","Karnataka"
"Todalbagi","587322","Bijapur","Jamkhandi","Karnataka"
"Togalbagi","587322","Bijapur","Bijapur","Karnataka"
"Togarihankal","577163","Chikamaglur","Chikamaglur","Karnataka"
"Togarsi","577433","Shimoga","Shimoga","Karnataka"
"Tonachikoppal","570009","Mysore","Mysore","Karnataka"
"Torna","585440","Bidar","Bidar","Karnataka"
"Tornagallu","583123","Bellary","Bellary","Karnataka"
"Tovinkere","572138","Tumkur","Tumkur","Karnataka"
"Town Hall Square","562101","Bangalore","Bangalore","Karnataka"
"Trasi","576235","Dak. Kannada","Mangalore","Karnataka"
"Trg Command I A F","560006","Bangalore","Bangalore","Karnataka"
"Tubagere","561226","Bangalore","Bangalore","Karnataka"
"Tudur","577226","Shimoga","Shimoga","Karnataka"
"Tulsigere","587215","Bijapur","Bijapur","Karnataka"
"Tumkur","572101","Tumkur","Tumkur","Karnataka"
"Tumkur","572101","Tumkur","Tumkur","Karnataka"
"Tumkur City","572101","Tumkur","Tumkur","Karnataka"
"Tumminkatti","581119","Dharwar","Dharwar","Karnataka"
"Tungabhadra Dam","583225","Bellary","Bellary","Karnataka"
"Tungal","586146","Bijapur","Jamkhandi","Karnataka"
"Turaganur","571137","Mysore","Mysore","Karnataka"
"Turmari","591195","Belgaum","Belgaum","Karnataka"
"Turuvanur","577517","Chitradurga","Chitradurga","Karnataka"
"Turuvekere","572227","Tumkur","Turuvekere","Karnataka"
"Turvihal","584132","Raichur","Sindhnur","Karnataka"
"Tyagarajanagar","560028","Bangalore","Bangalore","Karnataka"
"Tyamagondlu","562132","Bangalore","Bangalore","Karnataka"
"Uchangidurga","583146","Bellary","Bellary","Karnataka"
"Uchgaon","591128","Belgaum","Belgaum","Karnataka"
"Uchila","574117","Dak. Kannada","Mangalore","Karnataka"
"Uchila Bada","574117","Dak. Kannada","Mangalore","Karnataka"
"Udachan","585278","Gulbarga","Gulbarga","Karnataka"
"Udagani","577447","Dak. Kannada","Mangalore","Karnataka"
"Udavara","573157","Hassan","Hassan","Karnataka"
"Udayagiri Extn","570019","Mysore","Mysore","Karnataka"
"Udbur","571321","Mysore","Mysore","Karnataka"
"Uddeboranahalli","577168","Chikamaglur","Chikmagalur","Karnataka"
"Udevara","573157","Hassan","Sakleshpur","Karnataka"
"Udigala","571329","Dak. Kannada","Mangalore","Karnataka"
"Udupi","576101","Udupi","Udupi","Karnataka"
"Udupi Courts","576101","Udupi","Udupi","Karnataka"
"Udyavara","574118","Dak. Kannada","Mangalore","Karnataka"
"Ugarbudruk","591320","Belgaum","Belgaum","Karnataka"
"Ugargol","591196","Belgaum","Belgaum","Karnataka"
"Ugarkhurd","591316","Belgaum","Belgaum","Karnataka"
"Ujire","574240","Dak. Kannada","Mangalore","Karnataka"
"Ujjine","572171","Tumkur","Tumkur","Karnataka"
"Ukli","586152","Bijapur","Bijapur","Karnataka"
"Ulabi","577434","Shimoga","Shimoga","Karnataka"
"Uliargoli","574106","Dak. Kannada","Mangalore","Karnataka"
"Ullagaddi","591510","Belgaum","Belgaum","Karnataka"
"Ullal","574159","Dak. Kannada","Ullal","Karnataka"
"Ullargoli","574115","Dak. Kannada","Mangalore","Karnataka"
"Ulsoor","560008","Bangalore","Bangalore","Karnataka"
"Ulsoor Bazar","560008","Bangalore","Bangalore","Karnataka"
"Uluguli","571269","Koduru","Koduru","Karnataka"
"Ummadahalli","571473","Mandya","Mandya","Karnataka"
"Ummattur","571333","Mysore","Mysore","Karnataka"
"University Campus","570006","Mysore","Mysore","Karnataka"
"Uppinangady","574241","Dak. Kannada","Mangalore","Karnataka"
"Uppinbetgere","574241","Dak. Kannada","Mangalore","Karnataka"
"Uppinbetgeri","581206","Dharwar","Dharwar","Karnataka"
"Uppunda","576232","Dak. Kannada","Mangalore","Karnataka"
"Urdigere","572140","Tumkur","Tumkur","Karnataka"
"V C Farm","571405","Mandya","Mandya","Karnataka"
"V G Doddi","561201","Bangalore","Bangalore","Karnataka"
"V O C Nagar","563119","Kolar","Kolar","Karnataka"
"Vadagaon June","590005","Belgaum","Belgaum","Karnataka"
"Vadavi","582146","Dharwar","Dharwar","Karnataka"
"Vajralli","581436","Uttar Kannada","Karwar","Karnataka"
"Vakkund","591701","Belgaum","Belgaum","Karnataka"
"Valgalli","581394","Uttar Kannada","Karwar","Karnataka"
"Vamanjoor","574508","Dak. Kannada","Mangalore","Karnataka"
"Vandal","586220","Bijapur","Bijapur","Karnataka"
"Vandige","581357","Uttar Kannada","Karwar","Karnataka"
"Vandse","576233","Dak. Kannada","Mangalore","Karnataka"
"Vandur","581390","Uttar Kannada","Karwar","Karnataka"
"Vanivilas Market","570004","Mysore","Mysore","Karnataka"
"Vanivilasapura","572161","Chitradurga","Hiriyur","Karnataka"
"Varakodu","571143","Mysore","Mysore","Karnataka"
"Varanga","576144","Dak. Kannada","Mangalore","Karnataka"
"Varthur","560087","Bangalore","Bangalore","Karnataka"
"Varur","581234","Dharwar","Dharwar","Karnataka"
"Vasana","577575","Chitradurga","Harihar","Karnataka"
"Vasantanagar","560052","Bangalore","Bangalore","Karnataka"
"Vastara","577174","Chikamaglur","Chikamaglur","Karnataka"
"Veerakamba","574276","Dak. Kannada","Mangalore","Karnataka"
"Vemgal","563157","Kolar","Kolar","Karnataka"
"Venkatainachatra","571147","Mysore","Mysore","Karnataka"
"Venkatappa Road","560051","Bangalore","Bangalore","Karnataka"
"Venkatapura","561216","Bangalore","Venkatapura","Karnataka"
"Venkatarangapura","560003","Bangalore","Bangalore","Karnataka"
"Venkateshpur Extn","577501","Chitradurga","Chitradurga","Karnataka"
"Venkateshpura","560045","Bangalore","Bangalore","Karnataka"
"Venur","574242","Dak. Kannada","Mangalore","Karnataka"
"Vidhana Soudha","560001","Bangalore","Bangalore","Karnataka"
"Vidhana Veedhi","560001","Bangalore","Bangalore","Karnataka"
"Viduraswatha","561217","Kolar","Kolar","Karnataka"
"Vidya Peetha","571326","Mysore","Mysore","Karnataka"
"Vidyanagar","562134","Bangalore","Bangalore","Karnataka"
"Vidyaranya Puram","570008","Mysore","Mysore","Karnataka"
"Vidyaranyapura","560097","Bangalore","Bangalore","Karnataka"
"Vigyana Kendra","560065","Bangalore","Bangalore","Karnataka"
"Vijayanagar","560040","Bangalore","Bangalore","Karnataka"
"Vijayanagar","591108","Belgaum","Belgaum","Karnataka"
"Vijayanagar East","560040","Bangalore","Bangalore","Karnataka"
"Vijayanagar North","560079","Bangalore","Bangalore","Karnataka"
"Vijayapura","562135","Bangalore","Vijayapura","Karnataka"
"Vimanapura","560017","Bangalore","Bangalore","Karnataka"
"Vinchanagar Tumkur","572101","Tumkur","Tumkur","Karnataka"
"Vinobanagar","580020","Dharwar","Dharwar","Karnataka"
"Vinobanagar Shimoga","577201","Shimoga","Shimoga","Karnataka"
"Virajpet","571218","Koduru","Virajpet","Karnataka"
"Virgonagar","560049","Bangalore","Bangalore","Karnataka"
"Vishwavidyalaya","560056","Bangalore","Bangalore","Karnataka"
"Viswaneedam","560091","Bangalore","Bangalore","Karnataka"
"Visweswaranagar","570008","Mysore","Mysore","Karnataka"
"Visweswarapuram","560004","Bangalore","Bangalore","Karnataka"
"Visweswaraya Nagar","590001","Belgaum","Belgaum","Karnataka"
"Vittal","574243","Dak. Kannada","Mangalore","Karnataka"
"Vittalmudnur","574261","Dak. Kannada","Mangalore","Karnataka"
"Vittalnagar","560018","Bangalore","Bangalore","Karnataka"
"Viveknagar","560047","Bangalore","Bangalore","Karnataka"
"Vogga","574265","Dak. Kannada","Mangalore","Karnataka"
"Vyalikaval Extn","560003","Bangalore","Bangalore","Karnataka"
"Waderhatti","591513","Belgaum","Belgaum","Karnataka"
"Wadi","585225","Gulbarga","Wadi","Karnataka"
"Walki","591511","Belgaum","Belgaum","Karnataka"
"Waruri","581234","Dharwar","Dharwar","Karnataka"
"White Field","560066","Bangalore","Bangalore","Karnataka"
"Williams Towm","560046","Bangalore","Bangalore","Karnataka"
"Wilson Garden","560027","Bangalore","Bangalore","Karnataka"
"Y N Koskote","572141","Chikamangalur","Chikamangalur","Karnataka"
"Yabaratti","591516","Belgaum","Belgaum","Karnataka"
"Yadaga","581379","Uttar Kannada","Karwar","Karnataka"
"Yadavagiri","570020","Mysore","Mysore","Karnataka"
"Yadgati","577140","Chikamaglur","Chikamaglur","Karnataka"
"Yadgiri","585201","Gulbarga","Gulbarga","Karnataka"
"Yadgiri Station","585202","Gulbarga","Gulbarga","Karnataka"
"Yadgiri Town","585201","Gulbarga","Gulbarga","Karnataka"
"Yadgud","591253","Belgaum","Belgaum","Karnataka"
"Yadhalli","587329","Bijapur","Sedam","Karnataka"
"Yadur","591512","Belgaum","Belgaum","Karnataka"
"Yadwad","591136","Belgaum","Belgaum","Karnataka"
"Yaksamba","591244","Belgaum","Belgaum","Karnataka"
"Yalgi","585253","Gulbarga","Shorapur","Karnataka"
"Yalivigi","581160","Dharwar","Dharwar","Karnataka"
"Yallur","591146","Belgaum","Belgaum","Karnataka"
"Yalwar","586164","Bijapur","Basavana Bagevadi","Karnataka"
"Yamakanmardi","591245","Belgaum","Belgaum","Karnataka"
"Yankanchi","586144","Bijapur","Badami","Karnataka"
"Yantrapura","577602","Chitradurga","Chitradurga","Karnataka"
"Yard Davangere","577003","Chitradurga","Chitradurga","Karnataka"
"Yargal","586158","Bijapur","Sindgi","Karnataka"
"Yargatti","591129","Belgaum","Belgaum","Karnataka"
"Yarguppi","580215","Dharwar","Dharwar","Karnataka"
"Yavgal","582216","Dharwar","Dharwar","Karnataka"
"Yebaratti","591516","Belgaum","Belgaum","Karnataka"
"Yedakola","571335","Mysore","Mysore","Karnataka"
"Yedavanne","572162","Tumkur","Tumkur","Karnataka"
"Yediyur","560082","Bangalore","Bangalore","Karnataka"
"Yediyur","572142","Tumkur","Kunigal","Karnataka"
"Yedrami","585325","Gulbarga","Jevargi","Karnataka"
"Yedthara","576214","Dak. Kannada","Mangalore","Karnataka"
"Yedthari","576214","Dak. Kannada","Mangalore","Karnataka"
"Yedur","591512","Belgaum","Belgaum","Karnataka"
"Yedur","577246","Shimoga","Somvarpet","Karnataka"
"Yegol","585248","Gulbarga","Gulbarga","Karnataka"
"Yeilambalase","577560","Chitradurga","Chitradurga","Karnataka"
"Yekkambi","581358","Uttar Kannada","Karwar","Karnataka"
"Yelabanka","560064","Bangalore","Bangalore","Karnataka"
"Yelachenahalli","560078","Bangalore","Bangalore","Karnataka"
"Yelahanka","560063","Bangalore","Yelahanka","Karnataka"
"Yelahanka Bazar","560064","Bangalore","Bangalore","Karnataka"
"Yelahanka Satellite Town","560064","Bangalore","Bangalore","Karnataka"
"Yelanadu","572160","Tumkur","Hiriyur","Karnataka"
"Yelanadu","572232","Tumkur","Tumkur","Karnataka"
"Yelandur","571441","Mysore","Yelandur","Karnataka"
"Yelasingi","585271","Gulbarga","Gulbarga","Karnataka"
"Yelbruga","583236","Raichur","Raichur","Karnataka"
"Yeldur","563138","Kolar","Srinivaspur","Karnataka"
"Yelgach","581137","Dharwar","Dharwar","Karnataka"
"Yelhar","585370","Gulbarga","Gulbarga","Karnataka"
"Yelimanoli","591343","Belgaum","Belgaum","Karnataka"
"Yeliwal","581219","Dharwar","Dharwar","Karnataka"
"Yeliyur","571474","Mandya","Channarayapatna","Karnataka"
"Yellamma Hills","591173","Belgaum","Belgaum","Karnataka"
"Yellapur","581359","Uttar Kannada","Yellapur","Karnataka"
"Yellapur Bazar","581359","Uttar Kannada","Karwar","Karnataka"
"Yellur","574132","Dak. Kannada","Mangalore","Karnataka"
"Yelsur","573137","Hassan","Hassan","Karnataka"
"Yelwal","571130","Mysore","Mysore","Karnataka"
"Yenugadale","563156","Kolar","Kolar","Karnataka"
"Yeraballi","577545","Chitradurga","Chitradurga","Karnataka"
"Yeragamballi","571497","Mandya","Yelandur","Karnataka"
"Yerdona","583273","Bellary","Bellary","Karnataka"
"Yerdona","584150","Raichur","Raichur","Karnataka"
"Yerebudihal","581162","Dharwar","Dharwar","Karnataka"
"Yergira","584133","Raichur","Raichur","Karnataka"
"Yeriyur","571496","Mandya","Gundlupet","Karnataka"
"Yerlapadi","574503","Dak. Kannada","Mangalore","Karnataka"
"Yermal","574119","Dak. Kannada","Mangalore","Karnataka"
"Yermaras","584134","Raichur","Raichur","Karnataka"
"Yermaras Camp","584135","Raichur","Raichur","Karnataka"
"Yeshwant Nagar","583124","Bellary","Bellary","Karnataka"
"Yeshwantpur","560022","Bangalore","Bangalore","Karnataka"
"Yeshwantpur Bazar","560022","Bangalore","Bangalore","Karnataka"
"Yevoor","585371","Gulbarga","Gulbarga","Karnataka"
"Abdulrahman Nagar","676305","Malapuram","Malapuram","Kerala"
"Abhayagiri","673517","Kozhikode","Kozhikode","Kerala"
"Achanambalam","676304","Malapuram","Malapuram","Kerala"
"Achanthuruthy","671351","Kasargode","Kasargode","Kerala"
"Achikanam","671531","Kasargode","Kasargode","Kerala"
"Achooranam","673575","Wayanad","Vythiri","Kerala"
"Adakathbail","671121","Kasargode","Kasargode","Kerala"
"Adakkaputhur","679503","Thrissur","Thrissur","Kerala"
"Adakkathodu","670674","Kannur","Cannanore (Kannur)","Kerala"
"Adat","680554","Thrissur","Thrissur","Kerala"
"Adayamon","695614","Trivandrum","Trivandrum","Kerala"
"Adichanallur","691573","Kollam","Kollam","Kerala"
"Adichipuzha","689711","Pathanamthitta","Pathanamthitta","Kerala"
"Adimaly","685561","Iduki","Iduki","Kerala"
"Adivaram","686582","Kottayam","Kottayam","Kerala"
"Adivaram Puthupadi","673586","Kozhikode","Kozhikode","Kerala"
"Adoormala","685590","Iduki","Iduki","Kerala"
"Adukkath","673508","Kozhikode","Kozhikode","Kerala"
"Adukom","686580","Kottayam","Kottayam","Kerala"
"Adumpankulam","689692","Pathanamthitta","Pathanamthitta","Kerala"
"Adur","671543","Kasargode","Kasargode","Kerala"
"Adur Kla","691523","Pathanamthitta","Pathanamthitta","Kerala"
"Aduthala","691579","Kollam","Kollam","Kerala"
"Agalad","680518","Thrissur","Thrissur","Kerala"
"Agali","678581","Palakkad","#N/A","Kerala"
"Agathi","682553","Ernakulam","Ernakulam","Kerala"
"Aimurikara","683544","Ernakulam","Ernakulam","Kerala"
"Airapuram","683541","Ernakulam","Ernakulam","Kerala"
"Airoor","683579","Ernakulam","Ernakulam","Kerala"
"Ajanur","671531","Kasargode","Hosdurg","Kerala"
"Akalur","679302","Thrissur","Thrissur","Kerala"
"Akamkudi","690513","Alappuzha","Alappuzha","Kerala"
"Akathiyoor Edso","680503","Thrissur","Thrissur","Kerala"
"Akkal","673513","Kozhikode","Kozhikode","Kerala"
"Akkal","691510","Kollam","Kollam","Kerala"
"Akkaparamba","673641","Malapuram","Malapuram","Kerala"
"Akkarapadam","686143","Kottayam","Kottayam","Kerala"
"Akkikavu","680519","Thrissur","Thrissur","Kerala"
"Ala","689126","Alappuzha","Alappuzha","Kerala"
"Alacherry","670650","Kannur","Cannanore (Kannur)","Kerala"
"Alagappa Nagar","680302","Thrissur","Thrissur","Kerala"
"Alakode","670571","Kannur","#N/A","Kerala"
"Alakode","685588","Iduki","Taliparamba","Kerala"
"Alakode Kuttaramba","670571","Kannur","Cannanore (Kannur)","Kerala"
"Alamcode","695102","Trivandrum","#N/A","Kerala"
"Alampadi","671123","Kasargode","Kasargode","Kerala"
"Alamthuruthi","689113","Pathanamthitta","Pathanamthitta","Kerala"
"Alanad","686651","Kottayam","Kottayam","Kerala"
"Alanallur","678601","Thrissur","Thrissur","Kerala"
"Alangad","683511","Ernakulam","Ernakulam","Kerala"
"Alangad Edso","678637","Thrissur","Thrissur","Kerala"
"Alankode","679585","Thrissur","Thrissur","Kerala"
"Alapad","680641","Thrissur","Thrissur","Kerala"
"Alappuzha","688001","Alappuzha","Alappuzha","Kerala"
"Alappuzha Bazar","688012","Alappuzha","Alleppey","Kerala"
"Alappuzha Iron Bridge","688011","Alappuzha","Alleppey","Kerala"
"Alappuzha Medical College","688005","Alappuzha","Alleppey","Kerala"
"Alappuzha North","688007","Alappuzha","Alleppey","Kerala"
"Alapra","686544","Kottayam","Kottayam","Kerala"
"Alathiyur","676102","Malapuram","Malapuram","Kerala"
"Alathur Mbr","678541","Palakkad","Palghat","Kerala"
"Alathur Trichur","680741","Thrissur","Thrissur","Kerala"
"Alattil","683544","Ernakulam","Ernakulam","Kerala"
"Alayamon Edso","691320","Pathanamthitta","Pathanamthitta","Kerala"
"Alinera","695581","Trivandrum","Trivandrum","Kerala"
"Aliparamba","679357","Malapuram","Perinthalmanna","Kerala"
"Aliyadu","695607","Trivandrum","Trivandrum","Kerala"
"Aliyur","673309","Kozhikode","Kozhikode","Kerala"
"Allapra Edso","683553","Ernakulam","Ernakulam","Kerala"
"Alli","673602","Kozhikode","Kozhikode","Kerala"
"Alpara","685602","Iduki","Iduki","Kerala"
"Altharamoodu","695102","Trivandrum","Trivandrum","Kerala"
"Alumkadavu","690573","Kollam","Kollam","Kerala"
"Alummoodu","691577","Kollam","Kollam","Kerala"
"Alumpeedika Edso","690547","Kollam","Kollam","Kerala"
"Alur.","680683","Thrissur","Thrissur","Kerala"
"Alurmattom Edso","680603","Thrissur","Thrissur","Kerala"
"Aluva","683101","Ernakulam","Aluva","Kerala"
"Aluva North","683103","Ernakulam","Ernakulam","Kerala"
"Amachal","695572","Trivandrum","Trivandrum","Kerala"
"Amalagiri Edso","686036","Kottayam","Kottayam","Kerala"
"Amalanagar.","680553","Thrissur","Thrissur","Kerala"
"Amanakara.","686576","Kottayam","Kottayam","Kerala"
"Amara.","686546","Kottayam","Kottayam","Kerala"
"Amarakuni","673579","Wayanad","Wayanad","Kerala"
"Amarambalam","679332","Malapuram","Nilambur","Kerala"
"Amarambalam South","679339","Malapuram","Malapuram","Kerala"
"Amaravathy","685509","Iduki","Iduki","Kerala"
"Amaravila","695122","Trivandrum","Trivandrum","Kerala"
"Amayannur Edso","686025","Kottayam","Kottayam","Kerala"
"Amayur Edso","679310","Thrissur","Thrissur","Kerala"
"Amayur Mlp","676123","Malapuram","Malapuram","Kerala"
"Ambalakadavu","676525","Malapuram","Malapuram","Kerala"
"Ambalakara","691532","Kollam","Kollam","Kerala"
"Ambalamedu","682303","Ernakulam","Ernakulam","Kerala"
"Ambalamukal","682302","Ernakulam","Ernakulam","Kerala"
"Ambalapara Tcr","680723","Thrissur","Thrissur","Kerala"
"Ambalapuzha","688561","Alappuzha","Alappuzha","Kerala"
"Ambalathumkala","691505","Kollam","Kollam","Kerala"
"Ambalathumkala","695572","Trivandrum","Trivandrum","Kerala"
"Ambalavattom","679501","Thrissur","Thrissur","Kerala"
"Ambalavayal","673593","Kozhikode","Kozhikode","Kerala"
"Amballoor","682315","Ernakulam","Ernakulam","Kerala"
"Ambaluthumbhagom","690502","Alappuzha","Alappuzha","Kerala"
"Ambayathode","670674","Kannur","Cannanore (Kannur)","Kerala"
"Ambika Market","686144","Kottayam","Kottayam","Kerala"
"Ambikapuram","678011","Thrissur","Thrissur","Kerala"
"Ambipoika","691501","Kollam","Kollam","Kerala"
"Amboori Edso","695505","Trivandrum","Trivandrum","Kerala"
"Amichakari","689571","Alappuzha","Alappuzha","Kerala"
"Amini","682552","Ernakulam","Ernakulam","Kerala"
"Ammadam","680563","Thrissur","Thrissur","Kerala"
"Ammeri","671322","Kasargode","Kasargode","Kerala"
"Amminikkad","679322","Malapuram","Malapuram","Kerala"
"Amparanirapel","678578","Thrissur","Thrissur","Kerala"
"Anad Edso","695544","Trivandrum","Trivandrum","Kerala"
"Anakallu","671323","Kasargode","Kasargode","Kerala"
"Anakallu","671323","Kasargode","Kasargode","Kerala"
"Anakampoyil","673603","Wayanad","Wayanad","Kerala"
"Anakkal","686507","Kottayam","Kottayam","Kerala"
"Anakkal Malampuzha","678651","Thrissur","Thrissur","Kerala"
"Anakkara","679551","Thrissur","Thrissur","Kerala"
"Anakkara Edso","685512","Iduki","Iduki","Kerala"
"Anakkayam","676509","Malapuram","Malapuram","Kerala"
"Anakottoor","691505","Kollam","Kollam","Kerala"
"Anakudi","695606","Trivandrum","Trivandrum","Kerala"
"Anakulam","685565","Iduki","Iduki","Kerala"
"Anakulam Channapetta","691311","Kollam","Kollam","Kerala"
"Anamangad","679357","Malapuram","#N/A","Kerala"
"Anamari","678506","Thrissur","Thrissur","Kerala"
"Anandasrama","671531","Kasargode","Kasargode","Kerala"
"Anandhapalli Edso","691523","Kollam","Kollam","Kerala"
"Anandhapuram Edso","680323","Thrissur","Thrissur","Kerala"
"Anantavur","676301","Malapuram","Malapuram","Kerala"
"Anaparambal Edso","689576","Alappuzha","Alappuzha","Kerala"
"Anapettakongal","691307","Kollam","Kollam","Kerala"
"Anappara","695551","Trivandrum","Trivandrum","Kerala"
"Anappara Kaladi","683581","Ernakulam","Ernakulam","Kerala"
"Anapparambal North Edso","689577","Alappuzha","Alappuzha","Kerala"
"Anapuzha","680667","Thrissur","Thrissur","Kerala"
"Anathalavattom","695306","Kollam","Kollam","Kerala"
"Anaveratty","685561","Iduki","Iduki","Kerala"
"Anavilasam","685535","Iduki","Iduki","Kerala"
"Anavoor","695124","Trivandrum","Neyyattinkara","Kerala"
"Anayadi","690522","Pathanamthitta","Pathanamthitta","Kerala"
"Anayara","695029","Trivandrum","Trivandrum","Kerala"
"Anayirankal","685613","Iduki","Iduki","Kerala"
"Anbalathinparappu","691508","Kollam","Kollam","Kerala"
"Anchachavadi","676525","Malapuram","Malapuram","Kerala"
"Anchal","691306","Kollam","Kollam","Kerala"
"Anchalpetty","686667","Ernakulam","Ernakulam","Kerala"
"Anchampeedika","670331","Kannur","Cannanore (Kannur)","Kerala"
"Ancheri","680006","Thrissur","Thrissur","Kerala"
"Anchiri","685585","Iduki","Iduki","Kerala"
"Andathode","679564","Thrissur","Thrissur","Kerala"
"Andhakaranazhi","688531","Alappuzha","Alappuzha","Kerala"
"Andikadavu.","682008","Ernakulam","Ernakulam","Kerala"
"Andiyoorkunnu.","673637","Malapuram","Malapuram","Kerala"
"Andoor","691532","Kollam","Kollam","Kerala"
"Andoorkonam","695584","Trivandrum","Thiruvananthapuram","Kerala"
"Androth","682551","Ernakulam","Ernakulam","Kerala"
"Angadi","679552","Thrissur","Thrissur","Kerala"
"Angadi","689674","Pathanamthitta","#N/A","Kerala"
"Angadical Chengannur","689122","Alappuzha","Alleppey","Kerala"
"Angadical North","689648","Pathanamthitta","Pathanamthitta","Kerala"
"Angadical South Edso","691555","Pathanamthitta","Pathanamthitta","Kerala"
"Angadikadavu","670706","Kannur","Cannanore (Kannur)","Kerala"
"Angadimogaru","671321","Kasargode","Kasaragod","Kerala"
"Angadipuram","679321","Malapuram","Malapuram","Kerala"
"Angamally","683572","Ernakulam","Ernakulam","Kerala"
"Angamally South","683573","Ernakulam","Ernakulam","Kerala"
"Angamoozhi Edso","689645","Pathanamthitta","Pathanamthitta","Kerala"
"Anickad","686503","Kottayam","Kottayam","Kerala"
"Anickad East","686503","Kottayam","Kottayam","Kerala"
"Anickad Mallappally Edso","689585","Alappuzha","Alappuzha","Kerala"
"Anickad West","686503","Kottayam","Kottayam","Kerala"
"Aniyaram","670672","Kannur","Cannanore (Kannur)","Kerala"
"Anjapura","676303","Malapuram","Malapuram","Kerala"
"Anjarakandy","670612","Kannur","Cannanore (Kannur)","Kerala"
"Anjengo","695309","Trivandrum","Trivandrum","Kerala"
"Anjilithanam Edso","689582","Pathanamthitta","Pathanamthitta","Kerala"
"Anjoor Kunnamkulam","680523","Thrissur","Thrissur","Kerala"
"Anjoottimangalam","686579","Kottayam","Kottayam","Kerala"
"Anjukunnu","670645","Wayanad","Wayanad","Kerala"
"Anjumoorthy","678682","Thrissur","Thrissur","Kerala"
"Anjur Mundur Edso","680549","Thrissur","Thrissur","Kerala"
"Annakara","680508","Thrissur","Thrissur","Kerala"
"Annallur","680307","Thrissur","Thrissur","Kerala"
"Annamanada","680741","Thrissur","Thrissur","Kerala"
"Annanad Edso","680324","Thrissur","Thrissur","Kerala"
"Annasseri","673317","Kozhikode","Kozhikode","Kerala"
"Anniyartholu","685515","Iduki","Iduki","Kerala"
"Annur Edso","670332","Kannur","Cannanore (Kannur)","Kerala"
"Anthikad","680641","Thrissur","Thrissur","Kerala"
"Anthinad","686651","Kottayam","Kottayam","Kerala"
"Anthiyalankavu","689649","Pathanamthitta","Pathanamthitta","Kerala"
"Arabi","670705","Kannur","Cannanore (Kannur)","Kerala"
"Arakkinar","673028","Kozhikode","Kozhikode","Kerala"
"Arakkuparamba","679322","Malapuram","Perinthalmanna","Kerala"
"Arakulam","685591","Iduki","Iduki","Kerala"
"Arakunnam","682313","Ernakulam","Ernakulam","Kerala"
"Arakuzha","686672","Ernakulam","#N/A","Kerala"
"Aralam","670704","Kannur","Thalassery","Kerala"
"Aralam Farm","670673","Kannur","Cannanore (Kannur)","Kerala"
"Aralummoodu","695123","Trivandrum","Trivandrum","Kerala"
"Aramada","695032","Trivandrum","Trivandrum","Kerala"
"Arambattukunnu","673575","Wayanad","Wayanad","Kerala"
"Aranattukara","680618","Thrissur","Thrissur","Kerala"
"Arang","670582","Kannur","Cannanore (Kannur)","Kerala"
"Arangottukara Edso","680593","Thrissur","Thrissur","Kerala"
"Aranmula","689533","Pathanamthitta","#N/A","Kerala"
"Arattupuzha","690515","Alappuzha","Alappuzha","Kerala"
"Arattupuzha Chengannur","689123","Alappuzha","Pathanamthitta","Kerala"
"Arattupuzha North","690515","Alappuzha","Alappuzha","Kerala"
"Arattupuzha Urakom","680562","Thrissur","Thrissur","Kerala"
"Arattuthara","670645","Wayanad","Wayanad","Kerala"
"Aravanchal","670307","Kannur","Cannanore (Kannur)","Kerala"
"Arayur","695122","Trivandrum","Trivandrum","Kerala"
"Areacode","673639","Malapuram","Malapuram","Kerala"
"Areekamala","670582","Kannur","Cannanore (Kannur)","Kerala"
"Areekara","689505","Alappuzha","Alappuzha","Kerala"
"Areeparambu Edso","686501","Kottayam","Kottayam","Kerala"
"Areeplachy","691333","Kollam","Kollam","Kerala"
"Arikulam Edso","673322","Kozhikode","Kozhikode","Kerala"
"Arikuzha","685584","Iduki","Iduki","Kerala"
"Aril","670143","Kannur","Cannanore (Kannur)","Kerala"
"Arimanal","676525","Malapuram","Malapuram","Kerala"
"Arimbra","673638","Malapuram","Malapuram","Kerala"
"Arimpur","680620","Thrissur","Thrissur","Kerala"
"Arinallur","690538","Kollam","Kollam","Kerala"
"Arinallur South","690538","Kollam","Kollam","Kerala"
"Arinjerumal","670721","Wayanad","Wayanad","Kerala"
"Aripalam","680688","Thrissur","Thrissur","Kerala"
"Aripra","679321","Malapuram","Malapuram","Kerala"
"Arivilanjapoil","670571","Kannur","Cannanore (Kannur)","Kerala"
"Ariyallur Mbr","676312","Malapuram","Malapuram","Kerala"
"Ariyapady","671551","Kasargode","Kasargode","Kerala"
"Ariyur","678583","Thrissur","Thrissur","Kerala"
"Arkannur","691533","Pathanamthitta","Pathanamthitta","Kerala"
"Arnakal","685533","Iduki","Iduki","Kerala"
"Arnoorttimangalam","690102","Kollam","Kollam","Kerala"
"Aroli Edso","670566","Kannur","Cannanore (Kannur)","Kerala"
"Arookutty","688535","Alappuzha","Arookutty","Kerala"
"Aroor","688534","Alappuzha","Aroor","Kerala"
"Arpookaara East","686008","Kottayam","Kottayam","Kerala"
"Arpookara","686008","Kottayam","Kottayam","Kerala"
"Arthat","680521","Thrissur","Thrissur","Kerala"
"Arthinkal","688530","Alappuzha","Alappuzha","Kerala"
"Arumanur Edso","686568","Kottayam","Kottayam","Kerala"
"Arunapuram","686574","Kottayam","Kottayam","Kerala"
"Arunoottimangalam","686604","Kottayam","Kottayam","Kerala"
"Arur","673507","Kannur","Cannanore (Kannur)","Kerala"
"Aruvappara","683545","Ernakulam","Ernakulam","Kerala"
"Aruvappulam","689691","Pathanamthitta","Kozhenchery","Kerala"
"Aruvikara","695564","Trivandrum","Trivandrum","Kerala"
"Aruvikuzhi","686503","Kottayam","Kottayam","Kerala"
"Aruvipuram","695126","Trivandrum","Trivandrum","Kerala"
"Aruvithura","686122","Kottayam","Kottayam","Kerala"
"Aruvulanchal","685619","Iduki","Iduki","Kerala"
"Aruyannur","680102","Thrissur","Thrissur","Kerala"
"Aryad North Edso","688542","Alappuzha","Alappuzha","Kerala"
"Aryanad","695542","Trivandrum","#N/A","Kerala"
"Aryancave Edso","691316","Kollam","Kollam","Kerala"
"Asamannur","683549","Ernakulam","Ernakulam","Kerala"
"Asarikad","680751","Thrissur","Thrissur","Kerala"
"Ashtamichira","680731","Thrissur","Thrissur","Kerala"
"Ashtamudi","691602","Kollam","Kollam","Kerala"
"Asramom","691002","Kollam","Kollam","Kerala"
"Atakkathode","670674","Kannur","Cannanore (Kannur)","Kerala"
"Athaloor","679573","Thrissur","Thrissur","Kerala"
"Athani","683585","Ernakulam","Ernakulam","Kerala"
"Athani Trichur Edso","680771","Thrissur","Thrissur","Kerala"
"Athavanad Edso","676310","Malapuram","Malapuram","Kerala"
"Athicode","678554","Thrissur","Thrissur","Kerala"
"Athikattukulangara","690504","Alappuzha","Alappuzha","Kerala"
"Athinad North","690542","Kollam","Kollam","Kerala"
"Athipotta","678544","Thrissur","Thrissur","Kerala"
"Athirampuzha","686562","Kottayam","#N/A","Kerala"
"Athirattukunnu","673596","Wayanad","Wayanad","Kerala"
"Athiyodi","673527","Kozhikode","Kozhikode","Kerala"
"Atholi","673315","Kozhikode","Kozhikode","Kerala"
"Athrisseri","676106","Malapuram","Malapuram","Kerala"
"Attachakkal","689692","Pathanamthitta","Pathanamthitta","Kerala"
"Attappallam","685509","Iduki","Iduki","Kerala"
"Attasseri","679513","Thrissur","Thrissur","Kerala"
"Attempathy","678556","Thrissur","Thrissur","Kerala"
"Attenganam","671531","Kasargode","Kasargode","Kerala"
"Attingal","695101","Trivandrum","Attingal","Kerala"
"Atttadappa","670006","Kannur","Cannanore (Kannur)","Kerala"
"Attur","680592","Thrissur","Thrissur","Kerala"
"Avadukka","673528","Kozhikode","Kozhikode","Kerala"
"Avala","673524","Kozhikode","Kozhikode","Kerala"
"Avalookunnu","688006","Alappuzha","Alappuzha","Kerala"
"Avanavancherry","695103","Trivandrum","Trivandrum","Kerala"
"Avaneeswaram","691508","Kollam","Kollam","Kerala"
"Avaneeswaram R.S Edso","691517","Kollam","Kollam","Kerala"
"Avanur Edso","680547","Thrissur","Thrissur","Kerala"
"Avilora","673572","Kozhikode","Kozhikode","Kerala"
"Avinisseri","680313","Thrissur","Thrissur","Kerala"
"Avitanallur Edso","673618","Kozhikode","Kozhikode","Kerala"
"Avittathur","680683","Thrissur","Thrissur","Kerala"
"Avoli Edso","686667","Ernakulam","Ernakulam","Kerala"
"Ayakkad","678683","Thrissur","Thrissur","Kerala"
"Ayalur","678510","Thrissur","Thrissur","Kerala"
"Ayamkudi","686613","Kottayam","Kottayam","Kerala"
"Ayancheri Edso","673544","Kozhikode","Kozhikode","Kerala"
"Ayankalam","679594","Malapuram","Malapuram","Kerala"
"Ayaparambu","690517","Alappuzha","Alappuzha","Kerala"
"Ayarkunnam","686564","Kottayam","#N/A","Kerala"
"Ayathil Edso","691017","Kollam","Kollam","Kerala"
"Ayavana","686676","Ernakulam","Ernakulam","Kerala"
"Ayikarapadi","673637","Malapuram","Malapuram","Kerala"
"Ayilakkad","679576","Malapuram","Malapuram","Kerala"
"Ayilam","695103","Trivandrum","Trivandrum","Kerala"
"Ayilara","691312","Kollam","Kollam","Kerala"
"Ayinikkad","673521","Kozhikode","Kozhikode","Kerala"
"Ayira","695502","Trivandrum","Trivandrum","Kerala"
"Ayirakuzhi","691559","Kollam","Kollam","Kerala"
"Ayiranallur","691307","Kollam","Kollam","Kerala"
"Ayiranikudi Edso","689515","Alappuzha","Alappuzha","Kerala"
"Ayiranimuttom","695009","Trivandrum","Trivandrum","Kerala"
"Ayirur","679580","Malapuram","Malapuram","Kerala"
"Ayithara Mambram","670643","Kannur","Cannanore (Kannur)","Kerala"
"Aymanam","686015","Kottayam","Kottayam","Kerala"
"Ayravan","689691","Pathanamthitta","Pathanamthitta","Kerala"
"Ayrooppadam","686692","Ernakulam","Ernakulam","Kerala"
"Ayroor North","689612","Pathanamthitta","Pathanamthitta","Kerala"
"Ayroor South","689611","Pathanamthitta","Pathanamthitta","Kerala"
"Ayroor Varkala","695310","Trivandrum","Trivandrum","Kerala"
"Ayur","691533","Pathanamthitta","Pathanamthitta","Kerala"
"Ayyampilly","682501","Ernakulam","Ernakulam","Kerala"
"Ayyampuzha","683581","Ernakulam","Aluva","Kerala"
"Ayyanthole","680003","Thrissur","Thrissur","Kerala"
"Ayyappancoil","685507","Iduki","#N/A","Kerala"
"Ayyappankavu","680751","Thrissur","Thrissur","Kerala"
"Azhakam","683577","Ernakulam","Ernakulam","Kerala"
"Azheekalthura","690547","Kollam","Kollam","Kerala"
"Azhikkal","670009","Kannur","Cannanore (Kannur)","Kerala"
"Azhikkal","682510","Ernakulam","Ernakulam","Kerala"
"Azhikode Jetty","680666","Thrissur","Thrissur","Kerala"
"Azhikode South","670009","Kannur","Azhikode South","Kerala"
"Azhikode Trichur Edso","680673","Thrissur","Thrissur","Kerala"
"Azhinilam","673654","Kozhikode","Kozhikode","Kerala"
"Azhiyannur","678633","Thrissur","Thrissur","Kerala"
"Azhiyidathuchira","689113","Pathanamthitta","Pathanamthitta","Kerala"
"Azhur Market","695305","Trivandrum","Trivandrum","Kerala"
"Badaje","695323","Trivandrum","Kasaragod","Kerala"
"Badradka","671124","Kasargode","Kasargode","Kerala"
"Badur","671321","Kasargode","Kasargode","Kerala"
"Bakur","671322","Kasargode","Kasargode","Kerala"
"Balagram","685552","Iduki","Iduki","Kerala"
"Balal","671533","Kasargode","Hosdurg","Kerala"
"Balanthode","671532","Kasargode","Kasargode","Kerala"
"Balaramapuram","695501","Trivandrum","Trivandrum","Kerala"
"Balemoola","671552","Kasargode","Kasargode","Kerala"
"Balla","671531","Kasargode","Kasargode","Kerala"
"Balusseri","673612","Kozhikode","Kozhikode","Kerala"
"Bandadka","671541","Kasargode","Kasaragod","Kerala"
"Banerji Road","682011","Ernakulam","Ernakulam","Kerala"
"Bangalam","671314","Kasargode","Kasargode","Kerala"
"Bavali","670646","Wayanad","Wayanad","Kerala"
"Bavode.","670622","Kannur","Cannanore (Kannur)","Kerala"
"Bayar.","671322","Kasargode","Kasargode","Kerala"
"Bedadka","671541","Kasargode","Kasaragod","Kerala"
"Beenachi","673592","Wayanad","Wayanad","Kerala"
"Bekal","671318","Kasargode","Kasargode","Kerala"
"Bela","671321","Kasargode","Kasaragod","Kerala"
"Belluru","671543","Kasargode","Kasargode","Kerala"
"Beripadavu","671322","Kasargode","Kasargode","Kerala"
"Bethel","685510","Iduki","Iduki","Kerala"
"Bettathu Pudiyangadi","676102","Malapuram","Malapuram","Kerala"
"Beypore","673015","Kozhikode","Beypore","Kerala"
"Beypore North","673015","Kozhikode","Kozhikode","Kerala"
"Bhagavathinada","695501","Trivandrum","Trivandrum","Kerala"
"Bhakthanadapuram","682308","Ernakulam","Ernakulam","Kerala"
"Bharanaganam","686578","Kottayam","Kottayam","Kerala"
"Bharanicavu Edso","690541","Alappuzha","Alappuzha","Kerala"
"Bharatha Matha College","682021","Ernakulam","Ernakulam","Kerala"
"Bharathannur","695616","Trivandrum","Trivandrum","Kerala"
"Bharatheepuram Edso","691330","Pathanamthitta","Pathanamthitta","Kerala"
"Bheemanady","671314","Kasargode","Hosdurg","Kerala"
"Bhimanad","678601","Thrissur","Thrissur","Kerala"
"Bhoodan Colony","679334","Malapuram","Malapuram","Kerala"
"Bhoomivathukkal","673517","Kozhikode","Kozhikode","Kerala"
"Bhoothakulam","691302","Kollam","Kollam","Kerala"
"Bhoothathankettu","686691","Ernakulam","Ernakulam","Kerala"
"Bhudhanoor","689510","Alappuzha","Alappuzha","Kerala"
"Bibleland","673575","Wayanad","Wayanad","Kerala"
"Binanipuram","683502","Ernakulam","Ernakulam","Kerala"
"Bison Valley","685565","Iduki","Iduki","Kerala"
"Bitra","682555","Ernakulam","Ernakulam","Kerala"
"Biyyam Edso","679589","Malapuram","Malapuram","Kerala"
"Blangad","680506","Thrissur","Thrissur","Kerala"
"Bombrana","671321","Kasargode","Kasaragod","Kerala"
"Bonaccord Edso","695551","Trivandrum","Trivandrum","Kerala"
"Brahmakulam","680104","Thrissur","Brahmakulam","Kerala"
"Brahmapuram","682303","Ernakulam","Ernakulam","Kerala"
"Burnacherry","670013","Kannur","Cannanore (Kannur)","Kerala"
"Calicut","673001","Kozhikode","Kozhikode","Kerala"
"Calicut Art & Science College","673018","Kozhikode","Kozhikode","Kerala"
"Calicut Beach","673032","Kozhikode","Kozhikode","Kerala"
"Calicut Civil Station","673020","Kozhikode","Kozhikode","Kerala"
"Calicut Medical College","673008","Kozhikode","Kozhikode","Kerala"
"Calicut Reg Engg College","673601","Kozhikode","Kozhikode","Kerala"
"Calicut University","673635","Kozhikode","Kozhikode","Kerala"
"Calvary Mount","685515","Iduki","Iduki","Kerala"
"Chadalath","673592","Wayanad","Wayanad","Kerala"
"Chadayamangalam","691534","Kollam","Kollam","Kerala"
"Chaikottukonam","695122","Trivandrum","Trivandrum","Kerala"
"Chakampuzha","686574","Kottayam","Kottayam","Kerala"
"Chakkarapadam","680686","Thrissur","Thrissur","Kerala"
"Chakkittapara","673526","Kozhikode","Kozhikode","Kerala"
"Chakkumkandam","680522","Thrissur","Thrissur","Kerala"
"Chakkuppallam","685509","Iduki","Iduki","Kerala"
"Chakkuvarakkal","691508","Kollam","Kollam","Kerala"
"Chakompathai","686517","Kottayam","Kottayam","Kerala"
"Chala East","670621","Kannur","Cannanore (Kannur)","Kerala"
"Chalad","670014","Kannur","Cannanore (Kannur)","Kerala"
"Chalakkod","670307","Kannur","Cannanore (Kannur)","Kerala"
"Chalakudi","680307","Thrissur","Thrissur","Kerala"
"Chalapally","689586","Pathanamthitta","Pathanamthitta","Kerala"
"Chalapuram","673002","Kozhikode","Kozhikode","Kerala"
"Chalavara","679505","Thrissur","Thrissur","Kerala"
"Chalingad","680681","Thrissur","Thrissur","Kerala"
"Chalisseri","679536","Thrissur","Thrissur","Kerala"
"Chaliyam","673301","Kozhikode","Kozhikode","Kerala"
"Chaliyattiri","679535","Thrissur","Thrissur","Kerala"
"Chamakala","686603","Kottayam","Kottayam","Kerala"
"Chamakkala","680687","Thrissur","Thrissur","Kerala"
"Chammannur","679633","Malapuram","Malapuram","Kerala"
"Chamnad","671320","Kasargode","Kasargode","Kerala"
"Champad","670694","Kannur","Cannanore (Kannur)","Kerala"
"Champakara","686540","Kottayam","Kottayam","Kerala"
"Champakulam","688505","Alappuzha","Alappuzha","Kerala"
"Chamundikunnu","671532","Kasargode","Kasargode","Kerala"
"Chandakunnu Edso","679342","Malapuram","Malapuram","Kerala"
"Chandanakampara","670633","Kannur","Cannanore (Kannur)","Kerala"
"Chandanapally Edso","689648","Pathanamthitta","Pathanamthitta","Kerala"
"Chandanathope","691014","Kollam","Kollam","Kerala"
"Chandiroor Edso","688547","Alappuzha","Alappuzha","Kerala"
"Chandragiri Edso","671317","Kasargode","Kasargode","Kerala"
"Chathannur","691572","Kollam","Kollam","Kerala"
"Chathannur Edso","679537","Thrissur","Thrissur","Kerala"
"Chathanthara","686510","Kottayam","Kottayam","Kerala"
"Chathurangapara","685554","Iduki","Udumbanchola","Kerala"
"Chathurthiakary Edso","688511","Alappuzha","Alappuzha","Kerala"
"Chattamannar","685614","Iduki","Iduki","Kerala"
"Chattikulam","680721","Thrissur","Thrissur","Kerala"
"Chattiparamba","676504","Malapuram","Malapuram","Kerala"
"Chattuvapara","670592","Kannur","Cannanore (Kannur)","Kerala"
"Chavadiyoor","678581","Thrissur","Thrissur","Kerala"
"Chavakkad","680506","Thrissur","Chavakkad","Kerala"
"Chavara","691583","Kollam","Kollam","Kerala"
"Chavara South","691584","Kollam","Kollam","Kerala"
"Chavasseri","670702","Kannur","Cannanore (Kannur)","Kerala"
"Chayalode","691556","Pathanamthitta","Pathanamthitta","Kerala"
"Chayippankuzhi","680721","Thrissur","Thrissur","Kerala"
"Chayoth","671314","Kasargode","Kasargode","Kerala"
"Chazhur","680571","Thrissur","Thrissur","Kerala"
"Cheekilode","673315","Kozhikode","Kozhikode","Kerala"
"Cheekunnummal Edso","673511","Kozhikode","Kozhikode","Kerala"
"Cheekunnummal West","673507","Kannur","Cannanore (Kannur)","Kerala"
"Cheengeri","673593","Kozhikode","Kozhikode","Kerala"
"Cheenikuzhi","685581","Iduki","Iduki","Kerala"
"Cheenthalar","685502","Iduki","Iduki","Kerala"
"Cheepunkal","685563","Iduki","Iduki","Kerala"
"Cheeral","673595","Wayanad","#N/A","Kerala"
"Cheeranchira Ind. Nagar","686106","Kottayam","Kottayam","Kerala"
"Cheeranikara","695615","Trivandrum","Trivandrum","Kerala"
"Cheeyambalam","673579","Wayanad","Wayanad","Kerala"
"Cheikkod","673640","Malapuram","Malapuram","Kerala"
"Chekkakonam","695564","Trivandrum","Trivandrum","Kerala"
"Chekkiad","673509","Kozhikode","Kozhikode","Kerala"
"Chekkidikad","689573","Alappuzha","Alappuzha","Kerala"
"Chekkikulam","670592","Kannur","Cannanore (Kannur)","Kerala"
"Chelachuvadu","685602","Iduki","Iduki","Kerala"
"Chelacombu","686540","Kottayam","Kottayam","Kerala"
"Chelad Jn. Edso","686681","Ernakulam","Ernakulam","Kerala"
"Chelakara","680586","Thrissur","Thrissur","Kerala"
"Chelakkad","673506","Kozhikode","Kozhikode","Kerala"
"Chelakkad","679323","Malapuram","Malapuram","Kerala"
"Chelakode","680587","Thrissur","Thrissur","Kerala"
"Chelambra","673634","Malapuram","#N/A","Kerala"
"Chelannur","673616","Kozhikode","Kozhikode","Kerala"
"Chelavur","673571","Kozhikode","Kozhikode","Kerala"
"Cheleri","670604","Kannur","Taliparamba","Kerala"
"Chelikuzhi","691556","Pathanamthitta","Pathanamthitta","Kerala"
"Cheliya","673306","Kozhikode","Kozhikode","Kerala"
"Chellakad","689677","Pathanamthitta","Pathanamthitta","Kerala"
"Chellanam","682008","Ernakulam","Ernakulam","Kerala"
"Chellancode","673581","Kozhikode","Kozhikode","Kerala"
"Chellarcoil","685509","Iduki","Iduki","Kerala"
"Chemancheri","673304","Kozhikode","Kozhikode","Kerala"
"Chembalam","685553","Iduki","Iduki","Kerala"
"Chembanaruvi","689696","Pathanamthitta","Pathanamthitta","Kerala"
"Chembarasseri","676521","Malapuram","Malapuram","Kerala"
"Chembra","679304","Thrissur","Thrissur","Kerala"
"Chembra Meppadi","673577","Wayanad","Wayanad","Kerala"
"Chembrakkottur","673639","Malapuram","Malapuram","Kerala"
"Chembrasseri East","679327","Malapuram","Malapuram","Kerala"
"Chembuchira","680684","Thrissur","Thrissur","Kerala"
"Chembukadavu","673580","Kozhikode","Kozhikode","Kerala"
"Chemmakkad","691603","Kollam","Kollam","Kerala"
"Chemmalamattom Edso","686529","Kottayam","Kottayam","Kerala"
"Chemmalasseri","679323","Malapuram","Malapuram","Kerala"
"Chemmanattukara","686606","Kottayam","Kottayam","Kerala"
"Chemmaniyod","679325","Malapuram","Malapuram","Kerala"
"Chemmannar","685554","Iduki","Iduki","Kerala"
"Chemmannar Kuthumkal","685566","Iduki","Iduki","Kerala"
"Chemmannur","680517","Thrissur","Thrissur","Kerala"
"Chemmanthara","680501","Thrissur","Thrissur","Kerala"
"Chemmaruthur","673104","Kozhikode","Kozhikode","Kerala"
"Chempakapara","685510","Iduki","Iduki","Kerala"
"Chempanthotty","670631","Kannur","Cannanore (Kannur)","Kerala"
"Chempazhanthi","695587","Trivandrum","Trivandrum","Kerala"
"Chemperi","670632","Kannur","Cannanore (Kannur)","Kerala"
"Chempilavu","686584","Kottayam","Kottayam","Kerala"
"Chempu Edso","686615","Kottayam","Kottayam","Kerala"
"Chempumpuram","688505","Alappuzha","Alappuzha","Kerala"
"Chemrakattur","673639","Malapuram","Malapuram","Kerala"
"Chenakkalanangadi","673636","Malapuram","Malapuram","Kerala"
"Chenapadi","686520","Kottayam","Kottayam","Kerala"
"Chendakki","678582","Thrissur","Thrissur","Kerala"
"Chendamangalam","683512","Ernakulam","Chendamangalam","Kerala"
"Chendamangalur","673602","Kozhikode","Kozhikode","Kerala"
"Chendayad","670692","Kannur","Cannanore (Kannur)","Kerala"
"Chengalam","686585","Kottayam","Kottayam","Kerala"
"Chengalam South","686022","Kottayam","#N/A","Kerala"
"Chengalayil","670631","Kannur","Cannanore (Kannur)","Kerala"
"Chengallur","680312","Thrissur","Thrissur","Kerala"
"Chengalthadam","689671","Pathanamthitta","Pathanamthitta","Kerala"
"Chengamanad","683578","Ernakulam","Chengamanad","Kerala"
"Chengamanad Jn","691557","Kollam","Kollam","Kerala"
"Chengannur","689121","Alappuzha","Chengannur","Kerala"
"Chengara","689664","Pathanamthitta","Pathanamthitta","Kerala"
"Chengaroor","689594","Pathanamthitta","Pathanamthitta","Kerala"
"Chengaroth","673528","Kozhikode","Kozhikode","Kerala"
"Chengavanam","686531","Kottayam","Kottayam","Kerala"
"Chengottur","676503","Malapuram","Malapuram","Kerala"
"Chenkal","695132","Trivandrum","Trivandrum","Kerala"
"Chenkara Edso","685539","Iduki","Iduki","Kerala"
"Chenkulam","691510","Kollam","Kollam","Kerala"
"Chennad","686581","Kottayam","Kottayam","Kerala"
"Chennalode","673121","Wayanad","Wayanad","Kerala"
"Chennamkary","688501","Alappuzha","Alappuzha","Kerala"
"Chennamkary East","688506","Alappuzha","Alappuzha","Kerala"
"Chennangad","678573","Thrissur","Thrissur","Kerala"
"Chennara","676561","Malapuram","Malapuram","Kerala"
"Chennayapara","680653","Thrissur","Thrissur","Kerala"
"Chenneerkara Edso","689517","Pathanamthitta","Pathanamthitta","Kerala"
"Chennithala","690105","Alappuzha","Alappuzha","Kerala"
"Chenoli","673525","Kozhikode","Kozhikode","Kerala"
"Chentrappinni","680687","Thrissur","Thrissur","Kerala"
"Chentrappinni East","680687","Thrissur","Thrissur","Kerala"
"Cheppara","691512","Kollam","Kollam","Kerala"
"Chepparapadava","670581","Kannur","Cannanore (Kannur)","Kerala"
"Cheppaud","690507","Alappuzha","Alappuzha","Kerala"
"Cheppukulam","685581","Iduki","Iduki","Kerala"
"Cherai","683514","Ernakulam","Ernakulam","Kerala"
"Cherakara","670104","Kannur","Cannanore (Kannur)","Kerala"
"Cherakara Wynad","670644","Kannur","Cannanore (Kannur)","Kerala"
"Cherakkaparamba","679321","Malapuram","Malapuram","Kerala"
"Cheramangalam","678703","Thrissur","Thrissur","Kerala"
"Cherambattakavu","679501","Thrissur","Thrissur","Kerala"
"Cheranalloor","683544","Ernakulam","Ernakulam","Kerala"
"Cheranallur","682034","Ernakulam","Cheranallur","Kerala"
"Cherandathur","673541","Kozhikode","Kozhikode","Kerala"
"Cherapuram","673512","Kozhikode","Kozhikode","Kerala"
"Cheraya Edso","678635","Thrissur","Thrissur","Kerala"
"Cheriakolla","695504","Trivandrum","Trivandrum","Kerala"
"Cherianad","689511","Alappuzha","Alappuzha","Kerala"
"Cherikode","670631","Kannur","Cannanore (Kannur)","Kerala"
"Cheriya Velinallur","691510","Kollam","Kollam","Kerala"
"Cheriyakonni","695013","Trivandrum","Trivandrum","Kerala"
"Cheriyamundam Edso","676111","Malapuram","Malapuram","Kerala"
"Cheriyazheekal","690573","Kollam","Kollam","Kerala"
"Cherooppa","673661","Kozhikode","Kozhikode","Kerala"
"Cheroor","671123","Kasargode","Kasargode","Kerala"
"Cherottur","679521","Thrissur","Thrissur","Kerala"
"Cherpalcheri","679503","Thrissur","Thrissur","Kerala"
"Cherpu","680561","Thrissur","Thrissur","Kerala"
"Cherpu Pandinjattummuri","680573","Thrissur","Thrissur","Kerala"
"Cherpunkal","686584","Kottayam","Kottayam","Kerala"
"Cherthala","688524","Alappuzha","Cherthala","Kerala"
"Cherthala South","688524","Alappuzha","Alleppey","Kerala"
"Cherukara","679340","Malapuram","Malapuram","Kerala"
"Cherukara Kuttanad","688506","Alappuzha","Alleppey","Kerala"
"Cherukattoor","670721","Wayanad","Wayanad","Kerala"
"Cherukattupulam","679522","Thrissur","Thrissur","Kerala"
"Cherukkad","673527","Kozhikode","Kozhikode","Kerala"
"Cherukode","679336","Thrissur","Thrissur","Kerala"
"Cherukole","690104","Alappuzha","Alappuzha","Kerala"
"Cherukole Kozhenchery","689650","Pathanamthitta","Pathanamthitta","Kerala"
"Cherukulam","691306","Kollam","Kollam","Kerala"
"Cherukulam Kottayi","678572","Thrissur","Thrissur","Kerala"
"Cherukulanji","689673","Pathanamthitta","Pathanamthitta","Kerala"
"Cherukunnu","670301","Kannur","#N/A","Kerala"
"Cherukutangad","679305","Thrissur","Thrissur","Kerala"
"Cherumoth","673517","Kozhikode","Kozhikode","Kerala"
"Cherumukku","676306","Malapuram","Malapuram","Kerala"
"Cherumundasseri","679512","Thrissur","Thrissur","Kerala"
"Cherunniyur","695142","Trivandrum","Trivandrum","Kerala"
"Cheruparamba","670693","Kannur","Cannanore (Kannur)","Kerala"
"Cherupazhasi","670601","Kannur","Cannanore (Kannur)","Kerala"
"Cherupoika","691507","Kollam","Kollam","Kerala"
"Cherupuzha","670511","Kannur","Cannanore (Kannur)","Kerala"
"Cherur","680008","Thrissur","Thrissur","Kerala"
"Cherur Edso","676314","Malapuram","Malapuram","Kerala"
"Cherushola","676510","Malapuram","Malapuram","Kerala"
"Cheruthana Edso","690563","Alappuzha","Alappuzha","Kerala"
"Cheruthuruthy","679531","Thrissur","Thrissur","Kerala"
"Cheruvadi","673661","Kozhikode","Kozhikode","Kerala"
"Cheruvakkal","691533","Pathanamthitta","Pathanamthitta","Kerala"
"Cheruvallur","679575","Malapuram","Malapuram","Kerala"
"Cheruvally","686543","Kottayam","Kanjirappally","Kerala"
"Cheruvaloor Edso","680321","Thrissur","Thrissur","Kerala"
"Cheruvancheri","670650","Kannur","Cannanore (Kannur)","Kerala"
"Cheruvannur Meladi","673524","Kozhikode","Kozhikode","Kerala"
"Cheruvathur","671313","Kasargode","Kasargode","Kerala"
"Cheruvayur","673645","Malapuram","Malapuram","Kerala"
"Cheruvikkal","695011","Trivandrum","Trivandrum","Kerala"
"Cheryvattoor","686691","Ernakulam","Ernakulam","Kerala"
"Chethakkal","689677","Pathanamthitta","Ranni","Kerala"
"Chethallur Edso","678609","Thrissur","Thrissur","Kerala"
"Chethicode","682315","Ernakulam","Ernakulam","Kerala"
"Chethy","688530","Alappuzha","Alappuzha","Kerala"
"Chetlat","682554","Ernakulam","Ernakulam","Kerala"
"Chettachal","695551","Trivandrum","Trivandrum","Kerala"
"Chettapalam","673579","Wayanad","Wayanad","Kerala"
"Chettiamparamba","670674","Kannur","Cannanore (Kannur)","Kerala"
"Chettikulangara","690106","Alappuzha","Alappuzha","Kerala"
"Chettipadam","679332","Malapuram","Malapuram","Kerala"
"Chettipadi","676319","Malapuram","Malapuram","Kerala"
"Chettupuzha","680621","Thrissur","Thrissur","Kerala"
"Chettuthode","686508","Kottayam","Kottayam","Kerala"
"Chevarambalam","673017","Kozhikode","Kozhikode","Kerala"
"Chevayur","673017","Kozhikode","Kozhikode","Kerala"
"Chilakur","695141","Trivandrum","Trivandrum","Kerala"
"Chilavu","685588","Iduki","Iduki","Kerala"
"Chimeni","671313","Kasargode","Kasargode","Kerala"
"Chimoni Dam","680304","Thrissur","Thrissur","Kerala"
"Chingapuram","673529","Kozhikode","Kozhikode","Kerala"
"Chingoli","690532","Alappuzha","Alappuzha","Kerala"
"Chinnakanal","685618","Iduki","Udumbanchola","Kerala"
"Chinnar","685501","Iduki","Iduki","Kerala"
"Chippar","671322","Kasargode","Kasaragod","Kerala"
"Chirakadavu","686520","Kottayam","Kottayam","Kerala"
"Chirakadavu Centre","686519","Kottayam","Kottayam","Kerala"
"Chirakadavu East","686520","Kottayam","Kottayam","Kerala"
"Chirakkal","670011","Kannur","Chirakkal","Kerala"
"Chirakkal R.S.B.O","670011","Kannur","Cannanore (Kannur)","Kerala"
"Chirakkara","691578","Kollam","Kollam","Kerala"
"Chiramanganad","680604","Thrissur","Thrissur","Kerala"
"Chiranallur","680501","Thrissur","Thrissur","Kerala"
"Chiranyinkeezh","695304","Trivandrum","Trivandrum","Kerala"
"Chirayakom","688562","Alappuzha","Alappuzha","Kerala"
"Chirayil","673638","Malapuram","Malapuram","Kerala"
"Chithali","678702","Thrissur","Thrissur","Kerala"
"Chithapilapoyil","670502","Kannur","Cannanore (Kannur)","Kerala"
"Chithara","691559","Kollam","Kollam","Kerala"
"Chithirapuram","685565","Iduki","Iduki","Kerala"
"Chittadi Edso","686524","Kottayam","Kottayam","Kerala"
"Chittadi Vandali","678706","Thrissur","Thrissur","Kerala"
"Chittalanchery","678704","Thrissur","Thrissur","Kerala"
"Chittanjur","680523","Thrissur","Thrissur","Kerala"
"Chittar","689663","Pathanamthitta","Pathanamthitta","Kerala"
"Chittari","671531","Kasargode","Kasargode","Kerala"
"Chittarikkal","671326","Kasargode","#N/A","Kerala"
"Chittariparamba","670650","Kannur","Cannanore (Kannur)","Kerala"
"Chittattukara","680511","Thrissur","Thrissur","Kerala"
"Chittattumukku Edso","695588","Trivandrum","Trivandrum","Kerala"
"Chittilappilly","680551","Thrissur","Thrissur","Kerala"
"Chittisseri","680301","Thrissur","Thrissur","Kerala"
"Chittodi","670571","Kannur","Cannanore (Kannur)","Kerala"
"Chittoor Eranakulam","682027","Ernakulam","Ernakulam","Kerala"
"Chittoot Agali","678581","Thrissur","Thrissur","Kerala"
"Chittur College","678104","Thrissur","Thrissur","Kerala"
"Chittur Pgt","678101","Thrissur","Thrissur","Kerala"
"Chiyyaram","680026","Thrissur","Thrissur","Kerala"
"Chokkad Edso","679355","Malapuram","Malapuram","Kerala"
"Chokkana","680699","Thrissur","Thrissur","Kerala"
"Chokkanathapuram","678005","Thrissur","Thrissur","Kerala"
"Chokli","670672","Kannur","Cannanore (Kannur)","Kerala"
"Cholathadam P.O","686582","Kottayam","Kottayam","Kerala"
"Chombala","673308","Kozhikode","Kozhikode","Kerala"
"Choolatheruvu","690506","Alappuzha","Alappuzha","Kerala"
"Choolissery","680541","Thrissur","Thrissur","Kerala"
"Choondakuzhy","683546","Ernakulam","Ernakulam","Kerala"
"Choondal","680502","Thrissur","Thrissur","Kerala"
"Choorakode","679336","Thrissur","Thrissur","Kerala"
"Choorakode Manakala","691551","Pathanamthitta","Pathanamthitta","Kerala"
"Choothupara","673596","Wayanad","Wayanad","Kerala"
"Chorode","673106","Kozhikode","Kozhikode","Kerala"
"Chorode East","673106","Kozhikode","Kozhikode","Kerala"
"Chottupara","680581","Thrissur","Thrissur","Kerala"
"Chottupara Kallar","685552","Iduki","Iduki","Kerala"
"Chottupara Vandiperiyar","685533","Iduki","Iduki","Kerala"
"Chovur","680027","Thrissur","Thrissur","Kerala"
"Chovva","670006","Kannur","Cannanore (Kannur)","Kerala"
"Chovvoor","686586","Kottayam","Kottayam","Kerala"
"Chowara Trivandrum","695501","Trivandrum","Trivandrum","Kerala"
"Chowwannur Edso","680503","Thrissur","Thrissur","Kerala"
"Chowwera","683571","Ernakulam","Ernakulam","Kerala"
"Chozhiakode Edso","691317","Kollam","Kollam","Kerala"
"Chulali Edso","670631","Kannur","Cannanore (Kannur)","Kerala"
"Chulanur Edso","678574","Thrissur","Thrissur","Kerala"
"Chullimanur Edso","695541","Trivandrum","Trivandrum","Kerala"
"Chulliote","673592","Wayanad","Wayanad","Kerala"
"Chullipara","676508","Malapuram","Malapuram","Kerala"
"Chulliyode","679332","Malapuram","Malapuram","Kerala"
"Chully","683581","Ernakulam","Ernakulam","Kerala"
"Chully Parappa","671533","Kasargode","Kasargode","Kerala"
"Chulur","680567","Thrissur","Thrissur","Kerala"
"Chulur Calicut","673601","Kozhikode","Kozhikode","Kerala"
"Chumitra","689103","Pathanamthitta","Pathanamthitta","Kerala"
"Chunakara","690534","Alappuzha","Alappuzha","Kerala"
"Chunangad","679511","Thrissur","Thrissur","Kerala"
"Chunda","670511","Kannur","Cannanore (Kannur)","Kerala"
"Chundale","673123","Wayanad","#N/A","Kerala"
"Chundambatta","679309","Thrissur","Thrissur","Kerala"
"Chungakunnu","670674","Kannur","Cannanore (Kannur)","Kerala"
"Chungapara","686547","Kottayam","Kottayam","Kerala"
"Churulicode","689668","Pathanamthitta","Pathanamthitta","Kerala"
"Chuvannamannu","680652","Thrissur","Thrissur","Kerala"
"Chuzhali","673517","Kannur","Taliparamba","Kerala"
"Clappana","690525","Kollam","Kollam","Kerala"
"Codacal","676108","Malapuram","Malapuram","Kerala"
"Combayar","685552","Iduki","Iduki","Kerala"
"Cottanad","673577","Wayanad","Wayanad","Kerala"
"Coyalmana","678702","Thrissur","Thrissur","Kerala"
"Cumbumettu","685551","Iduki","Iduki","Kerala"
"Daivapura","695563","Trivandrum","Trivandrum","Kerala"
"Dally","691310","Kollam","Kollam","Kerala"
"Dalmugham","695125","Trivandrum","Trivandrum","Kerala"
"Darkas","671533","Kasargode","Kasargode","Kerala"
"Decent Jn","691577","Kollam","Kollam","Kerala"
"Delampady","671543","Kasargode","Kasaragod","Kerala"
"Desamangalam","679532","Thrissur","Thrissur","Kerala"
"Desom","683103","Ernakulam","Ernakulam","Kerala"
"Devagiri","686555","Kottayam","Kottayam","Kerala"
"Devagiri College Calicut","673008","Kozhikode","Kozhikode","Kerala"
"Devalokom Edso","686038","Kottayam","Kottayam","Kerala"
"Devarupara","685588","Iduki","Iduki","Kerala"
"Devicolam","685613","Iduki","Iduki","Kerala"
"Dhanuvachapuram","695503","Trivandrum","Trivandrum","Kerala"
"Dharmadom","670106","Kannur","Dharmadom","Kerala"
"Dharmathadka","671321","Kasargode","Kasargode","Kerala"
"Dhoni","678009","Thrissur","Thrissur","Kerala"
"Down Hill","676519","Malapuram","Malapuram","Kerala"
"Dymock","685533","Iduki","Iduki","Kerala"
"Eachur","670591","Kannur","Cannanore (Kannur)","Kerala"
"Eara North","686534","Kottayam","Kottayam","Kerala"
"East Kallada","691502","Kollam","Kollam","Kerala"
"Echalampady","671321","Kasargode","Kasargode","Kerala"
"Echchame","670721","Wayanad","Wayanad","Kerala"
"Edachakai","671357","Kasargode","Kasargode","Kerala"
"Edapady","686578","Kottayam","Kottayam","Kerala"
"Edapalam","679308","Thrissur","Thrissur","Kerala"
"Edapalayam","691309","Kollam","Kollam","Kerala"
"Edapallicotta","691583","Kollam","Kollam","Kerala"
"Edapally","682024","Ernakulam","Ernakulam","Kerala"
"Edapally North","682024","Ernakulam","Ernakulam","Kerala"
"Edapatta","679326","Malapuram","Malapuram","Kerala"
"Edappavur","689614","Pathanamthitta","Pathanamthitta","Kerala"
"Edapuzha","670704","Kannur","Cannanore (Kannur)","Kerala"
"Edarikode","676501","Malapuram","Malapuram","Kerala"
"Edasseri","680569","Thrissur","Thrissur","Kerala"
"Edat","670327","Kannur","Cannanore (Kannur)","Kerala"
"Edathala","683561","Ernakulam","Edathala","Kerala"
"Edathala North","683564","Ernakulam","Ernakulam","Kerala"
"Edathanattukara","678601","Thrissur","Thrissur","Kerala"
"Edathara","678611","Thrissur","Thrissur","Kerala"
"Edathara Kadakkal","691536","Kollam","Kollam","Kerala"
"Edathirinji","680122","Thrissur","Thrissur","Kerala"
"Edathitta","691555","Pathanamthitta","Pathanamthitta","Kerala"
"Edathua","689573","Alappuzha","Alappuzha","Kerala"
"Edathuruthi","680703","Thrissur","Thrissur","Kerala"
"Edava","695311","Trivandrum","#N/A","Kerala"
"Edavaka","670645","Wayanad","Mananthavady","Kerala"
"Edavanakad","682502","Ernakulam","Ernakulam","Kerala"
"Edavanna","676541","Malapuram","#N/A","Kerala"
"Edavanna","679329","Malapuram","Ernad","Kerala"
"Edavarad","673525","Kozhikode","Kozhikode","Kerala"
"Edavaramba","670511","Kannur","Cannanore (Kannur)","Kerala"
"Edavattom","686605","Kottayam","Kottayam","Kerala"
"Edavatty","685588","Iduki","Iduki","Kerala"
"Edavilangu","680671","Thrissur","Thrissur","Kerala"
"Edavoor","683544","Ernakulam","Ernakulam","Kerala"
"Edayannur","670595","Kannur","Cannanore (Kannur)","Kerala"
"Edayar","686662","Ernakulam","Ernakulam","Kerala"
"Edayaranmula","689532","Pathanamthitta","Pathanamthitta","Kerala"
"Edayaranmula West","689532","Pathanamthitta","Pathanamthitta","Kerala"
"Edayattur","679326","Malapuram","Malapuram","Kerala"
"Edayirkkapuzha","686541","Kottayam","Kottayam","Kerala"
"Edayur","676554","Malapuram","Malapuram","Kerala"
"Edayur North","676522","Malapuram","Malapuram","Kerala"
"Ednad","671321","Kasargode","Kasargode","Kerala"
"Edneer","671541","Kasargode","Kasargode","Kerala"
"Eduppukulam","678556","Thrissur","Thrissur","Kerala"
"Ekarool","673574","Kozhikode","Kozhikode","Kerala"
"Ekm Hindi Prachar Sabha","682011","Ernakulam","Ernakulam","Kerala"
"Elad","679340","Malapuram","Malapuram","Kerala"
"Elakamon","695310","Trivandrum","Trivandrum","Kerala"
"Elakkad Edso","678600","Thrissur","Thrissur","Kerala"
"Elamad Edso","691539","Kollam","Kollam","Kerala"
"Elamakkara","682026","Ernakulam","Ernakulam","Kerala"
"Elamannur","691524","Kollam","Kollam","Kerala"
"Elambulasseri","685588","Iduki","Iduki","Kerala"
"Elamkunnapuzha","682503","Ernakulam","Ernakulam","Kerala"
"Elampal","691322","Kollam","Kollam","Kerala"
"Elampally","686503","Kottayam","Kottayam","Kerala"
"Elampara","670595","Kannur","Cannanore (Kannur)","Kerala"
"Elampazhannur","691534","Kollam","Kollam","Kerala"
"Elanad","680586","Thrissur","Thrissur","Kerala"
"Elangot","670692","Kannur","Cannanore (Kannur)","Kerala"
"Elanji","686665","Ernakulam","#N/A","Kerala"
"Elanjimel","689511","Alappuzha","Alappuzha","Kerala"
"Elankad","686514","Kottayam","Kottayam","Kerala"
"Elankur","676122","Malapuram","Ernad","Kerala"
"Elanthikara","683512","Ernakulam","Ernakulam","Kerala"
"Elanthur","689643","Pathanamthitta","Pathanamthitta","Kerala"
"Elanthur East","689643","Pathanamthitta","Pathanamthitta","Kerala"
"Elanthur Pariyaram","689643","Pathanamthitta","Pathanamthitta","Kerala"
"Elappara","685501","Iduki","Iduki","Kerala"
"Elappuly","678622","Thrissur","Thrissur","Kerala"
"Elappupara,Vallikode-Ktm","689656","Pathanamthitta","Pathanamthitta","Kerala"
"Elathur","673303","Kozhikode","Kozhikode","Kerala"
"Elavally","680511","Thrissur","Thrissur","Kerala"
"Elavally South","680511","Thrissur","Thrissur","Kerala"
"Elavampadam Edso","678709","Thrissur","Thrissur","Kerala"
"Elavancheri Edso Nemmara","678508","Thrissur","Thrissur","Kerala"
"Elavanthitta","689625","Pathanamthitta","Pathanamthitta","Kerala"
"Elavattom","695562","Trivandrum","Trivandrum","Kerala"
"Elavoor","683572","Ernakulam","Ernakulam","Kerala"
"Elenttil","673572","Kozhikode","Kozhikode","Kerala"
"Elikkattoor","689696","Pathanamthitta","Pathanamthitta","Kerala"
"Elikulam","686577","Kottayam","Kottayam","Kerala"
"Elimullumplackal","689692","Pathanamthitta","Pathanamthitta","Kerala"
"Elinjipra","680721","Thrissur","Thrissur","Kerala"
"Ellackal","685565","Iduki","Iduki","Kerala"
"Ellapatti","685615","Iduki","Iduki","Kerala"
"Ellumannam","670645","Wayanad","Wayanad","Kerala"
"Ellumpuram","685587","Iduki","Iduki","Kerala"
"Elluvilla","695504","Trivandrum","Trivandrum","Kerala"
"Elthuruth","680611","Thrissur","Thrissur","Kerala"
"Emmamparamba","673574","Kozhikode","Kozhikode","Kerala"
"Enadi","686608","Kottayam","Kottayam","Kerala"
"Enamakkal","680510","Thrissur","Thrissur","Kerala"
"Enanalloor","686673","Ernakulam","Ernakulam","Kerala"
"Enathu","691526","Pathanamthitta","#N/A","Kerala"
"Engandiyoor","680615","Thrissur","Thrissur","Kerala"
"Enkakad","680589","Thrissur","Thrissur","Kerala"
"Ennakad","689624","Alappuzha","Alappuzha","Kerala"
"Era North","686534","Kottayam","Kottayam","Kerala"
"Eramala","673501","Kozhikode","Kozhikode","Kerala"
"Eramallikara","689109","Alappuzha","Alappuzha","Kerala"
"Eramam Desom","670307","Kannur","Cannanore (Kannur)","Kerala"
"Eramangalam","679587","Malapuram","Malapuram","Kerala"
"Eramangalam Balussery","673612","Kozhikode","Kozhikode","Kerala"
"Eramathoor","689622","Alappuzha","Alappuzha","Kerala"
"Eranallur","680501","Thrissur","Thrissur","Kerala"
"Eranhikkal","673303","Kozhikode","Kozhikode","Kerala"
"Eranhikode","676541","Malapuram","Malapuram","Kerala"
"Eranhimangad Edso","679343","Malapuram","Malapuram","Kerala"
"Eranhipalam","673006","Kozhikode","Kozhikode","Kerala"
"Eranholi","670107","Kannur","Eranholi","Kerala"
"Erathuvadakara","686534","Kottayam","Kottayam","Kerala"
"Erattakulam Alatur","678682","Thrissur","Thrissur","Kerala"
"Erattayar Edso","686514","Kottayam","Kottayam","Kerala"
"Erattayar North","685510","Iduki","Iduki","Kerala"
"Erattukulam","678622","Thrissur","Thrissur","Kerala"
"Ernakulam Bazar","682011","Ernakulam","Ernakulam","Kerala"
"Ernakulam College","682035","Ernakulam","Ernakulam","Kerala"
"Ernakulam High Court","682011","Ernakulam","Ernakulam","Kerala"
"Eroor","682306","Ernakulam","#N/A","Kerala"
"Ezhukumavayal","685553","Iduki","Iduki","Kerala"
"Ezhumanthuruthu","686613","Kottayam","Kottayam","Kerala"
"Ezhumattoor","689586","Pathanamthitta","#N/A","Kerala"
"Ezhumuttom","685605","Iduki","Iduki","Kerala"
"Ezhupathekkar","676525","Malapuram","Malapuram","Kerala"
"Ezhupunna Edso","688548","Alappuzha","Alappuzha","Kerala"
"Ezhupunna South Edso","688550","Alappuzha","Alappuzha","Kerala"
"Ezhuvanthala","679335","Thrissur","Thrissur","Kerala"
"Fairfield","685504","Iduki","Iduki","Kerala"
"Faroke","673631","Kozhikode","Kozhikode","Kerala"
"Farook College","673632","Kozhikode","Kozhikode","Kerala"
"Gandhi Nagar Kottayam","686008","Kottayam","Kottayam","Kerala"
"Gandhi Seva Sadan","679302","Thrissur","Thrissur","Kerala"
"Ganeshgiri","679123","Thrissur","Thrissur","Kerala"
"Gavi","685533","Iduki","Iduki","Kerala"
"Glenmary","685531","Iduki","Iduki","Kerala"
"Gothuruthy Edso","683523","Ernakulam","Ernakulam","Kerala"
"Goureesapattam","695004","Trivandrum","Trivandrum","Kerala"
"Govindamuttam","690527","Alappuzha","Alappuzha","Kerala"
"Govindapuram","678507","Thrissur","Thrissur","Kerala"
"Govindapuram Kuthiravattom","673016","Kozhikode","Kozhikode","Kerala"
"Gramam","679579","Malapuram","Malapuram","Kerala"
"Gramby","685533","Iduki","Iduki","Kerala"
"Gudarale","685612","Iduki","Iduki","Kerala"
"Gurunathamannu","689667","Pathanamthitta","Pathanamthitta","Kerala"
"Guruvayur","680101","Thrissur","Thrissur","Kerala"
"Guruvayurappan College","673014","Kozhikode","Kozhikode","Kerala"
"H M T Colony","683503","Ernakulam","Ernakulam","Kerala"
"Hailey Buria","685501","Iduki","Iduki","Kerala"
"Hajiarpalli","676519","Malapuram","Malapuram","Kerala"
"Haripad","690514","Alappuzha","Alappuzha","Kerala"
"Haripuram","671531","Kasargode","Kasargode","Kerala"
"Haritharapuram","695310","Trivandrum","Trivandrum","Kerala"
"Heroor","671324","Kasargode","Kasaragod","Kerala"
"Hidayatanagar","671123","Kasargode","Kasargode","Kerala"
"Ichalampady","671321","Kasargode","Kasargode","Kerala"
"Ichilangode","671324","Kasargode","Kasargode","Kerala"
"Idakkadom","691505","Kollam","Kollam","Kerala"
"Idamalyar","686694","Ernakulam","Ernakulam","Kerala"
"Idamattom Edso","686588","Kottayam","Kottayam","Kerala"
"Idinjamala","685510","Iduki","Iduki","Kerala"
"Idinjar","695563","Trivandrum","Trivandrum","Kerala"
"Idiyanal","686576","Kottayam","Kottayam","Kerala"
"Idukki Colony","685602","Iduki","Iduki","Kerala"
"Idukki Painavu","685603","Iduki","Iduki","Kerala"
"Ilamba Edso","695103","Trivandrum","Trivandrum","Kerala"
"Ilambakapally","683544","Ernakulam","Ernakulam","Kerala"
"Ilanchiyam","695563","Trivandrum","Trivandrum","Kerala"
"Ilapilly","685589","Iduki","Iduki","Kerala"
"Illakollur Edso","689703","Pathanamthitta","Pathanamthitta","Kerala"
"Illamadu Edso","691539","Kollam","Kollam","Kerala"
"Illichira","688561","Alappuzha","Alappuzha","Kerala"
"Illippakulam","690503","Alappuzha","Alappuzha","Kerala"
"Inchakundu","680312","Thrissur","Thrissur","Kerala"
"Inchamudi","680312","Thrissur","Thrissur","Kerala"
"Inchathotty","686691","Ernakulam","Ernakulam","Kerala"
"Inchavila","691601","Kollam","Kollam","Kerala"
"Inchiyani","686512","Kottayam","Kottayam","Kerala"
"Indianur","676503","Malapuram","Malapuram","Kerala"
"Indira Nagar","673506","Kozhikode","Kozhikode","Kerala"
"Industrial Estate Tvm","695019","Trivandrum","Trivandrum","Kerala"
"Iramallur","688537","Alappuzha","Alappuzha","Kerala"
"Iramallur","686691","Ernakulam","Ernakulam","Kerala"
"Iranikulam","680734","Thrissur","Thrissur","Kerala"
"Irimbalasseri","679335","Thrissur","Thrissur","Kerala"
"Irimbiliyam","679572","Malapuram","#N/A","Kerala"
"Irimbuzhi Edso","676513","Malapuram","Malapuram","Kerala"
"Irinava","695561","Trivandrum","Trivandrum","Kerala"
"Irinchayam","695581","Trivandrum","Trivandrum","Kerala"
"Iringal","673521","Kozhikode","Kozhikode","Kerala"
"Iringallur Kottakkal","676304","Malapuram","Malapuram","Kerala"
"Iringannur Edso","673514","Kozhikode","Kozhikode","Kerala"
"Iringapuram","680103","Thrissur","Thrissur","Kerala"
"Iringath","673523","Kozhikode","Kozhikode","Kerala"
"Iringatteri","676523","Malapuram","Malapuram","Kerala"
"Iringavu","676103","Malapuram","Malapuram","Kerala"
"Iringole","683548","Ernakulam","Ernakulam","Kerala"
"Irinjalakuda","680121","Thrissur","Irinjalakuda","Kerala"
"Irinjalakuda North","680125","Thrissur","Thrissur","Kerala"
"Iritty","670703","Kannur","Cannanore (Kannur)","Kerala"
"Irivallur","673616","Kozhikode","Kozhikode","Kerala"
"Iriveri Edso","670614","Kannur","Cannanore (Kannur)","Kerala"
"Iriya","671531","Kasargode","Kasargode","Kerala"
"Iriyanni","671542","Kasargode","Kasargode","Kerala"
"Irmpanam","682309","Ernakulam","Ernakulam","Kerala"
"Iroopara","695584","Trivandrum","Thiruvananthapuram","Kerala"
"Irukkur","670593","Kannur","Cannanore (Kannur)","Kerala"
"Irumbakachola","678591","Thrissur","Thrissur","Kerala"
"Irumpanagad","691505","Kollam","Kollam","Kerala"
"Irumpayam","686605","Kottayam","Kottayam","Kerala"
"Irunilamcode","680583","Thrissur","Thrissur","Kerala"
"Iruvatty","673639","Malapuram","Malapuram","Kerala"
"Iswaramangalam","679573","Thrissur","Thrissur","Kerala"
"Ithithanam","686535","Kottayam","Kottayam","Kerala"
"Iverkala East","691507","Kollam","Kollam","Kerala"
"Iyethala Ranni","689673","Pathanamthitta","Pathanamthitta","Kerala"
"Iyyad Edso","673587","Kozhikode","Kozhikode","Kerala"
"Iyyangode","673504","Kozhikode","Kozhikode","Kerala"
"Jawahar Nagar","695041","Trivandrum","Trivandrum","Kerala"
"Jellipara","678582","Thrissur","Thrissur","Kerala"
"Josegiri","685565","Iduki","Iduki","Kerala"
"Josegiri Cherupuzha","670511","Kannur","Cannanore (Kannur)","Kerala"
"Kabanigiri","673579","Wayanad","Wayanad","Kerala"
"Kachani","695013","Trivandrum","Trivandrum","Kerala"
"Kachcheri","673502","Kozhikode","Kozhikode","Kerala"
"Kacherikkadavu","670706","Kannur","Cannanore (Kannur)","Kerala"
"Kacheriparambu","678601","Thrissur","Thrissur","Kerala"
"Kadachira","670621","Kannur","Kadachira","Kerala"
"Kadackanad","682311","Ernakulam","Ernakulam","Kerala"
"Kadakkal","691536","Kollam","#N/A","Kerala"
"Kadakkarapally","688529","Alappuzha","Alappuzha","Kerala"
"Kadakkavur","695306","Kollam","Kollam","Kerala"
"Kadakkode","691505","Kollam","Kollam","Kerala"
"Kadalikad","686670","Ernakulam","Ernakulam","Kerala"
"Kadalmat","673581","Kozhikode","Kozhikode","Kerala"
"Kadalundi","673302","Kozhikode","Kozhikode","Kerala"
"Kadalundi Nagaram","673314","Kozhikode","Kozhikode","Kerala"
"Kadamakudi","682027","Ernakulam","Ernakulam","Kerala"
"Kadamakuzhi","685515","Iduki","Iduki","Kerala"
"Kadamancode","691312","Kollam","Kollam","Kerala"
"Kadamankulam Edso","689603","Pathanamthitta","Pathanamthitta","Kerala"
"Kadamat","682552","Ernakulam","Ernakulam","Kerala"
"Kadamattam","682311","Ernakulam","Ernakulam","Kerala"
"Kadambanad","691552","Pathanamthitta","Pathanamthitta","Kerala"
"Kadambanad South","691553","Pathanamthitta","Pathanamthitta","Kerala"
"Kadambar","671323","Kasargode","Kasaragod","Kerala"
"Kadambode Edso","676121","Malapuram","Malapuram","Kerala"
"Kadambur Pgt","679515","Thrissur","Kadambur","Kerala"
"Kadambur Ward Ii","670663","Kannur","Kadambur","Kerala"
"Kadammanitta","689649","Pathanamthitta","Pathanamthitta","Kerala"
"Kadampuzha","676553","Malapuram","Malapuram","Kerala"
"Kadanad Meenachil","686653","Kottayam","Kottayam","Kerala"
"Kadancherri Edso","679582","Malapuram","Malapuram","Kerala"
"Kadannamanna","679324","Malapuram","Malapuram","Kerala"
"Kadannapally","670501","Kannur","Cannanore (Kannur)","Kerala"
"Kadapattoor","686574","Kottayam","Kottayam","Kerala"
"Kadaplamattom","686571","Kottayam","Kottayam","Kerala"
"Kadappakada","691008","Kollam","Kollam","Kerala"
"Kadappuram","680514","Thrissur","Thrissur","Kerala"
"Kadapra Kumbanad Edso","689547","Pathanamthitta","Pathanamthitta","Kerala"
"Kadapra Mannar Edso","689630","Alappuzha","Alappuzha","Kerala"
"Kadathur Ward","690523","Kollam","Kollam","Kerala"
"Kadavallur","680543","Thrissur","Thrissur","Kerala"
"Kadavanad","679586","Malapuram","Malapuram","Kerala"
"Kadavanthara","682020","Ernakulam","Ernakulam","Kerala"
"Kadavathur","670676","Kannur","Cannanore (Kannur)","Kerala"
"Kadavoor","686671","Ernakulam","Ernakulam","Kerala"
"Kadayanikad Edso","686550","Kottayam","Kottayam","Kerala"
"Kadayirippu","682311","Ernakulam","Ernakulam","Kerala"
"Kadiyangad","673525","Kozhikode","Kozhikode","Kerala"
"Kadukachira","686635","Kottayam","Kottayam","Kerala"
"Kadukkaakunnu","678005","Thrissur","Thrissur","Kerala"
"Kadukutty Edso","680315","Thrissur","Thrissur","Kerala"
"Kadumeni","670511","Kannur","Cannanore (Kannur)","Kerala"
"Kadungamangalam","682305","Ernakulam","Ernakulam","Kerala"
"Kaduppasserry Edso","680698","Thrissur","Thrissur","Kerala"
"Kaduppassery South","680683","Thrissur","Thrissur","Kerala"
"Kaduthuruthy","686604","Kottayam","#N/A","Kerala"
"Kaduvinal","690501","Alappuzha","Alappuzha","Kerala"
"Kaikkara","695307","Trivandrum","Trivandrum","Kerala"
"Kailasanadu","685553","Iduki","Iduki","Kerala"
"Kaimanam","695040","Trivandrum","Trivandrum","Kerala"
"Kainady","686534","Kottayam","Kottayam","Kerala"
"Kainakary","688501","Alappuzha","Alappuzha","Kerala"
"Kainakary East","688501","Alappuzha","Alappuzha","Kerala"
"Kainoor","686582","Kottayam","Thrissur","Kerala"
"Kaiparamba","680546","Thrissur","Thrissur","Kerala"
"Kaipattur","689648","Pathanamthitta","Pathanamthitta","Kerala"
"Kaippamangalam Beach","680681","Thrissur","Thrissur","Kerala"
"Kaippamanglam","680681","Thrissur","Thrissur","Kerala"
"Kaipuram","679308","Thrissur","Thrissur","Kerala"
"Kaipuzha","686602","Kottayam","#N/A","Kerala"
"Kaipuzha North","689503","Pathanamthitta","Pathanamthitta","Kerala"
"Kairadi","678510","Thrissur","Thrissur","Kerala"
"Kaithachira Mannarkad","678582","Thrissur","Thrissur","Kerala"
"Kaithakkad","671313","Kasargode","Kasargode","Kerala"
"Kaithakode","691543","Kollam","Kollam","Kerala"
"Kaithakody","689614","Pathanamthitta","Pathanamthitta","Kerala"
"Kaithaparambu","691526","Pathanamthitta","Pathanamthitta","Kerala"
"Kaithapram","670631","Kannur","Cannanore (Kannur)","Kerala"
"Kaitharam","683519","Ernakulam","Ernakulam","Kerala"
"Kaithode","691535","Kollam","Kollam","Kerala"
"Kakkad Piravom","686664","Ernakulam","Ernakulam","Kerala"
"Kakkad Puthupadi","673586","Kozhikode","Kozhikode","Kerala"
"Kakkakunnu","690522","Pathanamthitta","Pathanamthitta","Kerala"
"Kakkanad","682030","Ernakulam","Ernakulam","Kerala"
"Kakkanad West","682030","Ernakulam","Ernakulam","Kerala"
"Kakkancheri","673620","Kozhikode","Kozhikode","Kerala"
"Kakkara","670306","Kannur","Cannanore (Kannur)","Kerala"
"Kakkasseri","680511","Thrissur","Thrissur","Kerala"
"Kakkat","670005","Kannur","Cannanore (Kannur)","Kerala"
"Kakkatam Poil","673604","Kozhikode","Kozhikode","Kerala"
"Kakkattil","673507","Kannur","Cannanore (Kannur)","Kerala"
"Kakkavayal","673122","Wayanad","Wayanad","Kerala"
"Kakkavila B,O","695506","Trivandrum","Trivandrum","Kerala"
"Kakkayam","673615","Kozhikode","Kozhikode","Kerala"
"Kakkebettu Mulleria","671543","Kasargode","Kasargode","Kerala"
"Kakkode","691331","Kollam","Kollam","Kerala"
"Kakkoor","686662","Ernakulam","Ernakulam","Kerala"
"Kakkotti","673611","Kozhikode","Kozhikode","Kerala"
"Kakkudumon","689711","Pathanamthitta","Pathanamthitta","Kerala"
"Kakkur","673619","Kozhikode","Kozhikode","Kerala"
"Kakkyur","678512","Thrissur","Thrissur","Kerala"
"Kaladi","683574","Ernakulam","Ernakulam","Kerala"
"Kaladi Mpm","679586","Malapuram","Malapuram","Kerala"
"Kaladi Plantation","683583","Ernakulam","Ernakulam","Kerala"
"Kalaketty","686508","Kottayam","Kottayam","Kerala"
"Kalakode","691302","Kollam","Kollam","Kerala"
"Kalamachal","695606","Trivandrum","Trivandrum","Kerala"
"Kalamasseri","683104","Ernakulam","Ernakulam","Kerala"
"Kalamesseri Development","683109","Ernakulam","Ernakulam","Kerala"
"Kalampoor","686664","Ernakulam","Ernakulam","Kerala"
"Kalanad","671317","Kasargode","Kasargode","Kerala"
"Kalanadikolli","673579","Wayanad","Wayanad","Kerala"
"Kalanjoor","689694","Pathanamthitta","#N/A","Kerala"
"Kalanki","670705","Kannur","Cannanore (Kannur)","Kerala"
"Kalapatti","678702","Thrissur","Thrissur","Kerala"
"Kalathukadavu","686579","Kottayam","Kottayam","Kerala"
"Kalathur","686633","Kottayam","Kottayam","Kerala"
"Kalathuvayal","673593","Kozhikode","Kozhikode","Kerala"
"Kalavancodam Edso","688586","Alappuzha","Alappuzha","Kerala"
"Kalavoor","688522","Alappuzha","Alappuzha","Kerala"
"Kalayampadi,Kelakoam","670674","Kannur","Cannanore (Kannur)","Kerala"
"Kalayanthani","685588","Iduki","Iduki","Kerala"
"Kalayapuram","691506","Kollam","Kollam","Kerala"
"Kaliapally","671532","Kasargode","Kasargode","Kerala"
"Kalichanadukam","671314","Kasargode","Kasargode","Kerala"
"Kalikavu","676525","Malapuram","#N/A","Kerala"
"Kalimbram","680568","Thrissur","Thrissur","Kerala"
"Kaliya Rode","680586","Thrissur","Thrissur","Kerala"
"Kaliyar","685582","Trivandrum","Trivandrum","Kerala"
"Kalkandy","678582","Thrissur","Thrissur","Kerala"
"Kalkundu","676523","Malapuram","Malapuram","Kerala"
"Kallachi","673506","Kozhikode","Kozhikode","Kerala"
"Kallada Irrig. Project","691308","Kollam","Kollam","Kerala"
"Kalladathur,Kumranallur","679552","Thrissur","Thrissur","Kerala"
"Kalladikode","678596","Thrissur","Thrissur","Kerala"
"Kalladipetta","679313","Thrissur","Thrissur","Kerala"
"Kallai Kozhikode","673003","Kozhikode","Kozhikode","Kerala"
"Kallakatta","671123","Kasargode","Kasargode","Kerala"
"Kallamala","678582","Palakkad","Mannarkad","Kerala"
"Kallambalam","695605","Trivandrum","Trivandrum","Kerala"
"Kallanode","673615","Kozhikode","Kozhikode","Kerala"
"Kallar","685552","Iduki","#N/A","Kerala"
"Kallar Tvm","695551","Trivandrum","Trivandrum","Kerala"
"Kallara","695608","Trivandrum","#N/A","Kerala"
"Kallara Kottayam","686611","Kottayam","Kottayam","Kerala"
"Kallara South","686611","Kottayam","Kottayam","Kerala"
"Kallarkutty","685562","Iduki","Iduki","Kerala"
"Kallarmangalam","676510","Malapuram","Malapuram","Kerala"
"Kallayam","695005","Trivandrum","Trivandrum","Kerala"
"Kallekad","678015","Thrissur","Thrissur","Kerala"
"Kallekulangara","678009","Thrissur","Thrissur","Kerala"
"Kallelibhagom","690546","Kollam","Kollam","Kerala"
"Kallely","689691","Pathanamthitta","Pathanamthitta","Kerala"
"Kallely Thottam","689691","Pathanamthitta","Pathanamthitta","Kerala"
"Kallepadam","680587","Thrissur","Thrissur","Kerala"
"Kallepully Edso","678018","Thrissur","Thrissur","Kerala"
"Kallettumkara","680683","Thrissur","Thrissur","Kerala"
"Kalliad","670593","Kannur","Taliparamba","Kerala"
"Kalliasseri","670562","Kannur","Kalliasseri","Kerala"
"Kallickandy","670693","Kannur","Cannanore (Kannur)","Kerala"
"Kallimel","690570","Alappuzha","Alappuzha","Kerala"
"Kallipadam","679122","Thrissur","Thrissur","Kerala"
"Kallisseri","689124","Alappuzha","Alappuzha","Kerala"
"Kalliyal","695574","Trivandrum","Trivandrum","Kerala"
"Kalliyur","695042","Trivandrum","Trivandrum","Kerala"
"Kalllumthazham","691004","Trivandrum","Trivandrum","Kerala"
"Kalloopara","689583","Pathanamthitta","Pathanamthitta","Kerala"
"Kalloorkad","686668","Ernakulam","Ernakulam","Kerala"
"Kalloorkulam","686503","Kottayam","Kottayam","Kerala"
"Kallumala","690110","Alappuzha","Alappuzha","Kerala"
"Kallumkal","689102","Pathanamthitta","Pathanamthitta","Kerala"
"Kallunira","673517","Kozhikode","Kozhikode","Kerala"
"Kallur","679562","Thrissur","Thrissur","Kerala"
"Kallur","680317","Thrissur","Thrissur","Kerala"
"Kallur Opm","678641","Thrissur","Thrissur","Kerala"
"Kallurutty","673603","Wayanad","Wayanad","Kerala"
"Kalluvathukkal","691578","Kollam","Kollam","Kerala"
"Kalluvayal","670703","Kannur","Cannanore (Kannur)","Kerala"
"Kalluvazhi","679514","Thrissur","Thrissur","Kerala"
"Kaloor","682017","Ernakulam","Ernakulam","Kerala"
"Kaloor","686668","Ernakulam","Ernakulam","Kerala"
"Kaloor East","685584","Iduki","Iduki","Kerala"
"Kalpakancherri","676551","Malapuram","Malapuram","Kerala"
"Kalpathi","678003","Thrissur","Thrissur","Kerala"
"Kalpathur","673524","Kozhikode","Kozhikode","Kerala"
"Kalpeni","682557","Ernakulam","Ernakulam","Kerala"
"Kalpetta","673121","Wayanad","Kalpetta","Kerala"
"Kalpetta North","673122","Wayanad","Wayanad","Kerala"
"Kalthotty","685507","Iduki","Iduki","Kerala"
"Kalthuruthy","691309","Kollam","Kollam","Kerala"
"Kamakshy","685515","Iduki","Iduki","Kerala"
"Kambalakallu","679333","Malapuram","Malapuram","Kerala"
"Kambalakkad","673121","Wayanad","Wayanad","Kerala"
"Kamballore","670511","Kannur","Cannanore (Kannur)","Kerala"
"Kammana","670645","Wayanad","Wayanad","Kerala"
"Kampatti","670644","Kannur","Cannanore (Kannur)","Kerala"
"Kamukumcherry","689696","Pathanamthitta","Pathanamthitta","Kerala"
"Kanakamala","680689","Thrissur","Thrissur","Kerala"
"Kanakapalam","686509","Kottayam","Kottayam","Kerala"
"Kanakapally","671533","Kasargode","Kasargode","Kerala"
"Kanakari","686632","Kottayam","Kottayam","Kerala"
"Kanakkanthuruthy","678683","Thrissur","Thrissur","Kerala"
"Kanam","686515","Kottayam","Kottayam","Kerala"
"Kanamala","686510","Kottayam","Kottayam","Kerala"
"Kanamvayal","670511","Kannur","Cannanore (Kannur)","Kerala"
"Kanathur","671542","Kasargode","Kasargode","Kerala"
"Kanattukara","680011","Thrissur","Thrissur","Kerala"
"Kanayam Edso","679125","Thrissur","Thrissur","Kerala"
"Kanayankavayal","685532","Iduki","Iduki","Kerala"
"Kanayi","670306","Kannur","Cannanore (Kannur)","Kerala"
"Kanchinada","695609","Trivandrum","Trivandrum","Kerala"
"Kanchiyar","685511","Iduki","Iduki","Kerala"
"Kandakai","695512","Trivandrum","Trivandrum","Kerala"
"Kandallur","690535","Alappuzha","Alappuzha","Kerala"
"Kandamangalam","678583","Thrissur","Thrissur","Kerala"
"Kandanad","682305","Ernakulam","Ernakulam","Kerala"
"Kandanaseeri","680102","Thrissur","Thrissur","Kerala"
"Kandankali Edso","670333","Kannur","Cannanore (Kannur)","Kerala"
"Kandankulam","680669","Thrissur","Thrissur","Kerala"
"Kandasankadavu","680613","Thrissur","Thrissur","Kerala"
"Kandoth","670307","Kannur","Cannanore (Kannur)","Kerala"
"Kangazha","686541","Kottayam","#N/A","Kerala"
"Kanhangad","671315","Kasargode","Kanhangad","Kerala"
"Kanhangad South Edso","671315","Kasargode","Kasargode","Kerala"
"Kanhilari","670702","Kannur","Cannanore (Kannur)","Kerala"
"Kanhiradakam","671531","Kasargode","Kasargode","Kerala"
"Kanhirakode","680590","Thrissur","Thrissur","Kerala"
"Kanhirakolly","670633","Kannur","Cannanore (Kannur)","Kerala"
"Kanhiramukku","679584","Malapuram","Malapuram","Kerala"
"Kanhirangad","671531","Kasargode","Kasargode","Kerala"
"Kanhirapuzha","678591","Thrissur","Thrissur","Kerala"
"Kanhirapuzha Dam","678591","Thrissur","Thrissur","Kerala"
"Kanhirode","670592","Kannur","Kanhirode","Kerala"
"Kanichar","670674","Kannur","Thalassery","Kerala"
"Kanichukulangara Edso","688544","Alappuzha","Alappuzha","Kerala"
"Kanimangalam","680027","Thrissur","Thrissur","Kerala"
"Kaninad","682310","Ernakulam","Ernakulam","Kerala"
"Kanippayyur","680517","Thrissur","Thrissur","Kerala"
"Kaniyambetta Edso","673124","Wayanad","Wayanad","Kerala"
"Kaniyapuram","695301","Trivandrum","Trivandrum","Kerala"
"Kaniyarkode","680594","Thrissur","Thrissur","Kerala"
"Kanjampazhanji","695525","Trivandrum","Trivandrum","Kerala"
"Kanjanapara","685619","Iduki","Iduki","Kerala"
"Kanjany","680612","Thrissur","Thrissur","Kerala"
"Kanjar Edso","685592","Iduki","Iduki","Kerala"
"Kanjaveli","691602","Kollam","Kollam","Kerala"
"Kanjettukara Edso","689616","Pathanamthitta","Pathanamthitta","Kerala"
"Kanjikode","678621","Thrissur","Thrissur","Kerala"
"Kanjikode West","678623","Thrissur","Thrissur","Kerala"
"Kanjikuzhi Idukky","685602","Iduki","Iduki","Kerala"
"Kanjipadam","688005","Alappuzha","Alappuzha","Kerala"
"Kanjiracode","691503","Kollam","Kollam","Kerala"
"Kanjiram","686030","Kottayam","Kottayam","Kerala"
"Kanjiramatoom","682315","Ernakulam","Ernakulam","Kerala"
"Kanjiramattom Kottaym","686585","Kottayam","Kottayam","Kerala"
"Kanjiramkulam","695524","Trivandrum","Trivandrum","Kerala"
"Kanjirampara","695030","Trivandrum","Trivandrum","Kerala"
"Kanjirapally","686507","Kottayam","Kottayam","Kerala"
"Kanjirapara","686555","Kottayam","Kottayam","Kerala"
"Kanjirapilly Trichur","680721","Thrissur","Thrissur","Kerala"
"Kanjirathanam","686603","Kottayam","Kottayam","Kerala"
"Kanjoor","683575","Ernakulam","Ernakulam","Kerala"
"Kankol Edso","670337","Kannur","Cannanore (Kannur)","Kerala"
"Kanmanam Edso","679556","Thrissur","Thrissur","Kerala"
"Kanmanam Thekkumuri","676551","Malapuram","Malapuram","Kerala"
"Kannadi","678701","Thrissur","Thrissur","Kerala"
"Kannadi Edso","688507","Alappuzha","Alappuzha","Kerala"
"Kannadi West","688504","Alappuzha","Alappuzha","Kerala"
"Kannadiparamba","670604","Kannur","Kannadiparamba","Kerala"
"Kannadipoyil","673612","Kozhikode","Kozhikode","Kerala"
"Kannamali","682008","Ernakulam","Ernakulam","Kerala"
"Kannamangalam Edso","676318","Malapuram","Malapuram","Kerala"
"Kannamangalam Mavelikara","690106","Alappuzha","Alappuzha","Kerala"
"Kannamangalam West","676305","Malapuram","Malapuram","Kerala"
"Kannambra","678686","Thrissur","Thrissur","Kerala"
"Kannampullipuram","680687","Thrissur","Thrissur","Kerala"
"Kannamvettikavu","673637","Malapuram","Malapuram","Kerala"
"Kannanakuzhi","690505","Alappuzha","Alappuzha","Kerala"
"Kannanallur","691576","Kollam","Kollam","Kerala"
"Kannankara","688527","Alappuzha","Alappuzha","Kerala"
"Kannankara Chelannur","673616","Kozhikode","Kozhikode","Kerala"
"Kannanur","678702","Thrissur","Thrissur","Kerala"
"Kannara","680652","Thrissur","Thrissur","Kerala"
"Kannattipadi","676304","Malapuram","Malapuram","Kerala"
"Kannavam Colony","670650","Kannur","Cannanore (Kannur)","Kerala"
"Kannickal","685589","Iduki","Iduki","Kerala"
"Kannikulangara","680682","Thrissur","Thrissur","Kerala"
"Kannimala","686509","Kottayam","Kottayam","Kerala"
"Kannimari","670592","Kannur","Cannanore (Kannur)","Kerala"
"Kannivayal","670511","Kannur","Cannanore (Kannur)","Kerala"
"Kanniyampuram","679104","Thrissur","Thrissur","Kerala"
"Kannookara","673102","Kozhikode","Kozhikode","Kerala"
"Kannookara Kannur","670012","Kannur","Cannanore (Kannur)","Kerala"
"Kannoth","670650","Kannur","Cannanore (Kannur)","Kerala"
"Kannoth Kotancherri","673580","Kozhikode","Kozhikode","Kerala"
"Kannoth Venkitangu","680510","Thrissur","Thrissur","Kerala"
"Kannur","670001","Kannur","Kannur","Kerala"
"Kannur","671321","Kasargode","Kannur","Kerala"
"Kannur City","670003","Kannur","Cannanore (Kannur)","Kerala"
"Kannur Civil Station","670002","Kannur","Cannanore (Kannur)","Kerala"
"Kannur Dist.Hospital","670017","Kannur","Cannanore (Kannur)","Kerala"
"Kannur Thana","670012","Kannur","Cannanore (Kannur)","Kerala"
"Kanthallur","685620","Iduki","Iduki","Kerala"
"Kanul Edso","670564","Kannur","Cannanore (Kannur)","Kerala"
"Kappad","673304","Kozhikode","Kozhikode","Kerala"
"Kappad Chovva","670006","Kannur","Cannanore (Kannur)","Kerala"
"Kappadu","686508","Kottayam","Kottayam","Kerala"
"Kappathumala","670644","Kannur","Cannanore (Kannur)","Kerala"
"Kappil","679328","Malapuram","Malapuram","Kerala"
"Kappil East","690533","Alappuzha","Alappuzha","Kerala"
"Kappil Edava","695311","Trivandrum","Trivandrum","Kerala"
"Kappumthala","686613","Kottayam","Kottayam","Kerala"
"Kappur","679552","Thrissur","Thrissur","Kerala"
"Kara","680671","Thrissur","Thrissur","Kerala"
"Kara Peravoor","670702","Kannur","Cannanore (Kannur)","Kerala"
"Karacode","679333","Malapuram","Malapuram","Kerala"
"Karad","679339","Malapuram","Malapuram","Kerala"
"Karadaka","671542","Kasargode","Kasargode","Kerala"
"Karadikuzhi","685531","Iduki","Iduki","Kerala"
"Karadipara Ambalavayal","673593","Kozhikode","Kozhikode","Kerala"
"Karadparamba","673632","Kozhikode","Kozhikode","Kerala"
"Karakkad","689504","Alappuzha","Alappuzha","Kerala"
"Karakkal Edso","689108","Pathanamthitta","Pathanamthitta","Kerala"
"Karakkamala","670645","Wayanad","Wayanad","Kerala"
"Karakonam","695504","Trivandrum","Trivandrum","Kerala"
"Karakulam","695564","Trivandrum","#N/A","Kerala"
"Karakunnu","676123","Malapuram","Ernad","Kerala"
"Karakurissi","678595","Thrissur","Thrissur","Kerala"
"Karalam","680711","Thrissur","Thrissur","Kerala"
"Karali Jn.Edso","690543","Kollam","Kollam","Kerala"
"Karalmanna","679506","Thrissur","Thrissur","Kerala"
"Karamala","686662","Ernakulam","Ernakulam","Kerala"
"Karamana","695002","Trivandrum","Trivandrum","Kerala"
"Karambathur","679305","Thrissur","Thrissur","Kerala"
"Karamcode","691579","Kollam","Kollam","Kerala"
"Karamvely","689643","Pathanamthitta","Pathanamthitta","Kerala"
"Karanchira","680702","Thrissur","Thrissur","Kerala"
"Karandode","673508","Kozhikode","Kozhikode","Kerala"
"Karani","673591","Kozhikode","Kozhikode","Kerala"
"Karanthat","670308","Kannur","Cannanore (Kannur)","Kerala"
"Karanthur","673571","Kozhikode","Kozhikode","Kerala"
"Karaparamba","673010","Kozhikode","Kozhikode","Kerala"
"Karapuram","679331","Malapuram","Malapuram","Kerala"
"Karara","678581","Thrissur","Thrissur","Kerala"
"Karasseri","673602","Kozhikode","Kozhikode","Kerala"
"Karattukurissi","679503","Thrissur","Thrissur","Kerala"
"Karavaloor Edso","691314","Kollam","Kollam","Kerala"
"Karavaram","695605","Trivandrum","Chirayinkeezhu","Kerala"
"Karavoor","689696","Pathanamthitta","Pathanamthitta","Kerala"
"Karayad","673524","Kozhikode","Kozhikode","Kerala"
"Karayamvattom","680567","Thrissur","Thrissur","Kerala"
"Kareelakulangara","690572","Alappuzha","Alappuzha","Kerala"
"Karekad","676553","Malapuram","Malapuram","Kerala"
"Karikad","688527","Alappuzha","Alappuzha","Kerala"
"Karikayam","689663","Pathanamthitta","Pathanamthitta","Kerala"
"Karikitamkunnu Edso","678605","Thrissur","Thrissur","Kerala"
"Karikkad","680519","Thrissur","Thrissur","Kerala"
"Karikkattur","686544","Kottayam","Kottayam","Kerala"
"Karikkattur Centre","686544","Kottayam","Kottayam","Kerala"
"Karikode","686610","Kottayam","Kottayam","Kerala"
"Karikom","691531","Kollam","Kollam","Kerala"
"Karikulam Edso","689682","Pathanamthitta","Pathanamthitta","Kerala"
"Karikuzhi Vellarada","695505","Trivandrum","Trivandrum","Kerala"
"Karikuzhy","689571","Alappuzha","Alappuzha","Kerala"
"Karimanal","695583","Trivandrum","Trivandrum","Kerala"
"Karimancode","695562","Trivandrum","Trivandrum","Kerala"
"Karimannur","685581","Iduki","Iduki","Kerala"
"Karimba","678597","Thrissur","Thrissur","Kerala"
"Karimbam","670142","Kannur","Cannanore (Kannur)","Kerala"
"Karimkulam Chapath","685506","Iduki","Iduki","Kerala"
"Karimkunnam","685586","Iduki","Iduki","Kerala"
"Karimkuttikara","695606","Trivandrum","Trivandrum","Kerala"
"Karimpana","686662","Ernakulam","Ernakulam","Kerala"
"Karimpani","686564","Kottayam","Kottayam","Kerala"
"Karimpinpuzha Edso","691513","Kollam","Kollam","Kerala"
"Karimpuzha","679513","Palakkad","Ottappalam","Kerala"
"Karimthottuva","690520","Kollam","Kollam","Kerala"
"Karindala","671314","Kasargode","Kasargode","Kerala"
"Karingad","673513","Kozhikode","Kozhikode","Kerala"
"Karingannur","691516","Kollam","Kollam","Kerala"
"Karingarapully Edso","678559","Thrissur","Thrissur","Kerala"
"Karinilam","686513","Kottayam","Kottayam","Kerala"
"Karinkayam","678706","Thrissur","Thrissur","Kerala"
"Karinkutty","673121","Wayanad","Wayanad","Kerala"
"Karipadam","686605","Kottayam","Kottayam","Kerala"
"Karipal","670581","Kannur","Cannanore (Kannur)","Kerala"
"Kariplangadu","685601","Iduki","Iduki","Kerala"
"Karipode","678503","Thrissur","Thrissur","Kerala"
"Karipol","676552","Malapuram","Malapuram","Kerala"
"Karippali","678532","Thrissur","Thrissur","Kerala"
"Karippur Air Port","673647","Malapuram","Malapuram","Kerala"
"Karipur","695541","Trivandrum","Trivandrum","Kerala"
"Karipuzha Edso","690109","Alappuzha","Alappuzha","Kerala"
"Karithotta","689507","Pathanamthitta","Pathanamthitta","Kerala"
"Karithotta","689507","Pathanamthitta","Pathanamthitta","Kerala"
"Karivadkom","671541","Kasargode","Kasargode","Kerala"
"Karivellur","670521","Kannur","#N/A","Kerala"
"Kariyad South","673316","Kozhikode","Kozhikode","Kerala"
"Kariyambadi","673591","Kozhikode","Kozhikode","Kerala"
"Kariyamplavu","689615","Pathanamthitta","Pathanamthitta","Kerala"
"Kariyancode","678572","Thrissur","Thrissur","Kerala"
"Kariyara","691332","Kollam","Kollam","Kerala"
"Kariyathannavu","673612","Kozhikode","Kozhikode","Kerala"
"Kariyavattom","695581","Trivandrum","Trivandrum","Kerala"
"Karode","695506","Trivandrum","Neyyattinkara","Kerala"
"Karthala","679571","Malapuram","Malapuram","Kerala"
"Karthikapally","690516","Alappuzha","Alappuzha","Kerala"
"Karthikapally","673542","Kozhikode","Kozhikode","Kerala"
"Karthikapuram Edso","670571","Kannur","Cannanore (Kannur)","Kerala"
"Kartikulam","670646","Wayanad","Wayanad","Kerala"
"Karukachal","686540","Kottayam","#N/A","Kerala"
"Karukadam","686691","Ernakulam","Ernakulam","Kerala"
"Karukapally","682311","Ernakulam","Ernakulam","Kerala"
"Karukone Edso","691324","Kollam","Kollam","Kerala"
"Karukutty","683576","Ernakulam","#N/A","Kerala"
"Karulai Edso","679344","Malapuram","Malapuram","Kerala"
"Karumadi","688564","Alappuzha","Alappuzha","Kerala"
"Karumala","673612","Kozhikode","Kozhikode","Kerala"
"Karumallur","683511","Ernakulam","Ernakulam","Kerala"
"Karumam","695002","Trivandrum","Trivandrum","Kerala"
"Karumanakurissi","679504","Thrissur","Thrissur","Kerala"
"Karumarakkad","673640","Malapuram","Malapuram","Kerala"
"Karumathara","680123","Thrissur","Thrissur","Kerala"
"Karumathara Enkakad","680589","Thrissur","Thrissur","Kerala"
"Karumon","695002","Trivandrum","Trivandrum","Kerala"
"Karunagapally","690518","Kollam","Kollam","Kerala"
"Karunagapally North","690518","Kollam","Kollam","Kerala"
"Karunapuram","685552","Iduki","Udumbanchola","Kerala"
"Karupadanna","680670","Thrissur","Thrissur","Kerala"
"Karupur","695541","Trivandrum","Trivandrum","Kerala"
"Karur","680683","Thrissur","Thrissur","Kerala"
"Karuvambalam","679338","Malapuram","Malapuram","Kerala"
"Karuvambram","676123","Malapuram","Malapuram","Kerala"
"Karuvambram West","676123","Malapuram","Malapuram","Kerala"
"Karuvampoil","673572","Kozhikode","Kozhikode","Kerala"
"Karuvanchal Edso","670571","Kannur","Cannanore (Kannur)","Kerala"
"Karuvannur","673614","Kozhikode","Kozhikode","Kerala"
"Karuvannur","680711","Thrissur","Thrissur","Kerala"
"Karuvanthuruthy Edso","673643","Kozhikode","Kozhikode","Kerala"
"Karuvarakundu","676523","Malapuram","#N/A","Kerala"
"Karuvaseri","673010","Kozhikode","Kozhikode","Kerala"
"Karuvatta","690517","Alappuzha","Alappuzha","Kerala"
"Karuvatta","691523","Alappuzha","Karthikappally","Kerala"
"Karuvatta North Edso","690554","Alappuzha","Alappuzha","Kerala"
"Karuvatur","673611","Kozhikode","Kozhikode","Kerala"
"Karuvelil","691505","Kollam","Kollam","Kerala"
"Kasaragod","671121","Kasargode","Kasaragod","Kerala"
"Katakam","695304","Trivandrum","Trivandrum","Kerala"
"Katalayi","670007","Kannur","Cannanore (Kannur)","Kerala"
"Katalur Edso","673531","Kozhikode","Kozhikode","Kerala"
"Katambazhipuram","678633","Thrissur","Thrissur","Kerala"
"Katameri","673542","Kozhikode","Kozhikode","Kerala"
"Kathikutam","680308","Thrissur","Thrissur","Kerala"
"Kattachalkuzhi Edso","695509","Trivandrum","Trivandrum","Kerala"
"Kattachira","686572","Kottayam","Kottayam","Kerala"
"Kattacode","695572","Trivandrum","Trivandrum","Kerala"
"Kattadi Jn","691537","Kollam","Kollam","Kerala"
"Kattagampala","680544","Thrissur","Thrissur","Kerala"
"Kattaikonam","695584","Trivandrum","Trivandrum","Kerala"
"Kattakada","695572","Trivandrum","Trivandrum","Kerala"
"Kattampally","670015","Kannur","Cannanore (Kannur)","Kerala"
"Kattampauk","686612","Kottayam","Kottayam","Kerala"
"Kattapana","685508","Iduki","Iduki","Kerala"
"Kattapana South","685515","Iduki","Iduki","Kerala"
"Kattayad","670731","Kannur","Cannanore (Kannur)","Kerala"
"Kattilapoovam","680631","Thrissur","Thrissur","Kerala"
"Kattilkadavu","690542","Kollam","Kollam","Kerala"
"Kattipara","673573","Kozhikode","Kozhikode","Kerala"
"Kattipoll","671314","Kasargode","Kasargode","Kerala"
"Kattode","689105","Pathanamthitta","Pathanamthitta","Kerala"
"Kattoor","680702","Thrissur","Thrissur","Kerala"
"Kattoor Kalavoor Edso","688546","Alappuzha","Alappuzha","Kerala"
"Kattoor Kozhencherry","689650","Pathanamthitta","Pathanamthitta","Kerala"
"Kattukukke","671552","Kasargode","Kasaragod","Kerala"
"Kattukulam","679514","Thrissur","Thrissur","Kerala"
"Kattumpuram","695608","Trivandrum","Trivandrum","Kerala"
"Katungode","680584","Thrissur","Thrissur","Kerala"
"Kaudiar","695003","Trivandrum","Trivandrum","Kerala"
"Kavakkad","686668","Ernakulam","Ernakulam","Kerala"
"Kavalam","688506","Alappuzha","Alappuzha","Kerala"
"Kavalam North","688506","Alappuzha","Alappuzha","Kerala"
"Kavalapara","679523","Thrissur","Thrissur","Kerala"
"Kavallamukatta","679332","Malapuram","Malapuram","Kerala"
"Kavalpad","678017","Thrissur","Thrissur","Kerala"
"Kavalyur","695144","Trivandrum","Trivandrum","Kerala"
"Kavanad","691003","Kollam","Kollam","Kerala"
"Kavancheri","676561","Malapuram","Malapuram","Kerala"
"Kavanur Edso","673644","Malapuram","Malapuram","Kerala"
"Kavaratti","682555","Ernakulam","Ernakulam","Kerala"
"Kavasseri","678543","Thrissur","Thrissur","Kerala"
"Kavida","680505","Thrissur","Thrissur","Kerala"
"Kavil","673614","Kozhikode","Kozhikode","Kerala"
"Kavilumpara","673513","Kozhikode","Kozhikode","Kerala"
"Kaviyur","689582","Pathanamthitta","Pathanamthitta","Kerala"
"Kavukode","679536","Thrissur","Thrissur","Kerala"
"Kavumannam","673121","Wayanad","Vythiri","Kerala"
"Kavumbagam","686519","Kottayam","Kottayam","Kerala"
"Kavumbhagom Edso","670110","Kannur","Cannanore (Kannur)","Kerala"
"Kavumbhagom Tla","689102","Pathanamthitta","Pathanamthitta","Kerala"
"Kavumgam Prayar","689543","Pathanamthitta","Pathanamthitta","Kerala"
"Kavundikal","678581","Thrissur","Thrissur","Kerala"
"Kavvayi Edso","670339","Kannur","Cannanore (Kannur)","Kerala"
"Kayakkodi Edso","673519","Kozhikode","Kozhikode","Kerala"
"Kayakunnu","670721","Wayanad","Wayanad","Kerala"
"Kayal","673661","Kozhikode","Kozhikode","Kerala"
"Kayalampara","670632","Kannur","Cannanore (Kannur)","Kerala"
"Kayamkulam","690502","Alappuzha","Kayamkulam","Kerala"
"Kayani","670702","Kannur","Cannanore (Kannur)","Kerala"
"Kayanna","673526","Kozhikode","Kozhikode","Kerala"
"Kayanna Bazar","673525","Kozhikode","Kozhikode","Kerala"
"Kayappanichi","673505","Kozhikode","Kozhikode","Kerala"
"Kayaralam","670602","Kannur","Taliparamba","Kerala"
"Kayilad","679122","Thrissur","Thrissur","Kerala"
"Kayoor","686651","Kottayam","Kottayam","Kerala"
"Kayyar","671322","Kasargode","Kasaragod","Kerala"
"Kayyur","671313","Kasargode","Hosdurg","Kerala"
"Kazhakuttom","695582","Trivandrum","Trivandrum","Kerala"
"Kazhavoor","695526","Trivandrum","Trivandrum","Kerala"
"Kecheri","680501","Thrissur","Thrissur","Kerala"
"Keekan","671316","Kasargode","Hosdurg","Kerala"
"Keekozhur Edso","689672","Pathanamthitta","Pathanamthitta","Kerala"
"Keeraladweeswarapuram","676307","Malapuram","Malapuram","Kerala"
"Keerampara Kothamangalam","689691","Pathanamthitta","Pathanamthitta","Kerala"
"Keerikad","690508","Alappuzha","Alappuzha","Kerala"
"Keerikara","685533","Iduki","Iduki","Kerala"
"Keerithode","685602","Iduki","Iduki","Kerala"
"Keerukuzhi Edso","689502","Pathanamthitta","Pathanamthitta","Kerala"
"Keezhallur","670612","Kannur","Thalassery","Kerala"
"Keezhara","670301","Kannur","Cannanore (Kannur)","Kerala"
"Keezhariyur Edso","673324","Kozhikode","Kozhikode","Kerala"
"Keezharur Edso","695130","Trivandrum","Trivandrum","Kerala"
"Keezhatthungal","695101","Trivandrum","Trivandrum","Kerala"
"Keezhil","673104","Kozhikode","Kozhikode","Kerala"
"Keezhilam","683541","Ernakulam","Ernakulam","Kerala"
"Keezhoor","686605","Kottayam","Kottayam","Kerala"
"Keezhpally","670704","Kannur","Cannanore (Kannur)","Kerala"
"Keezhur Iritty","670703","Kannur","Cannanore (Kannur)","Kerala"
"Keezhvaipur","689587","Pathanamthitta","Pathanamthitta","Kerala"
"Kelakom","670674","Kannur","Cannanore (Kannur)","Kerala"
"Kelambalam","688562","Alappuzha","Alappuzha","Kerala"
"Kellur","670645","Wayanad","Wayanad","Kerala"
"Kenichira","673596","Wayanad","Wayanad","Kerala"
"Kerala Agri University","680656","Thrissur","Thrissur","Kerala"
"Kerala Agri University","680656","Thrissur","Thrissur","Kerala"
"Kerala Estate","676525","Malapuram","Nilambur","Kerala"
"Kerala Governor'S Camp","695099","Trivandrum","Trivandrum","Kerala"
"Keralasseri","678641","Thrissur","Thrissur","Kerala"
"Khanna Nagar Koratty","680309","Thrissur","Thrissur","Kerala"
"Kidanganad","673592","Wayanad","Sulthanbathery","Kerala"
"Kidangannur","689514","Pathanamthitta","#N/A","Kerala"
"Kidangara","686507","Kottayam","Kottayam","Kerala"
"Kidangoor","683572","Ernakulam","Meenachil","Kerala"
"Kidangoor","686572","Kottayam","#N/A","Kerala"
"Kidangoor South","686583","Kottayam","Kottayam","Kerala"
"Kidanhi","670675","Kannur","Cannanore (Kannur)","Kerala"
"Kidoor","671321","Kasargode","Kasaragod","Kerala"
"Kilakkancherri","678684","Thrissur","Thrissur","Kerala"
"Kilakkoth","673572","Kozhikode","Kozhikode","Kerala"
"Kilakkumbram","678642","Thrissur","Thrissur","Kerala"
"Kilakkummuri","680571","Thrissur","Thrissur","Kerala"
"Kilakote","671313","Kasargode","Kasargode","Kerala"
"Kilikollur","691004","Trivandrum","Trivandrum","Kerala"
"Kilimanur","695601","Trivandrum","Trivandrum","Kerala"
"Kilimanur Palace","695601","Trivandrum","Trivandrum","Kerala"
"Kilinnanyam","673525","Kozhikode","Kozhikode","Kerala"
"Kiliroor North","686020","Kottayam","Kottayam","Kerala"
"Kiliyanthara","670706","Kannur","Cannanore (Kannur)","Kerala"
"Killimangalam","680591","Thrissur","Thrissur","Kerala"
"Kilmuri","679307","Thrissur","Thrissur","Kerala"
"Kiltan","682558","Ernakulam","Ernakulam","Kerala"
"Kilur Meladi","673522","Kozhikode","Kozhikode","Kerala"
"Kinalur Edso","673621","Kozhikode","Kozhikode","Kerala"
"Kinanur","671533","Kasargode","Kasargode","Kerala"
"Kinasseri Edso","678707","Thrissur","Thrissur","Kerala"
"Kinavallur Edso","678615","Thrissur","Thrissur","Kerala"
"Kinginimattom","682311","Ernakulam","Ernakulam","Kerala"
"Kinningar","671543","Kasargode","Kasargode","Kerala"
"Kiralur","680601","Thrissur","Thrissur","Kerala"
"Kizhakkampalam","683562","Ernakulam","Ernakulam","Kerala"
"Kizhakkanela","691574","Kollam","Kollam","Kerala"
"Kizhakkanmattom","686652","Kottayam","Kottayam","Kerala"
"Kizhakketheruvu Jn. Edso","691542","Kollam","Kollam","Kerala"
"Kizhakkumbhagom Edso","689620","Alappuzha","Alappuzha","Kerala"
"Kizhakkumpuram","689653","Pathanamthitta","Pathanamthitta","Kerala"
"Kizhakkumuri","678508","Thrissur","Thrissur","Kerala"
"Kizhakkumuri Kakkoti","673611","Kozhikode","Kozhikode","Kerala"
"Kizhakombu","686662","Ernakulam","Ernakulam","Kerala"
"Kizhaparayar","686578","Kottayam","Kottayam","Kerala"
"Kizhathadiyoor","686574","Kottayam","Kottayam","Kerala"
"Kizhattur","679325","Malapuram","Malapuram","Kerala"
"Kizhavankulam","686584","Kottayam","Kottayam","Kerala"
"Kizhayyur","679303","Thrissur","Thrissur","Kerala"
"Kizhithiri","686576","Kottayam","Kottayam","Kerala"
"Kizhmuri","686663","Ernakulam","Ernakulam","Kerala"
"Kizhpayur","673524","Kozhikode","Kozhikode","Kerala"
"Kizhunna","670007","Kannur","Cannanore (Kannur)","Kerala"
"Kizhuparamba","673639","Malapuram","Ernad","Kerala"
"Kizhupillikkara Edso","680704","Thrissur","Thrissur","Kerala"
"Kizhur","679501","Thrissur","Thrissur","Kerala"
"Kizhur","680523","Thrissur","Thrissur","Kerala"
"Kizhuvalam","695104","Trivandrum","Trivandrum","Kerala"
"Klari","676501","Malapuram","Malapuram","Kerala"
"Kochannur","679562","Thrissur","Thrissur","Kerala"
"Kochara","685551","Iduki","Iduki","Kerala"
"Kochi","682001","Ernakulam","Kochi","Kerala"
"Kochi Air Port","683111","Ernakulam","Ernakulam","Kerala"
"Kochi Airport","683111","Ernakulam","Ernakulam","Kerala"
"Kochi M G Road","682016","Ernakulam","Ernakulam","Kerala"
"Kochi Naval Base","682004","Ernakulam","Ernakulam","Kerala"
"Kochi Palace","682301","Ernakulam","Ernakulam","Kerala"
"Kochi University","682022","Ernakulam","Ernakulam","Kerala"
"Kochu Karintharuvi","685501","Iduki","Iduki","Kerala"
"Kochukoickal","689667","Pathanamthitta","Pathanamthitta","Kerala"
"Kochuramapuram Edso","688556","Alappuzha","Alappuzha","Kerala"
"Kochuthovala","685510","Iduki","Iduki","Kerala"
"Kodakara","680684","Thrissur","Thrissur","Kerala"
"Kodakkad","678583","Thrissur","Thrissur","Kerala"
"Kodanad","683544","Ernakulam","Kunnathunad","Kerala"
"Kodannur","680574","Thrissur","Thrissur","Kerala"
"Kodasseri Edso","680725","Thrissur","Thrissur","Kerala"
"Kodiamme","671321","Kasargode","Kasargode","Kerala"
"Kodikulam","685582","Trivandrum","Trivandrum","Kerala"
"Kodinhi","676309","Malapuram","Malapuram","Kerala"
"Kodithookiyakunnu","695608","Trivandrum","Trivandrum","Kerala"
"Kodiyathur","673602","Kozhikode","Kozhikode","Kerala"
"Kodiyura Edso","673515","Kozhikode","Kozhikode","Kerala"
"Kodlamogaru","671323","Kasargode","Kasargode","Kerala"
"Kodoth","671531","Kasargode","Kasargode","Kerala"
"Kodukulanji","689508","Alappuzha","Alappuzha","Kerala"
"Kodumon","691555","Pathanamthitta","#N/A","Kerala"
"Kodumon East","691555","Pathanamthitta","Pathanamthitta","Kerala"
"Kodumpidi","686651","Kottayam","Kottayam","Kerala"
"Kodumunda","679303","Thrissur","Thrissur","Kerala"
"Kodungallur","680664","Thrissur","Kodungallur","Kerala"
"Kodunganur Edso","695013","Trivandrum","Trivandrum","Kerala"
"Kodungavilla","695123","Trivandrum","Trivandrum","Kerala"
"Kodunthirapulli","678004","Thrissur","Thrissur","Kerala"
"Kodupunna","689595","Alappuzha","Alappuzha","Kerala"
"Kodur","676504","Malapuram","#N/A","Kerala"
"Koduvayur","678501","Thrissur","Thrissur","Kerala"
"Koduvazhannur","695612","Trivandrum","Trivandrum","Kerala"
"Koduvely","685582","Trivandrum","Trivandrum","Kerala"
"Koduvila","691502","Kollam","Kollam","Kerala"
"Kohippilly","686691","Ernakulam","Ernakulam","Kerala"
"Koipuram","689531","Pathanamthitta","#N/A","Kerala"
"Koithoorkonam","695584","Trivandrum","Trivandrum","Kerala"
"Koivila","691590","Kollam","Kollam","Kerala"
"Kokattukonam","695604","Trivandrum","Trivandrum","Kerala"
"Kokkad","691538","Kollam","Kollam","Kerala"
"Kokkallur","673612","Kozhikode","Kozhikode","Kerala"
"Kokkappilly","682305","Ernakulam","Ernakulam","Kerala"
"Kokkathode","689691","Pathanamthitta","Pathanamthitta","Kerala"
"Kokkur Malappurm","679591","Malapuram","Malapuram","Kerala"
"Kokothamangalam Edso","688583","Alappuzha","Alappuzha","Kerala"
"Kokottella","695542","Trivandrum","Trivandrum","Kerala"
"Kolabhagom Jn.","689545","Pathanamthitta","Pathanamthitta","Kerala"
"Kolacherry","670601","Kannur","#N/A","Kerala"
"Kolagappara","673591","Kozhikode","Kozhikode","Kerala"
"Kolahalamedu","685504","Iduki","Iduki","Kerala"
"Kolakkad","670673","Kannur","Cannanore (Kannur)","Kerala"
"Kolakkad Atholi","673315","Kozhikode","Kozhikode","Kerala"
"Kolakkatchali","673634","Malapuram","Malapuram","Kerala"
"Kolani","685584","Iduki","Iduki","Kerala"
"Kolaparamba","676522","Malapuram","Malapuram","Kerala"
"Kolari","670702","Kannur","Cannanore (Kannur)","Kerala"
"Kolathara","673655","Kozhikode","Kozhikode","Kerala"
"Kolathur","673315","Kozhikode","Kozhikode","Kerala"
"Kolathur","679338","Malapuram","#N/A","Kerala"
"Kolathuri","671541","Kasargode","Kasargode","Kerala"
"Kolavayal","671531","Kasargode","Kasargode","Kerala"
"Kolayad","670650","Kannur","Cannanore (Kannur)","Kerala"
"Kolazhi","680010","Thrissur","Thrissur","Kerala"
"Kolencherry","682311","Ernakulam","Ernakulam","Kerala"
"Koleri","673596","Wayanad","Wayanad","Kerala"
"Kolikkottusseri","679303","Thrissur","Thrissur","Kerala"
"Kolithattu","670706","Kannur","Cannanore (Kannur)","Kerala"
"Koliyur","671323","Kasargode","Kasargode","Kerala"
"Kollad","686029","Kottayam","Kottayam","Kerala"
"Kollaka","690536","Kollam","Kollam","Kerala"
"Kollam","691001","Kollam","Kollam","Kerala"
"Kollam Cutcherry","691013","Kollam","Kollam","Kerala"
"Kollam Qdy","673307","Kozhikode","Kozhikode","Kerala"
"Kollampara","671314","Kasargode","Kasargode","Kerala"
"Kollayil","691541","Kollam","Kollam","Kerala"
"Kollengode","678506","Thrissur","Thrissur","Kerala"
"Kollode","695571","Ernakulam","Ernakulam","Kerala"
"Kololomb","673007","Kozhikode","Kozhikode","Kerala"
"Konathukunnu","680123","Thrissur","Thrissur","Kerala"
"Konchira","695615","Trivandrum","Trivandrum","Kerala"
"Kondazhi","679106","Thrissur","Thrissur","Kerala"
"Kondotti","673638","Malapuram","Malapuram","Kerala"
"Kondurkara","679303","Thrissur","Thrissur","Kerala"
"Kongad","678631","Thrissur","Thrissur","Kerala"
"Kongandoor","686564","Kottayam","Kottayam","Kerala"
"Kongannur","673315","Kozhikode","Kozhikode","Kerala"
"Kongorpilly Edso","683525","Ernakulam","Ernakulam","Kerala"
"Konikara","680306","Thrissur","Thrissur","Kerala"
"Konikkazhi","678632","Thrissur","Thrissur","Kerala"
"Konipadu","686652","Kottayam","Kottayam","Kerala"
"Konnackamali","685515","Iduki","Iduki","Kerala"
"Konnakkad","671533","Kasargode","Kasargode","Kerala"
"Konnakuzhy","680721","Thrissur","Thrissur","Kerala"
"Konnathady","685563","Iduki","Udumbanchola","Kerala"
"Konny","689691","Pathanamthitta","Pathanamthitta","Kerala"
"Konott","673571","Kozhikode","Kozhikode","Kerala"
"Koodal","689693","Pathanamthitta","#N/A","Kerala"
"Koodali","670592","Kannur","#N/A","Kerala"
"Koodallur Edso","686595","Kottayam","Kottayam","Kerala"
"Koodapalam","686576","Kottayam","Kottayam","Kerala"
"Koolimuttam","680691","Thrissur","Thrissur","Kerala"
"Koomankulam","676123","Malapuram","Malapuram","Kerala"
"Koomanthode","670704","Kannur","Cannanore (Kannur)","Kerala"
"Koombara Bazar","673604","Kozhikode","Kozhikode","Kerala"
"Koompanpara","685561","Iduki","Iduki","Kerala"
"Koonamkara","689711","Pathanamthitta","Pathanamthitta","Kerala"
"Koonammavu","683518","Ernakulam","Ernakulam","Kerala"
"Koonamoochi","680504","Ernakulam","Ernakulam","Kerala"
"Koonanvenga","695568","Trivandrum","Trivandrum","Kerala"
"Koonathara","679523","Thrissur","Thrissur","Kerala"
"Koorad","679339","Malapuram","Malapuram","Kerala"
"Koorali","686522","Kottayam","Kottayam","Kerala"
"Koorara","670694","Kannur","Cannanore (Kannur)","Kerala"
"Koorikuzhy","680681","Thrissur","Thrissur","Kerala"
"Kooropada Edso","686502","Kottayam","Kottayam","Kerala"
"Koothali","673532","Kozhikode","Kozhikode","Kerala"
"Koothali","695505","Trivandrum","Quilandy","Kerala"
"Koothattukulam","686662","Ernakulam","#N/A","Kerala"
"Koothrappally","686540","Kottayam","Kottayam","Kerala"
"Kootikada","691020","Kollam","Kollam","Kerala"
"Koottala","680652","Thrissur","Thrissur","Kerala"
"Koottala Kunisseri","678681","Thrissur","Thrissur","Kerala"
"Koottar","685557","Iduki","Iduki","Kerala"
"Koottickal","686514","Kottayam","#N/A","Kerala"
"Koottil","679324","Malapuram","Malapuram","Kerala"
"Koottilangadi","676506","Malapuram","#N/A","Kerala"
"Koottumugham","670631","Kannur","Cannanore (Kannur)","Kerala"
"Koottupuzha","670706","Kannur","Cannanore (Kannur)","Kerala"
"Koovakandam","685588","Iduki","Iduki","Kerala"
"Koovakattukunnu","680311","Thrissur","Thrissur","Kerala"
"Koovakkad","691310","Kollam","Kollam","Kerala"
"Koovallur","686671","Ernakulam","Ernakulam","Kerala"
"Koovapally","686518","Kottayam","Kottayam","Kerala"
"Koovapally Kudayathur","685590","Iduki","Iduki","Kerala"
"Koovappady","683544","Ernakulam","#N/A","Kerala"
"Koovappara","686691","Ernakulam","Ernakulam","Kerala"
"Kooveri","670581","Kannur","Taliparamba","Kerala"
"Koranchira","678684","Thrissur","Thrissur","Kerala"
"Korangatty","685561","Iduki","Iduki","Kerala"
"Koratti","680308","Thrissur","Thrissur","Kerala"
"Koratti Kizhakkummuri","680308","Thrissur","Thrissur","Kerala"
"Koratti South","680308","Thrissur","Thrissur","Kerala"
"Korattikara","680543","Thrissur","Thrissur","Kerala"
"Korom","670307","Kannur","Cannanore (Kannur)","Kerala"
"Koroth Road","673309","Kozhikode","Kozhikode","Kerala"
"Koruthode","686513","Kottayam","Kottayam","Kerala"
"Kotambu","678551","Thrissur","Thrissur","Kerala"
"Kotancherri","673503","Kozhikode","Kozhikode","Kerala"
"Kotencherri Tamaracherri","673580","Kozhikode","Kozhikode","Kerala"
"Kothachira","679535","Thrissur","Thrissur","Kerala"
"Kothad","682027","Ernakulam","Ernakulam","Kerala"
"Kothala","686502","Kottayam","Kottayam","Kerala"
"Kothamangalam","686691","Ernakulam","Kothamangalam","Kerala"
"Kothamangalam College","686666","Ernakulam","Ernakulam","Kerala"
"Kothanalloor","686632","Kottayam","Vaikom","Kerala"
"Kothaparamba","680668","Thrissur","Thrissur","Kerala"
"Kothavara","686607","Kottayam","Kottayam","Kerala"
"Kotoor","671542","Kasargode","Kasargode","Kerala"
"Kotta","689504","Alappuzha","Alappuzha","Kerala"
"Kottakamboor","685615","Iduki","Devikulam","Kerala"
"Kottakkad","676319","Malapuram","Malapuram","Kerala"
"Kottakkakom","695542","Trivandrum","Trivandrum","Kerala"
"Kottakkal","676503","Malapuram","#N/A","Kerala"
"Kottakkal","695124","Trivandrum","Tirur","Kerala"
"Kottakkal Iringal","673521","Kozhikode","Kozhikode","Kerala"
"Kottakkat Edso","671357","Kasargode","Kasargode","Kerala"
"Kottali","670016","Kannur","Cannanore (Kannur)","Kerala"
"Kottamala","685503","Iduki","Iduki","Kerala"
"Kottamala Estate","671314","Kasargode","Kasargode","Kerala"
"Kottamonpara","689667","Pathanamthitta","Pathanamthitta","Kerala"
"Kottamparamba","673008","Kozhikode","Kozhikode","Kerala"
"Kottamuri","680732","Thrissur","Thrissur","Kerala"
"Kottamurickal","686105","Kottayam","Kottayam","Kerala"
"Kottanad","689615","Pathanamthitta","Pathanamthitta","Kerala"
"Kottanallur","680672","Thrissur","Thrissur","Kerala"
"Kottangal","686547","Kottayam","Mallappally","Kerala"
"Kottapadi","680505","Thrissur","Thrissur","Kerala"
"Kottapadi Edso","686695","Ernakulam","Ernakulam","Kerala"
"Kottapali","673542","Kozhikode","Kozhikode","Kerala"
"Kottapuram","695521","Trivandrum","Trivandrum","Kerala"
"Kottapuram Edso","679518","Thrissur","Thrissur","Kerala"
"Kottapuram Kanhangad","671341","Kasargode","Kasargode","Kerala"
"Kottapuram Kdglr","680667","Thrissur","Thrissur","Kerala"
"Kottapuram Vadakancherry","680584","Thrissur","Thrissur","Kerala"
"Kottarakara","691506","Kollam","Kollam","Kerala"
"Kottarakunnu","670731","Kannur","Cannanore (Kannur)","Kerala"
"Kottat","680307","Thrissur","Thrissur","Kerala"
"Kottathala Edso","691518","Kollam","Kollam","Kerala"
"Kottathara","678581","Palakkad","Mannarkad","Kerala"
"Kottathara Kalpetta","673121","Wayanad","Wayanad","Kerala"
"Kottathur","689614","Pathanamthitta","Pathanamthitta","Kerala"
"Kottavattom","691508","Kollam","Kollam","Kerala"
"Kottayad","670571","Kannur","Cannanore (Kannur)","Kerala"
"Kottayam","686001","Kottayam","Kottayam","Kerala"
"Kottayam Collectorate","686002","Kottayam","Kottayam","Kerala"
"Kottayam Malabar","670643","Kannur","Cannanore (Kannur)","Kerala"
"Kottayam West","686003","Kottayam","Kottayam","Kerala"
"Kottayampoil","670691","Kannur","Cannanore (Kannur)","Kerala"
"Kottayi","678572","Thrissur","Thrissur","Kerala"
"Kottekad","678732","Thrissur","Thrissur","Kerala"
"Kottila","670334","Kannur","Cannanore (Kannur)","Kerala"
"Kottiyam","691571","Kollam","Kollam","Kerala"
"Kottiyur","670674","Kannur","Cannanore (Kannur)","Kerala"
"Kottody","671532","Kasargode","Kasargode","Kerala"
"Kottoor","689582","Pathanamthitta","Pathanamthitta","Kerala"
"Kottoor Tvm","695574","Trivandrum","Trivandrum","Kerala"
"Kottoppadam","678583","Thrissur","Thrissur","Kerala"
"Kottoppadam Trithala","679534","Thrissur","Thrissur","Kerala"
"Kottukal","695501","Trivandrum","Trivandrum","Kerala"
"Kottukunnam","695606","Trivandrum","Trivandrum","Kerala"
"Kottuli","673106","Kozhikode","Kozhikode","Kerala"
"Kottur","673614","Kozhikode","Kozhikode","Kerala"
"Kotuvally","673572","Kozhikode","Kozhikode","Kerala"
"Kovalam","695527","Trivandrum","Trivandrum","Kerala"
"Koviloor","685615","Iduki","Iduki","Kerala"
"Kovvapuram","670309","Kannur","Cannanore (Kannur)","Kerala"
"Koyyam","670142","Kannur","Cannanore (Kannur)","Kerala"
"Koyyode","670621","Kannur","Cannanore (Kannur)","Kerala"
"Kozha Edso","686640","Kottayam","Kottayam","Kerala"
"Kozhencherry East","689641","Pathanamthitta","Pathanamthitta","Kerala"
"Kozhencherry Thekkemala","689654","Pathanamthitta","Pathanamthitta","Kerala"
"Kozhichal","670511","Kannur","Cannanore (Kannur)","Kerala"
"Kozhinjampara","678555","Thrissur","Thrissur","Kerala"
"Kozhipara","678557","Thrissur","Thrissur","Kerala"
"Kozhukallur","673524","Kozhikode","Kozhikode","Kerala"
"Kozhukully","680752","Thrissur","Thrissur","Kerala"
"Kozhummal Edso","670522","Kannur","Cannanore (Kannur)","Kerala"
"Kozhuvallur","689521","Alappuzha","Alappuzha","Kerala"
"Kozhuvanal","686523","Kottayam","Kottayam","Kerala"
"Kozimala","689541","Pathanamthitta","Pathanamthitta","Kerala"
"Krachal","673591","Kozhikode","Kozhikode","Kerala"
"Kriachira'","680006","Thrissur","Thrissur","Kerala"
"Krishanapuram","690533","Alappuzha","Alappuzha","Kerala"
"Krishnagiri","680733","Thrissur","Thrissur","Kerala"
"Kudallur","678688","Thrissur","Thrissur","Kerala"
"Kudallur","679554","Thrissur","Thrissur","Kerala"
"Kudalmerkala","671321","Kasargode","Kasargode","Kerala"
"Kudamaloor","686017","Kottayam","Kottayam","Kerala"
"Kudamurutty","689711","Pathanamthitta","Pathanamthitta","Kerala"
"Kudappanakunnu","695043","Trivandrum","Trivandrum","Kerala"
"Kudappanamoodu Edso","695510","Trivandrum","Trivandrum","Kerala"
"Kudassanad","689512","Alappuzha","Alappuzha","Kerala"
"Kudathai","673573","Kozhikode","Kozhikode","Kerala"
"Kudathayi Bazar","673573","Kozhikode","Kozhikode","Kerala"
"Kudavattor","691512","Kollam","Kollam","Kerala"
"Kudavechoor","686144","Kottayam","Kottayam","Kerala"
"Kudavoor","695313","Trivandrum","#N/A","Kerala"
"Kudayal","695505","Trivandrum","Trivandrum","Kerala"
"Kudayathur","689590","Alappuzha","Alappuzha","Kerala"
"Kudiyanmala","670582","Kannur","Cannanore (Kannur)","Kerala"
"Kudlu","671124","Kasargode","Kudlu","Kerala"
"Kuhome","670731","Kannur","Cannanore (Kannur)","Kerala"
"Kulakada","691521","Kollam","Kollam","Kerala"
"Kulakada East","691521","Kollam","Kollam","Kerala"
"Kulakada Tazhath","691521","Kollam","Kollam","Kerala"
"Kulakkad","679503","Thrissur","Thrissur","Kerala"
"Kulamavu","685601","Iduki","Iduki","Kerala"
"Kulamuttom","695144","Trivandrum","Trivandrum","Kerala"
"Kulanada","689503","Pathanamthitta","#N/A","Kerala"
"Kulaparachal","685619","Iduki","Iduki","Kerala"
"Kulapully","679122","Thrissur","Thrissur","Kerala"
"Kulasekharamangalam","686608","Kottayam","#N/A","Kerala"
"Kulasekharapuram","690544","Kollam","Kollam","Kerala"
"Kulathumon","689693","Pathanamthitta","Pathanamthitta","Kerala"
"Kulathuprayar","686541","Kottayam","Kottayam","Kerala"
"Kulathupuzha","691310","Kollam","Kollam","Kerala"
"Kulathur","695583","Trivandrum","Trivandrum","Kerala"
"Kulathur Tla","689588","Pathanamthitta","Pathanamthitta","Kerala"
"Kulayettikkara","682315","Ernakulam","Ernakulam","Kerala"
"Kuliramutty","673604","Kozhikode","Kozhikode","Kerala"
"Kullapada","695542","Trivandrum","Trivandrum","Kerala"
"Kulukkallur","679337","Thrissur","Thrissur","Kerala"
"Kumarakom","686563","Kottayam","Kottayam","Kerala"
"Kumarakom East","686563","Kottayam","Kottayam","Kerala"
"Kumarakom North Edso","686566","Kottayam","Kottayam","Kerala"
"Kumarakom South","686563","Kottayam","Kottayam","Kerala"
"Kumaramangalam Edso","685597","Iduki","Iduki","Kerala"
"Kumaramkudy","689696","Pathanamthitta","Pathanamthitta","Kerala"
"Kumaramperoor Thekkekara","689662","Pathanamthitta","Pathanamthitta","Kerala"
"Kumaranallur","673602","Kozhikode","Kozhikode","Kerala"
"Kumaranallur","686016","Kottayam","#N/A","Kerala"
"Kumaranallur","679552","Thrissur","Thrissur","Kerala"
"Kumaranallur Tcr","680590","Thrissur","Thrissur","Kerala"
"Kumarankary","686103","Kottayam","Kottayam","Kerala"
"Kumaranputhur","678583","Thrissur","Thrissur","Kerala"
"Kumarapanal","680585","Thrissur","Thrissur","Kerala"
"Kumarapuram","690548","Alappuzha","Alappuzha","Kerala"
"Kumarapuram","683565","Ernakulam","#N/A","Kerala"
"Kumbalakode","680587","Thrissur","Thrissur","Kerala"
"Kumbalam","682506","Ernakulam","Kanayannur","Kerala"
"Kumbalam Mulavana","691503","Kollam","Kollam","Kerala"
"Kumbalampoika","689661","Pathanamthitta","Pathanamthitta","Kerala"
"Kumbalanghi","682007","Ernakulam","Ernakulam","Kerala"
"Kumbalanghi South","682007","Ernakulam","Ernakulam","Kerala"
"Kumbaleri","673591","Kozhikode","Kozhikode","Kerala"
"Kumbanad","689547","Pathanamthitta","Pathanamthitta","Kerala"
"Kumbazhamuri","689653","Pathanamthitta","Pathanamthitta","Kerala"
"Kumbidi","679553","Thrissur","Thrissur","Kerala"
"Kumbla","671551","Kasargode","Kasargode","Kerala"
"Kumily","685509","Iduki","#N/A","Kerala"
"Kuminiparamba","673638","Malapuram","Malapuram","Kerala"
"Kummanam","686035","Kottayam","Kottayam","Kerala"
"Kummannur","689691","Pathanamthitta","Pathanamthitta","Kerala"
"Kummil","691536","Kollam","Kottarakkara","Kerala"
"Kundalasseri","678641","Thrissur","Thrissur","Kerala"
"Kundaliyur","680616","Thrissur","Thrissur","Kerala"
"Kundankuzhy","671541","Kasargode","Kasargode","Kerala"
"Kundannur","680590","Thrissur","Thrissur","Kerala"
"Kundara","691501","Kollam","Kollam","Kerala"
"Kundayam","689695","Pathanamthitta","Pathanamthitta","Kerala"
"Kundukad","680631","Thrissur","Thrissur","Kerala"
"Kundungal Edso","673003","Kozhikode","Kozhikode","Kerala"
"Kundurkunnu","678583","Thrissur","Thrissur","Kerala"
"Kunduthode","673513","Kozhikode","Kozhikode","Kerala"
"Kunduvampadam Peringode","678633","Thrissur","Thrissur","Kerala"
"Kunhimangalam","670309","Kannur","#N/A","Kerala"
"Kunhitanni","685565","Iduki","Iduki","Kerala"
"Kuningad","673503","Kozhikode","Kozhikode","Kerala"
"Kuninji","685583","Iduki","Iduki","Kerala"
"Kunisseri","678681","Thrissur","Thrissur","Kerala"
"Kuniyampuzha","670632","Kannur","Cannanore (Kannur)","Kerala"
"Kunjathur","671323","Kasargode","Kasaragod","Kerala"
"Kunjithai","683522","Ernakulam","Ernakulam","Kerala"
"Kunnackal","682316","Ernakulam","Ernakulam","Kerala"
"Kunnakav","679340","Malapuram","Malapuram","Kerala"
"Kunnam","690108","Alappuzha","Alappuzha","Kerala"
"Kunnam","686582","Kottayam","Kottayam","Kerala"
"Kunnam Veechoochira","686511","Kottayam","Kottayam","Kerala"
"Kunnamanagalam Calicut","673571","Kozhikode","Kozhikode","Kerala"
"Kunnamangalam","690106","Alappuzha","Alappuzha","Kerala"
"Kunnamangalam Mini Ie","673571","Kozhikode","Kozhikode","Kerala"
"Kunnamangalam Wynad","670645","Wayanad","Wayanad","Kerala"
"Kunnambetta","673123","Wayanad","Wayanad","Kerala"
"Kunnamkeri","686102","Kottayam","Kottayam","Kerala"
"Kunnamkulam","680503","Thrissur","Kunnamkulam","Kerala"
"Kunnamkulam City","680523","Thrissur","Thrissur","Kerala"
"Kunnamthanam","689581","Pathanamthitta","#N/A","Kerala"
"Kunnapilly","679340","Malapuram","Malapuram","Kerala"
"Kunnapilly","680311","Thrissur","Thrissur","Kerala"
"Kunnathara Edso","673327","Kozhikode","Kozhikode","Kerala"
"Kunnathukal","695504","Trivandrum","Neyyattinkara","Kerala"
"Kunnathur East","690520","Kollam","Kollam","Kerala"
"Kunnathutmedu","678013","Thrissur","Thrissur","Kerala"
"Kunnicode","691508","Kollam","Kollam","Kerala"
"Kunnukara Edso","683524","Ernakulam","Ernakulam","Kerala"
"Kunnukuzhi","695037","Trivandrum","Trivandrum","Kerala"
"Kunnumma Thakazhi","688562","Alappuzha","Alappuzha","Kerala"
"Kunnummakara","673308","Kozhikode","Kozhikode","Kerala"
"Kunnummalpotti","679331","Malapuram","Malapuram","Kerala"
"Kuntar","671543","Kasargode","Kasargode","Kerala"
"Kunthirickal Edso","689575","Alappuzha","Alappuzha","Kerala"
"Kuntikana","671551","Kasargode","Kasargode","Kerala"
"Kuppadi","673592","Wayanad","Sulthanbathery","Kerala"
"Kuppakayam","686513","Kottayam","Kottayam","Kerala"
"Kuppam Taliparamba Edso","670144","Kannur","Cannanore (Kannur)","Kerala"
"Kuppapuram","688011","Alappuzha","Alappuzha","Kerala"
"Kuppayakode","673580","Kozhikode","Kozhikode","Kerala"
"Kura","691557","Kollam","Kollam","Kerala"
"Kurakada","695104","Trivandrum","Trivandrum","Kerala"
"Kurampala South","689501","Pathanamthitta","Pathanamthitta","Kerala"
"Kuraniyur","680506","Thrissur","Thrissur","Kerala"
"Kuravankonam","695003","Trivandrum","Trivandrum","Kerala"
"Kuravilangad","686633","Kottayam","#N/A","Kerala"
"Kureekad","682305","Ernakulam","Ernakulam","Kerala"
"Kureepuzha Edso","691604","Kollam","Kollam","Kerala"
"Kuriachira","680006","Thrissur","Thrissur","Kerala"
"Kurianad","686636","Kottayam","Kottayam","Kerala"
"Kurianoor","689550","Pathanamthitta","Pathanamthitta","Kerala"
"Kurichagam","673508","Kozhikode","Kozhikode","Kerala"
"Kurichi Edso","686549","Kottayam","Kottayam","Kerala"
"Kurichikkara.","680028","Thrissur","Thrissur","Kerala"
"Kurichimuttom","689632","Pathanamthitta","Pathanamthitta","Kerala"
"Kurichithanam","686634","Kottayam","Meenachil","Kerala"
"Kurichiyil","670102","Kannur","Cannanore (Kannur)","Kerala"
"Kurikkilad","673104","Kozhikode","Kozhikode","Kerala"
"Kuringad","673513","Kozhikode","Kozhikode","Kerala"
"Kurinhaliyode","673542","Kozhikode","Kozhikode","Kerala"
"Kurinji","686576","Kottayam","Kottayam","Kerala"
"Kurisummood","686104","Kottayam","Kottayam","Kerala"
"Kuriyad","676306","Malapuram","Malapuram","Kerala"
"Kuriyod","691534","Kollam","Kollam","Kerala"
"Kurkancherri","680007","Thrissur","Thrissur","Kerala"
"Kurudapadavu","671322","Kasargode","Kasargode","Kerala"
"Kuruga","676551","Malapuram","Malapuram","Kerala"
"Kurumal","680601","Thrissur","Thrissur","Kerala"
"Kurumala","680586","Thrissur","Thrissur","Kerala"
"Kurumallur Edso","686632","Kottayam","Kottayam","Kerala"
"Kurumannu Edso","686654","Kottayam","Kottayam","Kerala"
"Kurumasseri","683579","Ernakulam","Ernakulam","Kerala"
"Kurumathur","670142","Kannur","Taliparamba","Kerala"
"Kurumbakara","689695","Pathanamthitta","Pathanamthitta","Kerala"
"Kurumbalangode","679334","Malapuram","Malapuram","Kerala"
"Kurumbanadom","686536","Kottayam","Kottayam","Kerala"
"Kurumbathur","676301","Malapuram","Tirur","Kerala"
"Kurumbayam","695608","Trivandrum","Trivandrum","Kerala"
"Kurumpilavu","680564","Thrissur","Thrissur","Kerala"
"Kurungazhabhagom Edso","689548","Pathanamthitta","Pathanamthitta","Kerala"
"Kuruppampady","683545","Ernakulam","Ernakulam","Kerala"
"Kuruppankulangara","688539","Alappuzha","Alappuzha","Kerala"
"Kuruppanthara","686603","Kottayam","Kottayam","Kerala"
"Kuruthamcode","695572","Trivandrum","Trivandrum","Kerala"
"Kuruvamoozhy","686509","Kottayam","Kottayam","Kerala"
"Kuruvangad","673520","Kozhikode","Kozhikode","Kerala"
"Kuruvattur","673611","Kozhikode","Kozhikode","Kerala"
"Kuruvattur","679336","Thrissur","Thrissur","Kerala"
"Kuruvilassery Edso","680735","Thrissur","Thrissur","Kerala"
"Kusavanvayal","670593","Kannur","Cannanore (Kannur)","Kerala"
"Kusumagiri","682030","Ernakulam","Ernakulam","Kerala"
"Kutaranni","673604","Kozhikode","Kozhikode","Kerala"
"Kuthiathode","688533","Alappuzha","Alappuzha","Kerala"
"Kuthiathode Ekm","683512","Ernakulam","Ernakulam","Kerala"
"Kuthirakulam","695615","Trivandrum","Trivandrum","Kerala"
"Kuthirakulam Vellanad","695543","Trivandrum","Trivandrum","Kerala"
"Kuthirapanthi","690523","Kollam","Kollam","Kerala"
"Kuthiravattom","673016","Kozhikode","Kozhikode","Kerala"
"Kuthukuzhi","686691","Ernakulam","Ernakulam","Kerala"
"Kuthuparamba","670643","Kannur","Cannanore (Kannur)","Kerala"
"Kuttamala","695505","Trivandrum","Trivandrum","Kerala"
"Kuttamangalam","688501","Alappuzha","Alappuzha","Kerala"
"Kuttamperoor","689623","Alappuzha","Alappuzha","Kerala"
"Kuttampuzha","686691","Ernakulam","Kothamangalam","Kerala"
"Kuttanad","679533","Alappuzha","Palghat","Kerala"
"Kuttanallur","680014","Thrissur","Thrissur","Kerala"
"Kuttancherry","680584","Thrissur","Thrissur","Kerala"
"Kuttansseri","679514","Thrissur","Thrissur","Kerala"
"Kuttanur","678721","Thrissur","Thrissur","Kerala"
"Kuttapuzha","689103","Pathanamthitta","Pathanamthitta","Kerala"
"Kuttathy","676523","Malapuram","Malapuram","Kerala"
"Kuttayi","676562","Malapuram","Malapuram","Kerala"
"Kutthanpalli","680594","Thrissur","Thrissur","Kerala"
"Kuttiadi","673508","Kozhikode","Kozhikode","Kerala"
"Kuttichal","695574","Trivandrum","Trivandrum","Kerala"
"Kuttichira","680721","Thrissur","Thrissur","Kerala"
"Kuttikanam","685531","Iduki","Iduki","Kerala"
"Kuttikattukara","683504","Ernakulam","Ernakulam","Kerala"
"Kuttikattur","673008","Kozhikode","Kozhikode","Kerala"
"Kuttikkad","680721","Thrissur","Thrissur","Kerala"
"Kuttikkadu","691536","Kollam","Kollam","Kerala"
"Kuttikol","670141","Kannur","Cannanore (Kannur)","Kerala"
"Kuttikolu","671541","Kasargode","Kasargode","Kerala"
"Kuttipala","676501","Malapuram","Malapuram","Kerala"
"Kuttipalam","678101","Thrissur","Thrissur","Kerala"
"Kuttipuram","676503","Malapuram","Malapuram","Kerala"
"Kuttipuram","679571","Malapuram","Malapuram","Kerala"
"Kuttiyattur","670602","Kannur","Cannanore (Kannur)","Kerala"
"Kuttiyeri","670141","Kannur","Taliparamba","Kerala"
"Kuttoth","673524","Kozhikode","Kozhikode","Kerala"
"Kuttur","670306","Kannur","Cannanore (Kannur)","Kerala"
"Kuttur","689106","Pathanamthitta","Pathanamthitta","Kerala"
"Kuttur","680013","Thrissur","Thrissur","Kerala"
"Kuttur North","676305","Malapuram","Malapuram","Kerala"
"Kuvalssery","695512","Trivandrum","Trivandrum","Kerala"
"Kuzhikala","689644","Pathanamthitta","Pathanamthitta","Kerala"
"Kuzhikattusseri","680683","Thrissur","Thrissur","Kerala"
"Kuzhimanna","673641","Malapuram","#N/A","Kerala"
"Kuzhimathicaud","691509","Kollam","Kollam","Kerala"
"Kuzhimattom","686533","Kottayam","Kottayam","Kerala"
"Kuzhithozhu","685551","Iduki","Iduki","Kerala"
"Kuzhithura","690542","Kollam","Kollam","Kerala"
"Kuzhiyara","682312","Ernakulam","Ernakulam","Kerala"
"Kuzhur","680734","Thrissur","Thrissur","Kerala"
"Kythapoil Edso","673023","Kozhikode","Kozhikode","Kerala"
"Lahai","689662","Pathanamthitta","Pathanamthitta","Kerala"
"Lakkattoor","686502","Kottayam","Kottayam","Kerala"
"Lakkidi","679301","Thrissur","Thrissur","Kerala"
"Lakkidi","673576","Wayanad","Wayanad","Kerala"
"Lakshmicoil","685531","Iduki","Iduki","Kerala"
"Lonetree","685505","Iduki","Iduki","Kerala"
"Lourdupuram","695526","Trivandrum","Trivandrum","Kerala"
"M G College","695004","Trivandrum","Trivandrum","Kerala"
"Machel","695571","Ernakulam","Ernakulam","Kerala"
"Machiplavu","685561","Iduki","Iduki","Kerala"
"Madakkathanam","686670","Ernakulam","Ernakulam","Kerala"
"Madakkathara","680651","Thrissur","Thrissur","Kerala"
"Madakkimala","673121","Wayanad","Wayanad","Kerala"
"Madakkunnu","673121","Wayanad","Wayanad","Kerala"
"Madamon Edso","689665","Pathanamthitta","Pathanamthitta","Kerala"
"Madappally","686546","Kottayam","#N/A","Kerala"
"Madappally College","673102","Kozhikode","Kozhikode","Kerala"
"Madathara","691541","Kollam","Kollam","Kerala"
"Madathil","670703","Kannur","Cannanore (Kannur)","Kerala"
"Madathilkaranma","690526","Kollam","Kollam","Kerala"
"Madathumbhagom North","689543","Pathanamthitta","Pathanamthitta","Kerala"
"Madathumpady","680733","Thrissur","Thrissur","Kerala"
"Madavana","680666","Thrissur","Thrissur","Kerala"
"Madavoor Pallickal","695602","Trivandrum","Trivandrum","Kerala"
"Madavur Edso","673583","Kozhikode","Kozhikode","Kerala"
"Madayi","670304","Kannur","#N/A","Kerala"
"Madayikkonam","680712","Thrissur","Thrissur","Kerala"
"Madhur","671124","Kasargode","Kasaragod","Kerala"
"Madikai","671314","Kasargode","Hosdurg","Kerala"
"Madu","680512","Thrissur","Thrissur","Kerala"
"Madukka","686513","Kottayam","Kottayam","Kerala"
"Madukkakunnu","686577","Kottayam","Kottayam","Kerala"
"Mahadevicaud Edso","690555","Alappuzha","Alappuzha","Kerala"
"Maikavu","673573","Kozhikode","Kozhikode","Kerala"
"Mailacombu","685584","Iduki","Iduki","Kerala"
"Mailode","691537","Kollam","Kollam","Kerala"
"Mailom","691560","Kollam","Kollam","Kerala"
"Maithara","673639","Malapuram","Malapuram","Kerala"
"Majaibail","671323","Kasargode","Kasargode","Kerala"
"Makkada Edso","673617","Kozhikode","Kozhikode","Kerala"
"Makkaid","670731","Kannur","Cannanore (Kannur)","Kerala"
"Makkapuzha","689676","Pathanamthitta","Pathanamthitta","Kerala"
"Makkaraparamba","676507","Malapuram","Malapuram","Kerala"
"Makreri","670622","Kannur","Cannanore (Kannur)","Kerala"
"Mala Palaghat","679534","Thrissur","Thrissur","Kerala"
"Mala Thrisur","680732","Thrissur","Thrissur","Kerala"
"Malakallu","671532","Kasargode","Kasargode","Kerala"
"Malakara","689532","Pathanamthitta","Pathanamthitta","Kerala"
"Malakkal","695602","Trivandrum","Trivandrum","Kerala"
"Malakkappara","680724","Kottayam","Kottayam","Kerala"
"Malakunnam Esdo","686552","Kottayam","Kottayam","Kerala"
"Malam","686552","Kottayam","Kottayam","Kerala"
"Malamalkavu","679553","Thrissur","Thrissur","Kerala"
"Malampuzha Dam","678651","Thrissur","Thrissur","Kerala"
"Malaparamba","673009","Kozhikode","Kozhikode","Kerala"
"Malapattam","670631","Kannur","Taliparamba","Kerala"
"Malappuram","676505","Malapuram","Malappuram","Kerala"
"Malavattom","680588","Thrissur","Thrissur","Kerala"
"Malayalapuzha Thazham","689666","Pathanamthitta","Pathanamthitta","Kerala"
"Malayam","695571","Ernakulam","Ernakulam","Kerala"
"Malayamma","673601","Kozhikode","Kozhikode","Kerala"
"Malayampadi","670674","Kannur","Cannanore (Kannur)","Kerala"
"Malayattoor","683587","Ernakulam","#N/A","Kerala"
"Malayattoor","683587","Ernakulam","#N/A","Kerala"
"Malayattur Edso","683587","Ernakulam","Ernakulam","Kerala"
"Malayidamthuruth","683561","Ernakulam","Ernakulam","Kerala"
"Malayinchi","685581","Iduki","Iduki","Kerala"
"Malayinkil","695571","Ernakulam","Ernakulam","Kerala"
"Malesamangalam","680588","Thrissur","Thrissur","Kerala"
"Mali","685551","Iduki","Iduki","Kerala"
"Malipara","686691","Ernakulam","Ernakulam","Kerala"
"Malipuram","682511","Ernakulam","Ernakulam","Kerala"
"Maliyankara","683516","Ernakulam","Ernakulam","Kerala"
"Malla","671542","Kasargode","Kasargode","Kerala"
"Mallannur","670701","Kannur","Cannanore (Kannur)","Kerala"
"Mallapally East","689584","Pathanamthitta","Pathanamthitta","Kerala"
"Mallapally North","689594","Pathanamthitta","Pathanamthitta","Kerala"
"Mallapally West","689585","Alappuzha","Alappuzha","Kerala"
"Mallassery","689646","Pathanamthitta","Pathanamthitta","Kerala"
"Mallikasseri","686577","Kottayam","Kottayam","Kerala"
"Malloosery","686041","Kottayam","Kottayam","Kerala"
"Malmakavu","679554","Thrissur","Thrissur","Kerala"
"Maloor","689646","Pathanamthitta","Pathanamthitta","Kerala"
"Maloor College","689695","Pathanamthitta","Pathanamthitta","Kerala"
"Malur","670702","Kannur","Cannanore (Kannur)","Kerala"
"Malyalapuzha Eram","689664","Pathanamthitta","Pathanamthitta","Kerala"
"Mamala","682305","Ernakulam","Ernakulam","Kerala"
"Mamalakandam","686691","Ernakulam","Ernakulam","Kerala"
"Mamalassery","686663","Ernakulam","Ernakulam","Kerala"
"Mamba","670611","Kannur","Cannanore (Kannur)","Kerala"
"Mambra","680308","Thrissur","Thrissur","Kerala"
"Mambram","670741","Kannur","Cannanore (Kannur)","Kerala"
"Mammattikanam","685566","Iduki","Iduki","Kerala"
"Mammoodu","689513","Pathanamthitta","Pathanamthitta","Kerala"
"Mammoodu Edso","686553","Kottayam","Kottayam","Kerala"
"Mampad","676542","Malapuram","Malapuram","Kerala"
"Mampad College","676542","Malapuram","Malapuram","Kerala"
"Mampara","689508","Alappuzha","Alappuzha","Kerala"
"Mampara","689711","Pathanamthitta","Pathanamthitta","Kerala"
"Mampattumoola","679332","Malapuram","Malapuram","Kerala"
"Mampazhathara","691307","Kollam","Kollam","Kerala"
"Mampuram","676306","Malapuram","Malapuram","Kerala"
"Manacaud","695009","Trivandrum","Trivandrum","Kerala"
"Manadka","671541","Kasargode","Kasargode","Kerala"
"Manakad","685584","Iduki","Iduki","Kerala"
"Manakadavu","670571","Kannur","Cannanore (Kannur)","Kerala"
"Manakala","691551","Pathanamthitta","Pathanamthitta","Kerala"
"Manakodi","680017","Thrissur","Thrissur","Kerala"
"Manakulangara","680684","Thrissur","Thrissur","Kerala"
"Manalaya","679357","Malapuram","Malapuram","Kerala"
"Manali","691312","Kollam","Kollam","Kerala"
"Manali Vellarada","695505","Trivandrum","Trivandrum","Kerala"
"Manalithara","680589","Thrissur","Thrissur","Kerala"
"Manalumkal","686503","Kottayam","Kottayam","Kerala"
"Manalur","680617","Thrissur","Thrissur","Kerala"
"Manalvayal","673579","Wayanad","Wayanad","Kerala"
"Manambur","695611","Trivandrum","Trivandrum","Kerala"
"Manampuzha","691553","Pathanamthitta","Pathanamthitta","Kerala"
"Mananthavady","670645","Wayanad","#N/A","Kerala"
"Manantheri","670643","Kannur","Thalassery","Kerala"
"Manapadam Edso","678689","Thrissur","Thrissur","Kerala"
"Manapally North","690574","Kollam","Kollam","Kerala"
"Manapuram","688558","Alappuzha","Alappuzha","Kerala"
"Manarcaud","686019","Kottayam","Kottayam","Kerala"
"Manary","686673","Ernakulam","Ernakulam","Kerala"
"Manasseri","673602","Kozhikode","Kozhikode","Kerala"
"Manathana Edso","670677","Kannur","Cannanore (Kannur)","Kerala"
"Mancha","695541","Trivandrum","Trivandrum","Kerala"
"Manchamcode","695125","Trivandrum","Trivandrum","Kerala"
"Manchavilakom","695503","Trivandrum","Trivandrum","Kerala"
"Mancode","689694","Pathanamthitta","Kottarakkara","Kerala"
"Mandalam","670582","Kannur","Cannanore (Kannur)","Kerala"
"Mandapam","671326","Kasargode","Kasargode","Kerala"
"Mandarathur","673105","Kozhikode","Kozhikode","Kerala"
"Mandiram Jn.Ranny","689672","Pathanamthitta","Pathanamthitta","Kerala"
"Mandur Cnr","670501","Kannur","Cannanore (Kannur)","Kerala"
"Mangad","673574","Kozhikode","Kozhikode","Kerala"
"Mangad","691015","Kollam","Kollam","Kerala"
"Mangad","680542","Thrissur","Thrissur","Kerala"
"Mangalam","690515","Alappuzha","Alappuzha","Kerala"
"Mangalam Dam","678706","Thrissur","Thrissur","Kerala"
"Mangalam Mbr","676561","Malapuram","Malapuram","Kerala"
"Mangalam Ottapalam","679301","Thrissur","Thrissur","Kerala"
"Mangalpady","671324","Kasargode","#N/A","Kerala"
"Manganam","686018","Kottayam","Kottayam","Kerala"
"Mangatti Dam","670643","Kannur","Cannanore (Kannur)","Kerala"
"Mangode","679503","Thrissur","Thrissur","Kerala"
"Manhakadavu","673604","Kozhikode","Kozhikode","Kerala"
"Manhapatta","676123","Malapuram","Malapuram","Kerala"
"Manickamangalam","683574","Ernakulam","Ernakulam","Kerala"
"Manidu","686726","Ernakulam","Ernakulam","Kerala"
"Manikanteswaram","695013","Trivandrum","Trivandrum","Kerala"
"Manikinar","686693","Ernakulam","Ernakulam","Kerala"
"Manikkadavu","670705","Kannur","Cannanore (Kannur)","Kerala"
"Manikkasseri","678631","Thrissur","Thrissur","Kerala"
"Manikoth Edso","671329","Kasargode","Kasargode","Kerala"
"Manimala","686543","Kottayam","#N/A","Kerala"
"Manimoola","671541","Kasargode","Kasargode","Kerala"
"Manimooly","679333","Malapuram","Malapuram","Kerala"
"Manipara","670705","Kannur","Cannanore (Kannur)","Kerala"
"Manippara","685602","Iduki","Iduki","Kerala"
"Manipuram","673534","Kozhikode","Kozhikode","Kerala"
"Manisseri","679521","Thrissur","Thrissur","Kerala"
"Maniyangode","673122","Wayanad","Wayanad","Kerala"
"Maniyar","689662","Pathanamthitta","Pathanamthitta","Kerala"
"Maniyar Edso","673523","Kozhikode","Kozhikode","Kerala"
"Maniyar Pnr Edso","691325","Pathanamthitta","Pathanamthitta","Kerala"
"Maniyarangudi","685602","Iduki","Iduki","Kerala"
"Maniyat","671310","Kasargode","Hosdurg","Kerala"
"Manjadi Jn.","689105","Pathanamthitta","Pathanamthitta","Kerala"
"Manjakala","691508","Kollam","Kollam","Kerala"
"Manjamala","695313","Trivandrum","Trivandrum","Kerala"
"Manjappara","683581","Ernakulam","Ernakulam","Kerala"
"Manjappara","685553","Iduki","Iduki","Kerala"
"Manjappara","691533","Pathanamthitta","Pathanamthitta","Kerala"
"Manjeri","676121","Malapuram","Manjeri","Kerala"
"Manjeri College","676122","Malapuram","Malapuram","Kerala"
"Manjeshwar","671323","Kasargode","Manjeshwar","Kerala"
"Manjoor","686603","Kottayam","#N/A","Kerala"
"Manjoor South","686603","Kottayam","Kottayam","Kerala"
"Manjoora","673575","Wayanad","Wayanad","Kerala"
"Manjummel","683501","Ernakulam","Ernakulam","Kerala"
"Mankada","679324","Malapuram","#N/A","Kerala"
"Mankada Pallipuram","679324","Malapuram","Malapuram","Kerala"
"Mankamkuzhy","690558","Alappuzha","Alappuzha","Kerala"
"Mankarai","678613","Thrissur","Thrissur","Kerala"
"Mankarai R.S.Edso","678614","Thrissur","Thrissur","Kerala"
"Mankavu","673007","Kozhikode","Kozhikode","Kerala"
"Mankavu East","673007","Kozhikode","Kozhikode","Kerala"
"Mankode Kadakkal","691559","Kollam","Kollam","Kerala"
"Mankulam","685565","Iduki","Devikulam","Kerala"
"Mankurissi","678613","Thrissur","Thrissur","Kerala"
"Mankuva","685562","Iduki","Iduki","Kerala"
"Mannackanad","686633","Kottayam","Kottayam","Kerala"
"Mannadissala","686511","Kottayam","Kottayam","Kerala"
"Mannady","691530","Kollam","Kollam","Kerala"
"Mannalamkunnu","680518","Thrissur","Thrissur","Kerala"
"Mannalur Edso","678513","Thrissur","Thrissur","Kerala"
"Mannam","686561","Kottayam","Kottayam","Kerala"
"Mannam Parur","683520","Ernakulam","Ernakulam","Kerala"
"Mannam Sugar Mills","689501","Pathanamthitta","Pathanamthitta","Kerala"
"Mannamangalam","680014","Thrissur","Thrissur","Kerala"
"Mannamchery","688538","Alappuzha","Alappuzha","Kerala"
"Mannamconam","695125","Trivandrum","Trivandrum","Kerala"
"Mannamkandam","685561","Iduki","Devikulam","Kerala"
"Mannamnagar","689501","Pathanamthitta","Pathanamthitta","Kerala"
"Mannampetta Edso","679517","Thrissur","Thrissur","Kerala"
"Mannankavu","673614","Kozhikode","Kozhikode","Kerala"
"Mannanthala","695015","Trivandrum","Trivandrum","Kerala"
"Mannanur R.S.B.O","679523","Thrissur","Thrissur","Kerala"
"Mannapra","678685","Thrissur","Thrissur","Kerala"
"Mannar Alp","689622","Alappuzha","Alappuzha","Kerala"
"Mannarakulanji","689678","Pathanamthitta","Pathanamthitta","Kerala"
"Mannarasala Edso","690550","Alappuzha","Alappuzha","Kerala"
"Mannarkad","678582","Palakkad","#N/A","Kerala"
"Mannarkad College","678583","Thrissur","Thrissur","Kerala"
"Mannarkayam","686507","Kottayam","Kottayam","Kerala"
"Mannarmala","679325","Malapuram","Malapuram","Kerala"
"Mannathur","686723","Ernakulam","Ernakulam","Kerala"
"Mannengode","679307","Thrissur","Thrissur","Kerala"
"Mannera","689699","Pathanamthitta","Pathanamthitta","Kerala"
"Mannthipoyil","679332","Malapuram","Malapuram","Kerala"
"Mannur","673328","Kozhikode","Kozhikode","Kerala"
"Mannur","678642","Thrissur","Thrissur","Kerala"
"Mannur Anchal","691311","Kollam","Kollam","Kerala"
"Mannur West","678642","Thrissur","Thrissur","Kerala"
"Mannurkonam","695541","Trivandrum","Trivandrum","Kerala"
"Mannuthi","680651","Thrissur","Thrissur","Kerala"
"Manthanam","689581","Pathanamthitta","Pathanamthitta","Kerala"
"Manthuka","689519","Pathanamthitta","Pathanamthitta","Kerala"
"Manthuruthy","686542","Kottayam","Kottayam","Kerala"
"Maradi East","686673","Ernakulam","Ernakulam","Kerala"
"Maradu","682304","Ernakulam","Maradu","Kerala"
"Maraiyur","685620","Iduki","Iduki","Kerala"
"Marakadavu","673579","Wayanad","Wayanad","Kerala"
"Marakara Edso","676518","Malapuram","Malapuram","Kerala"
"Maramon","689549","Pathanamthitta","Pathanamthitta","Kerala"
"Marampally Edso","683107","Ernakulam","Ernakulam","Kerala"
"Maranad","691505","Kollam","Kollam","Kerala"
"Marancherri","679581","Malapuram","Malapuram","Kerala"
"Marangad","695542","Trivandrum","Trivandrum","Kerala"
"Marangattupally","686635","Kottayam","Kottayam","Kerala"
"Marangoli","686612","Kottayam","Kottayam","Kerala"
"Mararikulam North","688549","Alappuzha","Alappuzha","Kerala"
"Marathakara","680320","Thrissur","Thrissur","Kerala"
"Maravanthuruthu","686608","Kottayam","Kottayam","Kerala"
"Marayamangalam Edso","679356","Thrissur","Thrissur","Kerala"
"Marayamangalam South","679335","Thrissur","Thrissur","Kerala"
"Marayamuttom Edso","695131","Trivandrum","Trivandrum","Kerala"
"Mariapally","686023","Kottayam","Kottayam","Kerala"
"Mariapuram Edso","695127","Trivandrum","Trivandrum","Kerala"
"Marie","671552","Kasargode","Kasargode","Kerala"
"Marika","682315","Ernakulam","Ernakulam","Kerala"
"Mariyad","676122","Malapuram","Malapuram","Kerala"
"Mariyapuram","685602","Iduki","Iduki","Kerala"
"Marottichal","680014","Thrissur","Thrissur","Kerala"
"Marthandankara","691312","Kollam","Kollam","Kerala"
"Marudarode","678007","Thrissur","Thrissur","Kerala"
"Marudonkara","673513","Kozhikode","Kozhikode","Kerala"
"Marur","691524","Kollam","Kollam","Kerala"
"Marutha","679333","Malapuram","Malapuram","Kerala"
"Maruthadi","680507","Thrissur","Thrissur","Kerala"
"Maruthamala","695551","Trivandrum","Trivandrum","Kerala"
"Maruthancode","680604","Thrissur","Thrissur","Kerala"
"Maruthikunnu","695603","Trivandrum","Trivandrum","Kerala"
"Maruthovattom","688545","Alappuzha","Alappuzha","Kerala"
"Maruthur","679306","Thrissur","Thrissur","Kerala"
"Marygiri","685515","Iduki","Iduki","Kerala"
"Maryland","686652","Kottayam","Kottayam","Kerala"
"Mathaipara","685505","Iduki","Iduki","Kerala"
"Mathamangalam","670306","Kannur","Cannanore (Kannur)","Kerala"
"Mathamangalam Bazar","670306","Kannur","Cannanore (Kannur)","Kerala"
"Mathil","670343","Kannur","Cannanore (Kannur)","Kerala"
"Mathilakam","680685","Thrissur","Thrissur","Kerala"
"Mathilil","691601","Kollam","Kollam","Kerala"
"Mathira","691536","Kollam","Kollam","Kerala"
"Mathra Edso","691315","Kollam","Kollam","Kerala"
"Mathur Agraharam","678571","Thrissur","Thrissur","Kerala"
"Mathur Edso","689657","Pathanamthitta","Pathanamthitta","Kerala"
"Mathur Palghat","678571","Thrissur","Thrissur","Kerala"
"Matsyapuri","682029","Ernakulam","Ernakulam","Kerala"
"Mattakara","686564","Kottayam","Kottayam","Kerala"
"Mattancheri","682002","Ernakulam","Ernakulam","Kerala"
"Mattanode","673527","Kozhikode","Kozhikode","Kerala"
"Mattanur","670702","Kannur","Cannanore (Kannur)","Kerala"
"Mattanur","676561","Malapuram","Malapuram","Kerala"
"Mattanur College","670702","Kannur","Cannanore (Kannur)","Kerala"
"Mattarakkal","679322","Malapuram","Malapuram","Kerala"
"Mattathipara","686651","Kottayam","Kottayam","Kerala"
"Mattathukad","678581","Thrissur","Thrissur","Kerala"
"Mattathur","676528","Malapuram","Mukundapuram","Kerala"
"Mattathur Trichur Edso","680692","Thrissur","Thrissur","Kerala"
"Mattathurkunnu","680684","Thrissur","Thrissur","Kerala"
"Mattilayam","670731","Kannur","Cannanore (Kannur)","Kerala"
"Mattom","680602","Thrissur","Thrissur","Kerala"
"Mattoor","683574","Ernakulam","Aluva","Kerala"
"Mattul","670302","Kannur","Cannanore (Kannur)","Kerala"
"Mattul North","670325","Kannur","Cannanore (Kannur)","Kerala"
"Mattupatti Indo Swiss Project","685616","Iduki","Iduki","Kerala"
"Mattuthavalam","685505","Iduki","Iduki","Kerala"
"Mavadi","685533","Iduki","Iduki","Kerala"
"Mavadi Edso","691507","Kollam","Kollam","Kerala"
"Mavelikara","690101","Kollam","Kollam","Kerala"
"Mavilakadapuram Edso","671344","Kasargode","Kasargode","Kerala"
"Mavilayil Edso","670622","Kannur","Cannanore (Kannur)","Kerala"
"Mavoor","673661","Kozhikode","Mavoor","Kerala"
"Mayam","695505","Trivandrum","Trivandrum","Kerala"
"Mayanad","673008","Kozhikode","Kozhikode","Kerala"
"Mayannur","679105","Thrissur","Thrissur","Kerala"
"Mayilellampara","673573","Kozhikode","Kozhikode","Kerala"
"Mayipady","671124","Kasargode","Kasargode","Kerala"
"Mayithara Market","688539","Alappuzha","Alappuzha","Kerala"
"Mayyanad","691303","Kollam","Kollam","Kerala"
"Mayyannur Edso","673107","Kozhikode","Kozhikode","Kerala"
"Mayyil","670602","Kannur","#N/A","Kerala"
"Mazhuvannur Edso","686689","Ernakulam","Ernakulam","Kerala"
"Mazhuvannur South","686669","Ernakulam","Ernakulam","Kerala"
"Mechal","686586","Kottayam","Kottayam","Kerala"
"Mediri","686576","Kottayam","Kottayam","Kerala"
"Meempara","682308","Ernakulam","Ernakulam","Kerala"
"Meemutty","673580","Kozhikode","Kozhikode","Kerala"
"Meenachil","686589","Kottayam","Kottayam","Kerala"
"Meenadathur","676307","Malapuram","Malapuram","Kerala"
"Meenadom","686516","Kottayam","Kottayam","Kerala"
"Meenakshipuram","678533","Thrissur","Thrissur","Kerala"
"Meenangadi","673591","Kozhikode","Kozhikode","Kerala"
"Meenankal","695542","Trivandrum","Trivandrum","Kerala"
"Meencut","685565","Iduki","Iduki","Kerala"
"Meenkara Dam","678507","Thrissur","Thrissur","Kerala"
"Meenkunnam","686672","Ernakulam","Ernakulam","Kerala"
"Meenmutty","695562","Trivandrum","Trivandrum","Kerala"
"Meeyana","691510","Kollam","Kollam","Kerala"
"Mekkad Edso","683589","Ernakulam","Ernakulam","Kerala"
"Mekkadampu","682316","Ernakulam","Ernakulam","Kerala"
"Mekkozhur","689678","Pathanamthitta","Pathanamthitta","Kerala"
"Mekkunnu","670675","Kannur","Cannanore (Kannur)","Kerala"
"Meladi","673522","Kozhikode","Kozhikode","Kerala"
"Melampara Edso","686594","Kottayam","Kottayam","Kerala"
"Melangadi Edso","673648","Malapuram","Malapuram","Kerala"
"Melarcode","678703","Thrissur","Thrissur","Kerala"
"Melattur Malapuram","679326","Malapuram","Malapuram","Kerala"
"Melekumppachampady","685510","Iduki","Iduki","Kerala"
"Melepattambi","679306","Thrissur","Thrissur","Kerala"
"Melila","691508","Kollam","Kollam","Kerala"
"Melkadakkavur","695306","Kollam","Kollam","Kerala"
"Melmuri","679307","Thrissur","Thrissur","Kerala"
"Melmuri Edso","676514","Malapuram","Malapuram","Kerala"
"Melmuringodi","670673","Kannur","Cannanore (Kannur)","Kerala"
"Melood","691523","Kollam","Kollam","Kerala"
"Meloram","685532","Iduki","Iduki","Kerala"
"Melpadam","689627","Alappuzha","Alappuzha","Kerala"
"Melukavu","686652","Kottayam","Meenachil","Kerala"
"Melukavumattom","686652","Kottayam","Kottayam","Kerala"
"Melur","679501","Thrissur","Thrissur","Kerala"
"Melur","680311","Thrissur","Thrissur","Kerala"
"Melur Quilandy","673319","Kozhikode","Kozhikode","Kerala"
"Melur Tellichery","670661","Kannur","Cannanore (Kannur)","Kerala"
"Melvettoor","695312","Trivandrum","Trivandrum","Kerala"
"Memadangu","686672","Ernakulam","Ernakulam","Kerala"
"Memala","695551","Trivandrum","Trivandrum","Kerala"
"Memunda","673104","Kozhikode","Kozhikode","Kerala"
"Memuri Edso","686617","Kottayam","Kottayam","Kerala"
"Mennaniam","673525","Kozhikode","Kozhikode","Kerala"
"Menonpara","678556","Thrissur","Thrissur","Kerala"
"Meppadam","676542","Malapuram","Malapuram","Kerala"
"Meppayil Edso","673109","Kozhikode","Kozhikode","Kerala"
"Meppayur","673524","Kozhikode","Kozhikode","Kerala"
"Mepral","689591","Pathanamthitta","Pathanamthitta","Kerala"
"Methala","683545","Ernakulam","Methala","Kerala"
"Methala","680669","Thrissur","Thrissur","Kerala"
"Mevada","686620","Kottayam","Kottayam","Kerala"
"Mevalloor","686609","Kottayam","Kottayam","Kerala"
"Mezhathur","679534","Thrissur","Thrissur","Kerala"
"Mezhuvelli","689507","Pathanamthitta","Pathanamthitta","Kerala"
"Michelgiri","685620","Iduki","Iduki","Kerala"
"Midayikunnu","686605","Kottayam","Kottayam","Kerala"
"Minalur","680581","Thrissur","Thrissur","Kerala"
"Minicoy","682559","Ernakulam","Ernakulam","Kerala"
"Mithirmala","695610","Trivandrum","Trivandrum","Kerala"
"Mithrakari Edso","689598","Alappuzha","Alappuzha","Kerala"
"Mithranikethan","695543","Trivandrum","Trivandrum","Kerala"
"Miyannur","691537","Kollam","Kollam","Kerala"
"Miyapadavu","671323","Kasargode","Kasargode","Kerala"
"Modakallur","673321","Kozhikode","Kozhikode","Kerala"
"Modakolly","673592","Wayanad","Wayanad","Kerala"
"Modapoika","679331","Malapuram","Malapuram","Kerala"
"Mogral","671321","Kasargode","Kasaragod","Kerala"
"Mogral Puthur Edso","671128","Kasargode","Kasargode","Kerala"
"Mokeri","671321","Kasargode","Thalassery","Kerala"
"Mokeri Nadapuram Edso","673513","Kozhikode","Kozhikode","Kerala"
"Mokkam","673602","Kozhikode","Kozhikode","Kerala"
"Moncombu","688502","Alappuzha","Alappuzha","Kerala"
"Moncombu Thekkekara","688503","Alappuzha","Alappuzha","Kerala"
"Mongam","673642","Malapuram","Malapuram","Kerala"
"Monipally","686636","Kottayam","Kottayam","Kerala"
"Moodambail","671323","Kasargode","Kasaragod","Kerala"
"Mookkannur","683577","Ernakulam","Ernakulam","Kerala"
"Mookuthala","679594","Malapuram","Malapuram","Kerala"
"Mookuthikunnu","673595","Wayanad","Wayanad","Kerala"
"Moolad","673614","Kozhikode","Kozhikode","Kerala"
"Moolakad","685581","Iduki","Iduki","Kerala"
"Moolamattom","685589","Iduki","Iduki","Kerala"
"Moolamattom East","685589","Iduki","Iduki","Kerala"
"Moolankav","679592","Malapuram","Malapuram","Kerala"
"Moolavattom","686026","Kottayam","Kottayam","Kerala"
"Moonekarb.O","678597","Thrissur","Thrissur","Kerala"
"Moongalar","685533","Iduki","Iduki","Kerala"
"Moongode","695144","Trivandrum","Trivandrum","Kerala"
"Moongode","695573","Trivandrum","Trivandrum","Kerala"
"Mooniyur","676311","Malapuram","Malapuram","Kerala"
"Moonnanakuzhy","695615","Trivandrum","Trivandrum","Kerala"
"Moonnilavu","686586","Kottayam","Kottayam","Kerala"
"Moonniyur South","676314","Malapuram","Malapuram","Kerala"
"Moonnumukku","695609","Trivandrum","Trivandrum","Kerala"
"Mooriyad","670643","Kannur","Cannanore (Kannur)","Kerala"
"Moorkand","679338","Malapuram","Malapuram","Kerala"
"Moothakunnam","683516","Ernakulam","#N/A","Kerala"
"Moothala","695604","Trivandrum","Trivandrum","Kerala"
"Moothanthara","678012","Thrissur","Thrissur","Kerala"
"Moothedom","679331","Malapuram","Malapuram","Kerala"
"Moozhikara Edso","670111","Kannur","Cannanore (Kannur)","Kerala"
"Moozhikulangara","686601","Kottayam","Kottayam","Kerala"
"Morayur Edso","673649","Malapuram","Malapuram","Kerala"
"Morazha","670331","Kannur","Cannanore (Kannur)","Kerala"
"Morikkara","673611","Kozhikode","Kozhikode","Kerala"
"Mothirakanni","680721","Thrissur","Thrissur","Kerala"
"Mottammal","670331","Kannur","Cannanore (Kannur)","Kerala"
"Mount","685533","Iduki","Iduki","Kerala"
"Movval","671316","Kasargode","Kasargode","Kerala"
"Movvar","671543","Kasargode","Kasargode","Kerala"
"Mowancherri","670613","Kannur","Cannanore (Kannur)","Kerala"
"Moyilothara","673513","Kozhikode","Kozhikode","Kerala"
"Mozhiyar","689662","Pathanamthitta","Pathanamthitta","Kerala"
"Mozhoor","686503","Kottayam","Kottayam","Kerala"
"Mrala","685587","Iduki","Iduki","Kerala"
"Mucheer","678631","Thrissur","Thrissur","Kerala"
"Muchukunnu","673307","Kozhikode","Kozhikode","Kerala"
"Mudadi","673325","Kannur","Cannanore (Kannur)","Kerala"
"Mudadi North","673307","Kozhikode","Kozhikode","Kerala"
"Mudakkal","695103","Trivandrum","Trivandrum","Kerala"
"Mudakuzha","683546","Ernakulam","Ernakulam","Kerala"
"Mudappalur","678705","Thrissur","Thrissur","Kerala"
"Mudappuram Edso","695314","Trivandrum","Trivandrum","Kerala"
"Mudapuraam","695314","Trivandrum","Trivandrum","Kerala"
"Mudavantheri","673505","Kozhikode","Kozhikode","Kerala"
"Mudavoor","686669","Ernakulam","Ernakulam","Kerala"
"Mudickal","683547","Ernakulam","Ernakulam","Kerala"
"Mudiyanga","670691","Kannur","Cannanore (Kannur)","Kerala"
"Mudiyoorkonam Edso","689516","Pathanamthitta","Pathanamthitta","Kerala"
"Mudukurissi","678593","Thrissur","Thrissur","Kerala"
"Mudur","679578","Malapuram","Malapuram","Kerala"
"Muduthala Edso","679314","Thrissur","Thrissur","Kerala"
"Muduvana","673523","Kozhikode","Kozhikode","Kerala"
"Muduvattur","680506","Thrissur","Thrissur","Kerala"
"Mugu","671321","Kasargode","Kasaragod","Kerala"
"Muhamma","688525","Alappuzha","Muhamma","Kerala"
"Mukhathala","691577","Kollam","Kollam","Kerala"
"Mukkada","686544","Kottayam","Kottayam","Kerala"
"Mukkali","678582","Thrissur","Thrissur","Kerala"
"Mukkodu","691503","Kollam","Kollam","Kerala"
"Mukkolakkal","695044","Trivandrum","Trivandrum","Kerala"
"Mukkolakkal Edso","695044","Trivandrum","Trivandrum","Kerala"
"Mukkottuthara","686510","Kottayam","Kottayam","Kerala"
"Mukkudam","686562","Kottayam","Kottayam","Kerala"
"Mukkudi","685554","Iduki","Iduki","Kerala"
"Mukkudil","695607","Trivandrum","Trivandrum","Kerala"
"Mukkulam","686514","Kottayam","Kottayam","Kerala"
"Mukundapuram","691585","Kollam","Kollam","Kerala"
"Mulagunnathucavu","680581","Thrissur","Thrissur","Kerala"
"Mulakaramedu","685515","Iduki","Iduki","Kerala"
"Mulakkalthukavu","695614","Trivandrum","Trivandrum","Kerala"
"Mulakulam","686664","Ernakulam","Vaikom","Kerala"
"Mulakulam South","686610","Kottayam","Kottayam","Kerala"
"Mulakuzha","689505","Alappuzha","Alappuzha","Kerala"
"Mulangot","678684","Thrissur","Thrissur","Kerala"
"Mulannur","679511","Thrissur","Thrissur","Kerala"
"Mulanthuruthy","682314","Ernakulam","Ernakulam","Kerala"
"Mulappilangd","670662","Kannur","Cannanore (Kannur)","Kerala"
"Mulappuram","685581","Iduki","Iduki","Kerala"
"Mulavana","691503","Kollam","Kollam","Kerala"
"Mulavoor","686673","Ernakulam","Muvattupuzha","Kerala"
"Mulavukad","682504","Ernakulam","Mulavukad","Kerala"
"Mulayam","680751","Thrissur","Thrissur","Kerala"
"Mulayankavu","679337","Thrissur","Thrissur","Kerala"
"Mulayara","695543","Trivandrum","Trivandrum","Kerala"
"Muliyar","671542","Kasargode","#N/A","Kerala"
"Mullakodi","670602","Kannur","Cannanore (Kannur)","Kerala"
"Mullambath","673507","Kannur","Cannanore (Kannur)","Kerala"
"Mullankolli","673579","Wayanad","Wayanad","Kerala"
"Mullapuzhachal","686670","Ernakulam","Ernakulam","Kerala"
"Mullarikudy","686564","Kottayam","Kottayam","Kerala"
"Mullaringad","685582","Trivandrum","Trivandrum","Kerala"
"Mullasseri","680509","Thrissur","Thrissur","Kerala"
"Mulleria","671543","Kasargode","Kasargode","Kerala"
"Mullur","695521","Trivandrum","Trivandrum","Kerala"
"Mullurkara","680583","Thrissur","Thrissur","Kerala"
"Mulluvila","695133","Trivandrum","Trivandrum","Kerala"
"Munda","679331","Malapuram","Malapuram","Kerala"
"Mundakai","673577","Wayanad","Wayanad","Kerala"
"Mundakayam","686513","Kottayam","#N/A","Kerala"
"Mundakayam East Edso","686513","Kottayam","Kottayam","Kerala"
"Mundakkal","691001","Kollam","Kollam","Kerala"
"Mundakkal Vazhakkad","673640","Malapuram","Malapuram","Kerala"
"Mundakkottukurissi","679122","Thrissur","Thrissur","Kerala"
"Mundakutty","670645","Wayanad","Wayanad","Kerala"
"Mundalur","670622","Kannur","Cannanore (Kannur)","Kerala"
"Mundamala","689543","Pathanamthitta","Pathanamthitta","Kerala"
"Mundankal","686574","Kottayam","Kottayam","Kerala"
"Mundanmudi","685582","Trivandrum","Trivandrum","Kerala"
"Mundathanam","686541","Kottayam","Kottayam","Kerala"
"Mundathicode Edso","680595","Thrissur","Thrissur","Kerala"
"Mundathicode West P.O","680623","Thrissur","Thrissur","Kerala"
"Mundayad","670597","Kannur","Cannanore (Kannur)","Kerala"
"Mundela","695543","Trivandrum","Trivandrum","Kerala"
"Mundenveli","682507","Ernakulam","Ernakulam","Kerala"
"Munderi","679334","Malapuram","Munderi","Kerala"
"Munderi Eachur","670591","Kannur","Cannanore (Kannur)","Kerala"
"Mundiappalli Edso","689593","Pathanamthitta","Pathanamthitta","Kerala"
"Mundoor Kozhikode","673580","Kozhikode","Kozhikode","Kerala"
"Mundukottakkal","689649","Pathanamthitta","Pathanamthitta","Kerala"
"Munduparamba","670704","Kannur","Cannanore (Kannur)","Kerala"
"Munduparamba","676509","Malapuram","Malapuram","Kerala"
"Mundur Palakkad","678592","Thrissur","Thrissur","Kerala"
"Mundur Trichur","680541","Thrissur","Thrissur","Kerala"
"Munnad","671541","Kasargode","Kasaragod","Kerala"
"Munnar Kerala","685612","Iduki","Iduki","Kerala"
"Munnurkode","679502","Thrissur","Thrissur","Kerala"
"Munroethuruthu","691502","Kollam","Kollam","Kerala"
"Muppathadam","683110","Ernakulam","Ernakulam","Kerala"
"Muppathadam East Kallada","691502","Kollam","Kollam","Kerala"
"Muppliyam","680312","Thrissur","Thrissur","Kerala"
"Murampahty","673580","Kozhikode","Kozhikode","Kerala"
"Murikkassery","685604","Iduki","Iduki","Kerala"
"Murikkungal","680699","Thrissur","Thrissur","Kerala"
"Muringeri","670612","Kannur","Cannanore (Kannur)","Kerala"
"Muringur Vadakkummuri Edso","680316","Thrissur","Thrissur","Kerala"
"Murinjakal","689693","Pathanamthitta","Pathanamthitta","Kerala"
"Murinjapuzha","685532","Iduki","Iduki","Kerala"
"Muriyad Edso","680694","Thrissur","Thrissur","Kerala"
"Muriyara","685564","Iduki","Iduki","Kerala"
"Murkanad","680711","Thrissur","Thrissur","Kerala"
"Murukady","685535","Iduki","Iduki","Kerala"
"Murukkumpuzha","695302","Trivandrum","Trivandrum","Kerala"
"Muthalakodam","685605","Iduki","Iduki","Kerala"
"Muthalamada","678507","Thrissur","Thrissur","Kerala"
"Muthana","695146","Trivandrum","Trivandrum","Kerala"
"Muthanga","673592","Wayanad","Wayanad","Kerala"
"Mutholapuram","686665","Ernakulam","Ernakulam","Kerala"
"Mutholy","686597","Kottayam","Kottayam","Kerala"
"Muthukad","673528","Kozhikode","Kozhikode","Kerala"
"Muthukulam Edso","690560","Alappuzha","Alappuzha","Kerala"
"Muthukulam South","690506","Alappuzha","Alappuzha","Kerala"
"Muthuparamba","673638","Malapuram","Malapuram","Kerala"
"Muthupezhumkal","689691","Pathanamthitta","Pathanamthitta","Kerala"
"Muthupilakad","690520","Kollam","Kollam","Kerala"
"Muthuppanpuzha","673603","Wayanad","Wayanad","Kerala"
"Muthur","689107","Pathanamthitta","Pathanamthitta","Kerala"
"Muthuvadathur","673503","Kozhikode","Kozhikode","Kerala"
"Muthuvallur","673638","Malapuram","Ernad","Kerala"
"Muthuvannacha","673508","Kozhikode","Kozhikode","Kerala"
"Muthuvila","695610","Trivandrum","Trivandrum","Kerala"
"Muttada","695025","Trivandrum","Trivandrum","Kerala"
"Muttakadu","695523","Trivandrum","Trivandrum","Kerala"
"Muttambalam","686004","Kottayam","Kottayam","Kerala"
"Muttancherri","673585","Kozhikode","Kozhikode","Kerala"
"Muttanur","676561","Malapuram","Malapuram","Kerala"
"Muttappalam","695145","Trivandrum","Trivandrum","Kerala"
"Muttappally","686510","Kottayam","Kottayam","Kerala"
"Muttar","689574","Alappuzha","Alappuzha","Kerala"
"Muttara","691512","Kollam","Kollam","Kerala"
"Muttathiparambu","688527","Alappuzha","Alappuzha","Kerala"
"Muttathodi","671123","Kasargode","Kasargode","Kerala"
"Muttathukonam","689625","Pathanamthitta","Pathanamthitta","Kerala"
"Muttikulangara","678594","Alappuzha","Alappuzha","Kerala"
"Muttil","673122","Wayanad","Wayanad","Kerala"
"Muttithadi","680317","Thrissur","Thrissur","Kerala"
"Muttom","690511","Alappuzha","Alappuzha","Kerala"
"Muttom Ek","685587","Iduki","Iduki","Kerala"
"Muttom Kadavil","671533","Kasargode","Kasargode","Kerala"
"Muttom Thumpamon","689502","Pathanamthitta","Pathanamthitta","Kerala"
"Muttuchira","686613","Kottayam","#N/A","Kerala"
"Muttungal","673110","Kozhikode","Kozhikode","Kerala"
"Muttungal West","673106","Kozhikode","Kozhikode","Kerala"
"Muvattupuzha","686661","Ernakulam","Muvattupuzha","Kerala"
"Muvattupuzha Market","686673","Ernakulam","Ernakulam","Kerala"
"Muyipoth","673524","Kozhikode","Kozhikode","Kerala"
"Muyyam","670142","Kannur","Cannanore (Kannur)","Kerala"
"Muzhakunnu","670673","Kannur","Cannanore (Kannur)","Kerala"
"Muzhakunnu Bazar","670673","Kannur","Cannanore (Kannur)","Kerala"
"Muzhappala","670611","Kannur","Cannanore (Kannur)","Kerala"
"Mylakad","691571","Kollam","Kollam","Kerala"
"Mylakkara Edso","695572","Trivandrum","Trivandrum","Kerala"
"Mylambadi","673591","Kozhikode","Kozhikode","Kerala"
"Mylamode","695609","Trivandrum","Trivandrum","Kerala"
"Mylappa Town","689678","Pathanamthitta","Pathanamthitta","Kerala"
"Mylapra","689671","Pathanamthitta","Pathanamthitta","Kerala"
"Mylatty","671319","Kasargode","Kasargode","Kerala"
"Mynagappally","690519","Kollam","Kollam","Kerala"
"Mynagappally North","690519","Kollam","Kollam","Kerala"
"Mysoremala","673602","Kozhikode","Kozhikode","Kerala"
"N.R.City","685566","Iduki","Iduki","Kerala"
"Nadackal","686124","Kottayam","Kottayam","Kerala"
"Nadakav","682307","Ernakulam","Ernakulam","Kerala"
"Nadakavu","673011","Kozhikode","Kozhikode","Kerala"
"Nadakkuthala Edso","673112","Kozhikode","Kozhikode","Kerala"
"Nadapuram","673504","Kozhikode","Kozhikode","Kerala"
"Nadathara","680751","Thrissur","Nadathara","Kerala"
"Nadavaramba","680661","Thrissur","Thrissur","Kerala"
"Nadavayal","670721","Wayanad","Wayanad","Kerala"
"Naderi","673326","Kozhikode","Kozhikode","Kerala"
"Nadukani","686691","Ernakulam","Ernakulam","Kerala"
"Naduvannur","673614","Kozhikode","Kozhikode","Kerala"
"Naduvath","679328","Malapuram","Malapuram","Kerala"
"Naduvathunagar Edso","688559","Alappuzha","Alappuzha","Kerala"
"Naduvathupara","678574","Thrissur","Thrissur","Kerala"
"Naduvathur","673330","Kozhikode","Kozhikode","Kerala"
"Naduvattom","679308","Thrissur","Thrissur","Kerala"
"Naduvattom Edso","679592","Malapuram","Malapuram","Kerala"
"Naduvattom Pallippad","690512","Alappuzha","Alappuzha","Kerala"
"Naduvil","670582","Kannur","Cannanore (Kannur)","Kerala"
"Naduvilkara","680614","Thrissur","Thrissur","Kerala"
"Nagalasseri","679533","Thrissur","Thrissur","Kerala"
"Nagapuzha","686668","Ernakulam","Ernakulam","Kerala"
"Nagaripuram","678642","Thrissur","Thrissur","Kerala"
"Nagaroor","695618","Trivandrum","#N/A","Kerala"
"Nalanchira","695015","Trivandrum","Trivandrum","Kerala"
"Nalkalikal Edso","689533","Pathanamthitta","Pathanamthitta","Kerala"
"Nalketty","673591","Kozhikode","Kozhikode","Kerala"
"Nallalam","673027","Kozhikode","Kozhikode","Kerala"
"Nallanthani","679330","Malapuram","Malapuram","Kerala"
"Nallarchal","673593","Kozhikode","Kozhikode","Kerala"
"Nallepilly","678553","Thrissur","Thrissur","Kerala"
"Nallila","691515","Kollam","Kollam","Kerala"
"Nallurnad","670645","Wayanad","Wayanad","Kerala"
"Nalukettu","680308","Thrissur","Thrissur","Kerala"
"Nalukody","686548","Kottayam","Kottayam","Kerala"
"Nalumnakkal","686538","Kottayam","Kottayam","Kerala"
"Naluthara","673320","Kozhikode","Kozhikode","Kerala"
"Nambazhikad","680602","Thrissur","Thrissur","Kerala"
"Nambiarkunnu","673595","Wayanad","Wayanad","Kerala"
"Nambooripotti","679333","Malapuram","Malapuram","Kerala"
"Nambullipara","678592","Thrissur","Thrissur","Kerala"
"Nandikkara","680301","Thrissur","Thrissur","Kerala"
"Nandipulam Edso","680319","Thrissur","Thrissur","Kerala"
"Nangiarkulangara","690513","Alappuzha","Alappuzha","Kerala"
"Nanicheri","670563","Kannur","Cannanore (Kannur)","Kerala"
"Nanminda","673613","Kozhikode","Kozhikode","Kerala"
"Nannambra","676320","Malapuram","Tirurangadi","Kerala"
"Nannamukku","678575","Thrissur","Thrissur","Kerala"
"Nannamukku South","679575","Malapuram","Malapuram","Kerala"
"Nanniyode","678534","Thrissur","Thrissur","Kerala"
"Nanthiattukunnam","683513","Ernakulam","Ernakulam","Kerala"
"Narakakkanam","685602","Iduki","Iduki","Kerala"
"Narakathani","689544","Pathanamthitta","Pathanamthitta","Kerala"
"Narakathara","688506","Alappuzha","Alappuzha","Kerala"
"Narakkal","682505","Ernakulam","Ernakulam","Kerala"
"Naranamoozhi","689711","Pathanamthitta","Pathanamthitta","Kerala"
"Naranganam","689642","Pathanamthitta","#N/A","Kerala"
"Naranganam North","689642","Pathanamthitta","Pathanamthitta","Kerala"
"Naranganam West","689642","Pathanamthitta","Pathanamthitta","Kerala"
"Narath Edso","670603","Kannur","Cannanore (Kannur)","Kerala"
"Nareekamvalli","670501","Kannur","Cannanore (Kannur)","Kerala"
"Narianganam","686579","Kottayam","Kottayam","Kerala"
"Nariapuram","689513","Pathanamthitta","Pathanamthitta","Kerala"
"Narikkal Edso","691326","Kollam","Kollam","Kerala"
"Narikodemala","670693","Kannur","Cannanore (Kannur)","Kerala"
"Narikundu","673593","Kozhikode","Kozhikode","Kerala"
"Narikunni","673585","Kozhikode","Kozhikode","Kerala"
"Narimamoodu","695020","Trivandrum","Trivandrum","Kerala"
"Nariparamba","679573","Thrissur","Thrissur","Kerala"
"Naripetta","673506","Kozhikode","Kozhikode","Kerala"
"Nariyampara","685511","Iduki","Iduki","Kerala"
"Nariyanani","686506","Kottayam","Kottayam","Kerala"
"Narukara","676122","Malapuram","Malapuram","Kerala"
"Natakkal","671533","Kasargode","Kasargode","Kerala"
"Nathamkuni","673577","Wayanad","Wayanad","Kerala"
"Nattakam","680566","Thrissur","Thrissur","Kerala"
"Nattassery S.H.Mount","686006","Kottayam","Kottayam","Kerala"
"Nattika","680566","Thrissur","Thrissur","Kerala"
"Nattika Beach Edso","680572","Thrissur","Thrissur","Kerala"
"Nattukal","678583","Thrissur","Thrissur","Kerala"
"Nattukal Chittur","678554","Palakkad","Palghat","Kerala"
"Navaikulam","695603","Trivandrum","#N/A","Kerala"
"Naval Armament Depot.","683563","Ernakulam","Ernakulam","Kerala"
"Nayarambalam","682509","Ernakulam","#N/A","Kerala"
"Nayarkuzhi","673601","Kozhikode","Kozhikode","Kerala"
"Nayarupara","685602","Iduki","Iduki","Kerala"
"Nayathode","683572","Ernakulam","Ernakulam","Kerala"
"Nazareth","682002","Ernakulam","Ernakulam","Kerala"
"Nazareth Hill","686633","Kottayam","Kottayam","Kerala"
"Nechipuzoor","686574","Kottayam","Kottayam","Kerala"
"Nechoor","686664","Ernakulam","Ernakulam","Kerala"
"Nechur","678544","Thrissur","Thrissur","Kerala"
"Nediyanga","670631","Kannur","Taliparamba","Kerala"
"Nediyara","691306","Kollam","Kollam","Kerala"
"Nediyassala","685584","Iduki","Iduki","Kerala"
"Nediyirippu","673638","Malapuram","Malapuram","Kerala"
"Nedumancavu","691509","Kollam","Kollam","Kerala"
"Nedumangad","682509","Ernakulam","Nedumangad","Kerala"
"Nedumangad","695541","Trivandrum","Nedumangad","Kerala"
"Nedumanny","686542","Kottayam","Kottayam","Kerala"
"Nedumapram Edso","689578","Pathanamthitta","Pathanamthitta","Kerala"
"Nedumbasseri","683585","Ernakulam","Ernakulam","Kerala"
"Nedumgolam","691334","Kollam","Kollam","Kerala"
"Nedumkandam","685553","Iduki","Iduki","Kerala"
"Nedumkunnam","686542","Kottayam","Kottayam","Kerala"
"Nedumon","691556","Pathanamthitta","Pathanamthitta","Kerala"
"Nedumoncavu","689693","Pathanamthitta","Pathanamthitta","Kerala"
"Nedumpana Edso","691580","Kollam","Kollam","Kerala"
"Nedumparamba","673506","Kozhikode","Kozhikode","Kerala"
"Nedumparambu","695102","Trivandrum","Trivandrum","Kerala"
"Nedumpoil","670650","Kannur","Cannanore (Kannur)","Kerala"
"Nedumpura","679531","Thrissur","Thrissur","Kerala"
"Nedumudi","688508","Alappuzha","Alappuzha","Kerala"
"Nedungada","695307","Trivandrum","Trivandrum","Kerala"
"Nedungadapally","686545","Kottayam","Kottayam","Kerala"
"Nedungapra","683545","Ernakulam","Ernakulam","Kerala"
"Nedungome","670631","Kannur","Cannanore (Kannur)","Kerala"
"Nedungottur","679308","Thrissur","Thrissur","Kerala"
"Nedupuzha","680015","Thrissur","Thrissur","Kerala"
"Neduva","676303","Malapuram","Tirurangadi","Kerala"
"Neduvarancode","689508","Alappuzha","Alappuzha","Kerala"
"Neelamperoor","686534","Kottayam","#N/A","Kerala"
"Neelancheri","676525","Malapuram","Malapuram","Kerala"
"Neeleshwaram Edso","683584","Ernakulam","Ernakulam","Kerala"
"Neeleswaram","673572","Kozhikode","Kozhikode","Kerala"
"Neeleswaram Edso","691506","Kollam","Kollam","Kerala"
"Neeliplavu","689663","Pathanamthitta","Pathanamthitta","Kerala"
"Neeloor","686651","Kottayam","Kottayam","Kerala"
"Neendakara","691582","Kollam","Kollam","Kerala"
"Neendoor","686601","Kottayam","Kottayam","Kerala"
"Neeramankadavu","695610","Trivandrum","Trivandrum","Kerala"
"Neerattupuram","689571","Alappuzha","Alappuzha","Kerala"
"Neerikad","686564","Kottayam","Kottayam","Kerala"
"Neerikode","683511","Ernakulam","Ernakulam","Kerala"
"Neerveli","670701","Kannur","Cannanore (Kannur)","Kerala"
"Neervilakom","689122","Alappuzha","Alappuzha","Kerala"
"Nehru Nagar","680006","Thrissur","Thrissur","Kerala"
"Nekraje Edso","671544","Kasargode","Kasargode","Kerala"
"Nellad Edso","686721","Ernakulam","Ernakulam","Kerala"
"Nellai-Trichur","680305","Thrissur","Thrissur","Kerala"
"Nellanad","695606","Trivandrum","Nedumangad","Kerala"
"Nellattil","695302","Trivandrum","Trivandrum","Kerala"
"Nellaya","679335","Thrissur","Thrissur","Kerala"
"Nelliampathy","678511","Thrissur","Thrissur","Kerala"
"Nellicode","673016","Kozhikode","Kozhikode","Kerala"
"Nellikala Edso","689643","Pathanamthitta","Pathanamthitta","Kerala"
"Nellikamon Edso","689680","Pathanamthitta","Pathanamthitta","Kerala"
"Nellikaparamba","673602","Kozhikode","Kozhikode","Kerala"
"Nellikkatiri","679533","Thrissur","Thrissur","Kerala"
"Nellikunnam Edso","691623","Kollam","Kollam","Kerala"
"Nellikunnu","680005","Thrissur","Thrissur","Kerala"
"Nellikuthu","676122","Malapuram","Malapuram","Kerala"
"Nellikutty","670632","Kannur","Cannanore (Kannur)","Kerala"
"Nellikuzhi","686691","Ernakulam","Ernakulam","Kerala"
"Nellimala","689542","Pathanamthitta","Pathanamthitta","Kerala"
"Nellimattom","686693","Ernakulam","Ernakulam","Kerala"
"Nellimmodu","695524","Trivandrum","Trivandrum","Kerala"
"Nellimukal","691551","Pathanamthitta","Pathanamthitta","Kerala"
"Nellimukku","691509","Kollam","Kollam","Kerala"
"Nellipally","691305","Kollam","Kollam","Kerala"
"Nellipara","670571","Kannur","Cannanore (Kannur)","Kerala"
"Nellipara","685515","Iduki","Iduki","Kerala"
"Nellivila","695523","Trivandrum","Trivandrum","Kerala"
"Nelluvaya","680584","Thrissur","Thrissur","Kerala"
"Nemmara","678508","Thrissur","Thrissur","Kerala"
"Nemmara College","678508","Thrissur","Thrissur","Kerala"
"Nemmara Old Village","678508","Thrissur","Thrissur","Kerala"
"Nemmini","680104","Thrissur","Thrissur","Kerala"
"Nemminikara","680301","Thrissur","Thrissur","Kerala"
"Nemom","695020","Trivandrum","Trivandrum","Kerala"
"Nenmeni","673592","Wayanad","Sulthanbathery","Kerala"
"Nenmeni Kollengode","678506","Thrissur","Thrissur","Kerala"
"Nenmenikunnu","673595","Wayanad","Wayanad","Kerala"
"Neriamangalam","686693","Ernakulam","Ernakulam","Kerala"
"Nettanige","671543","Kasargode","Kasaragod","Kerala"
"Nettayam","691537","Kollam","Kollam","Kerala"
"Nettithozhu","685551","Iduki","Iduki","Kerala"
"Netttur","682304","Ernakulam","Ernakulam","Kerala"
"Nettur","670105","Kannur","Cannanore (Kannur)","Kerala"
"New Kalpathi","678003","Thrissur","Thrissur","Kerala"
"Newsprint Nagar","686616","Kottayam","Kottayam","Kerala"
"Neyyar Dam","695572","Trivandrum","Trivandrum","Kerala"
"Neyyasseri","685581","Iduki","Thodupuzha","Kerala"
"Neyyattinkara","695121","Trivandrum","Neyyattinkara","Kerala"
"Nhamanghat","679563","Thrissur","Thrissur","Kerala"
"Nhangattiri Edso","679311","Thrissur","Thrissur","Kerala"
"Nhekkly","670307","Kannur","Cannanore (Kannur)","Kerala"
"Nilambur","679329","Malapuram","#N/A","Kerala"
"Nilambur R.S","679330","Malapuram","Malapuram","Kerala"
"Nilamel","691535","Kollam","Kollam","Kerala"
"Nileshwar","671314","Kasargode","Kasargode","Kerala"
"Nirachal","671321","Kasargode","Kasargode","Kerala"
"Niramarudur","676109","Malapuram","Malapuram","Kerala"
"Niranam","689621","Alappuzha","Alappuzha","Kerala"
"Nirathupara","689693","Pathanamthitta","Pathanamthitta","Kerala"
"Nirmala","686673","Ernakulam","Ernakulam","Kerala"
"Nirmalagiri","670701","Kannur","Cannanore (Kannur)","Kerala"
"Nirnam West Edso","689629","Alappuzha","Alappuzha","Kerala"
"Nirvanam","670721","Wayanad","Wayanad","Kerala"
"Nittur","673507","Kannur","Cannanore (Kannur)","Kerala"
"Nitumannur","673507","Kannur","Cannanore (Kannur)","Kerala"
"Njakanal","690533","Alappuzha","Alappuzha","Kerala"
"Njakkunnilam","689656","Pathanamthitta","Pathanamthitta","Kerala"
"Njandupara","686577","Kottayam","Kottayam","Kerala"
"Njarayilkonam","695602","Trivandrum","Trivandrum","Kerala"
"Njayapally","686696","Ernakulam","Ernakulam","Kerala"
"Njizhoor","686612","Kottayam","Kottayam","Kerala"
"Nochat Edso","673624","Kozhikode","Kozhikode","Kerala"
"Nochchipulli","678592","Thrissur","Thrissur","Kerala"
"Nochully","678702","Thrissur","Thrissur","Kerala"
"Nooramthole","673586","Kozhikode","Kozhikode","Kerala"
"Noornad","690504","Alappuzha","Alappuzha","Kerala"
"Noornad Sanatorium","690571","Alappuzha","Alappuzha","Kerala"
"Noorommavu Edso","689589","Pathanamthitta","Pathanamthitta","Kerala"
"North End","682009","Ernakulam","Ernakulam","Kerala"
"Nuchiyad","670705","Kannur","Taliparamba","Kerala"
"Nulpuzha","673592","Wayanad","Wayanad","Kerala"
"Nurani","678004","Thrissur","Thrissur","Kerala"
"Nurani Agraharam","678004","Thrissur","Thrissur","Kerala"
"Nut Street","673104","Kozhikode","Kozhikode","Kerala"
"Ochanathuruthu","682508","Ernakulam","Ernakulam","Kerala"
"Ochira","690526","Kollam","Kollam","Kerala"
"Odanavattom","691512","Kollam","Kollam","Kerala"
"Okkal","683550","Ernakulam","Ernakulam","Kerala"
"Olalakkara","676306","Malapuram","Malapuram","Kerala"
"Olalapadi","678557","Thrissur","Thrissur","Kerala"
"Olamathi","673642","Malapuram","Malapuram","Kerala"
"Olassa","686014","Kottayam","Kottayam","Kerala"
"Olasseri","678551","Thrissur","Thrissur","Kerala"
"Olathanni","695133","Trivandrum","Trivandrum","Kerala"
"Olattiambalam","690510","Alappuzha","Alappuzha","Kerala"
"Olavaipu","688526","Alappuzha","Alappuzha","Kerala"
"Olavakot","678002","Thrissur","Thrissur","Kerala"
"Olavanna","673025","Kozhikode","Olavanna","Kerala"
"Olavattur","673638","Malapuram","Malapuram","Kerala"
"Olavilam","673313","Kozhikode","Kozhikode","Kerala"
"Olayambadi","670306","Kannur","Cannanore (Kannur)","Kerala"
"Olinkadavu","678706","Thrissur","Thrissur","Kerala"
"Olive Mount","678702","Thrissur","Thrissur","Kerala"
"Oliyapuram Edso","686679","Ernakulam","Ernakulam","Kerala"
"Ollukara","680655","Thrissur","Thrissur","Kerala"
"Ollur","680306","Thrissur","Thrissur","Kerala"
"Ollur Thaikkattusseri","680655","Thrissur","Thrissur","Kerala"
"Olukkur","673642","Malapuram","Malapuram","Kerala"
"Omachapuzha","676320","Malapuram","Malapuram","Kerala"
"Omallur Kla","689647","Pathanamthitta","Pathanamthitta","Kerala"
"Omanur","673640","Malapuram","Malapuram","Kerala"
"Omasseri","673572","Kozhikode","Kozhikode","Kerala"
"Onakkoor","686667","Ernakulam","Muvattupuzha","Kerala"
"Onamthuruthu","686602","Kottayam","Kottayam","Kerala"
"Onchiyam","673308","Kozhikode","Kozhikode","Kerala"
"Ookode","695020","Trivandrum","Trivandrum","Kerala"
"Oolampara","695005","Trivandrum","Trivandrum","Kerala"
"Oonakkavu","689674","Pathanamthitta","Pathanamthitta","Kerala"
"Oonnukal","686693","Ernakulam","Ernakulam","Kerala"
"Oonukal Quilon","689647","Pathanamthitta","Pathanamthitta","Kerala"
"Oorakam Keezhmuri Edso","676515","Malapuram","Malapuram","Kerala"
"Oorakam Melmuri","676519","Malapuram","Malapuram","Kerala"
"Ooramana","686730","Ernakulam","Ernakulam","Kerala"
"Oorupoika","695104","Trivandrum","Trivandrum","Kerala"
"Ooruttambalam","695507","Trivandrum","Trivandrum","Kerala"
"Oravil","673614","Kozhikode","Kozhikode","Kerala"
"Orkatteri","673501","Kozhikode","Kozhikode","Kerala"
"Orumanayur","680512","Thrissur","Thrissur","Kerala"
"Otalur","679534","Thrissur","Thrissur","Kerala"
"Othalur West","679591","Malapuram","Malapuram","Kerala"
"Othara","689546","Pathanamthitta","Pathanamthitta","Kerala"
"Othara West","689551","Pathanamthitta","Pathanamthitta","Kerala"
"Othayammadam","670301","Kannur","Cannanore (Kannur)","Kerala"
"Othukungal","676528","Malapuram","Malapuram","Kerala"
"Ottakal","691308","Kollam","Kollam","Kerala"
"Ottalloor","685586","Iduki","Iduki","Kerala"
"Ottapalam","679101","Thrissur","Thrissur","Kerala"
"Ottasekhara Mangalam","695125","Trivandrum","Trivandrum","Kerala"
"Ottathai","670571","Kannur","Cannanore (Kannur)","Kerala"
"Ottupura","689691","Pathanamthitta","Pathanamthitta","Kerala"
"Oyur","691510","Kollam","Kollam","Kerala"
"Ozhavur","686634","Kottayam","Kottayam","Kerala"
"Ozhavur East","686634","Kottayam","Kottayam","Kerala"
"Ozhinha Valappu","671314","Kasargode","Kasargode","Kerala"
"Ozhukuparackal","691533","Pathanamthitta","Pathanamthitta","Kerala"
"Ozhur","676313","Malapuram","#N/A","Kerala"
"P.T.P Nagar","695038","Trivandrum","Trivandrum","Kerala"
"Pacha","695562","Trivandrum","Trivandrum","Kerala"
"Pachady","685553","Iduki","Iduki","Kerala"
"Pachakanam","685533","Iduki","Iduki","Kerala"
"Pachalam","682012","Ernakulam","Ernakulam","Kerala"
"Pachallur Edso","695027","Trivandrum","Trivandrum","Kerala"
"Pachapoika","670643","Kannur","Cannanore (Kannur)","Kerala"
"Pachattiri","676105","Malapuram","Malapuram","Kerala"
"Padagiri","678509","Thrissur","Thrissur","Kerala"
"Padamugham","685515","Iduki","Iduki","Kerala"
"Padanilam","690529","Alappuzha","Alappuzha","Kerala"
"Padanilam","673571","Kozhikode","Kozhikode","Kerala"
"Padappakkara","691503","Kollam","Kollam","Kerala"
"Padappangad","670581","Kannur","Cannanore (Kannur)","Kerala"
"Padicap","685561","Iduki","Iduki","Kerala"
"Padichira","673579","Wayanad","Sulthanbathery","Kerala"
"Padimaaruth","671531","Kasargode","Kasargode","Kerala"
"Padimon","689587","Pathanamthitta","Pathanamthitta","Kerala"
"Padinhattumuri","676506","Malapuram","Malapuram","Kerala"
"Padinjare Vemballur","680671","Thrissur","Thrissur","Kerala"
"Padinjarekara Edso","686671","Ernakulam","Ernakulam","Kerala"
"Padinjarekara Kutayi","676562","Malapuram","Malapuram","Kerala"
"Padinjarethara","673575","Wayanad","Wayanad","Kerala"
"Padinjattekara","690524","Kollam","Kollam","Kerala"
"Padinjattinkara","686571","Kottayam","Kottayam","Kerala"
"Padiotchal Edso","670307","Kannur","Cannanore (Kannur)","Kerala"
"Padirikod","679326","Malapuram","Malapuram","Kerala"
"Padiripadam","679334","Malapuram","Malapuram","Kerala"
"Padiripeetta","673507","Kannur","Cannanore (Kannur)","Kerala"
"Padiyam","680695","Thrissur","Thrissur","Kerala"
"Padiyur Cannanore","670703","Kannur","Cannanore (Kannur)","Kerala"
"Padiyur Edso","680695","Thrissur","Thrissur","Kerala"
"Padne","671312","Kasargode","#N/A","Kerala"
"Padne Kadapuram Edso","671345","Kasargode","Kasargode","Kerala"
"Padnnakkad Edso","671328","Kasargode","Kasargode","Kerala"
"Padoor Chavakkad","680524","Thrissur","Thrissur","Kerala"
"Padre","671552","Kasargode","Kasaragod","Kerala"
"Padur Kavassery Edso","678548","Thrissur","Thrissur","Kerala"
"Paduthode","689544","Pathanamthitta","Pathanamthitta","Kerala"
"Paduva","686564","Kottayam","Kottayam","Kerala"
"Paduvapuram","683582","Ernakulam","Ernakulam","Kerala"
"Pady","680699","Thrissur","Thrissur","Kerala"
"Paingarapally","682314","Ernakulam","Ernakulam","Kerala"
"Paingattoor","686671","Ernakulam","Ernakulam","Kerala"
"Painkulam","679531","Thrissur","Thrissur","Kerala"
"Paivalike","671348","Kasargode","#N/A","Kerala"
"Pakalkuri","695604","Trivandrum","Trivandrum","Kerala"
"Pakalomattom","686642","Kottayam","Kottayam","Kerala"
"Pakkil","686012","Kottayam","Kottayam","Kerala"
"Pakkom","671316","Kasargode","Kasargode","Kerala"
"Pakkom Pallikere","673579","Wayanad","Wayanad","Kerala"
"Palachira","695143","Trivandrum","Trivandrum","Kerala"
"Palachode P.O","670338","Kannur","Cannanore (Kannur)","Kerala"
"Palackal Thakady","689581","Pathanamthitta","Pathanamthitta","Kerala"
"Palai","686575","Kottayam","Palai","Kerala"
"Palakayam","678591","Thrissur","Thrissur","Kerala"
"Palakkad","678001","Palakkad","Palakkad","Kerala"
"Palakkad City","678014","Palakkad","Palghat","Kerala"
"Palakkad Engg.College","678008","Palakkad","Palghat","Kerala"
"Palakkad Industrial Estate","678008","Palakkad","Palghat","Kerala"
"Palakkad Malappuram","673641","Malapuram","Malapuram","Kerala"
"Palakkalvetta","679325","Malapuram","Malapuram","Kerala"
"Palakkattumala","686635","Kottayam","Kottayam","Kerala"
"Palakkod","670305","Kannur","Cannanore (Kannur)","Kerala"
"Palakolli","673579","Wayanad","Wayanad","Kerala"
"Palakuzha Edso","686686","Ernakulam","Ernakulam","Kerala"
"Palambalakode","678544","Thrissur","Thrissur","Kerala"
"Palamkonam","695607","Trivandrum","Trivandrum","Kerala"
"Palampra","686518","Kottayam","Kottayam","Kerala"
"Palaniyara Palayam","678555","Thrissur","Thrissur","Kerala"
"Palaparamba","670701","Kannur","Cannanore (Kannur)","Kerala"
"Palapilly","680304","Thrissur","Thrissur","Kerala"
"Palappuram","679103","Thrissur","Thrissur","Kerala"
"Palarivattom","682025","Ernakulam","Ernakulam","Kerala"
"Palath","673661","Kozhikode","Kozhikode","Kerala"
"Palathole","679340","Malapuram","Malapuram","Kerala"
"Palavayal","670511","Kannur","Hosdurg","Kerala"
"Palayad","670661","Kannur","Palayad","Kerala"
"Palayadnada","673530","Kozhikode","Kozhikode","Kerala"
"Palayamkunnu","695146","Trivandrum","Trivandrum","Kerala"
"Palayamparambu","680741","Thrissur","Thrissur","Kerala"
"Palemad","679331","Malapuram","Malapuram","Kerala"
"Palengara","679330","Malapuram","Malapuram","Kerala"
"Paleri Town","673508","Kozhikode","Kozhikode","Kerala"
"Palisseri","680027","Thrissur","Thrissur","Kerala"
"Pallana","690515","Alappuzha","Alappuzha","Kerala"
"Pallanchathannur Edso","678575","Thrissur","Thrissur","Kerala"
"Pallani Kottambathoor","679532","Thrissur","Thrissur","Kerala"
"Pallarimangalam","690107","Alappuzha","Alappuzha","Kerala"
"Pallassana","678505","Thrissur","Thrissur","Kerala"
"Pallathadka","671551","Kasargode","Kasargode","Kerala"
"Pallathieri","678007","Thrissur","Thrissur","Kerala"
"Pallavur","678688","Thrissur","Thrissur","Kerala"
"Pallichal Edso","695020","Trivandrum","Trivandrum","Kerala"
"Pallickachirakvala","686537","Kottayam","Kottayam","Kerala"
"Pallickal","690563","Alappuzha","Alappuzha","Kerala"
"Pallickal Naduvilemuri","690503","Alappuzha","Alappuzha","Kerala"
"Pallickal Nooranad","690504","Alappuzha","Alappuzha","Kerala"
"Pallickara","673522","Kozhikode","Kozhikode","Kerala"
"Pallikal Kottarakara Edso","691506","Kollam","Kollam","Kerala"
"Pallikere","671316","Kasargode","Kasargode","Kerala"
"Pallikkal","691566","Kollam","#N/A","Kerala"
"Pallikunnu","670004","Kannur","Cannanore (Kannur)","Kerala"
"Pallikunnu","685531","Iduki","Iduki","Kerala"
"Pallikunnu Mgt","678583","Thrissur","Thrissur","Kerala"
"Pallikunnu Wyanad","673121","Wayanad","Wayanad","Kerala"
"Pallikurup","678593","Thrissur","Thrissur","Kerala"
"Pallikuth","679334","Malapuram","Malapuram","Kerala"
"Pallimon","691576","Kollam","Kollam","Kerala"
"Pallipad","690512","Alappuzha","Alappuzha","Kerala"
"Palliport","683515","Ernakulam","Ernakulam","Kerala"
"Pallipuram Palakkad","678006","Palakkad","Palghat","Kerala"
"Pallipuram Pattambi","679305","Thrissur","Thrissur","Kerala"
"Pallipuram Trichur","680732","Thrissur","Thrissur","Kerala"
"Pallipuram Tvm","695316","Trivandrum","Trivandrum","Kerala"
"Pallipurathussery","686606","Kottayam","Kottayam","Kerala"
"Pallisserical","690521","Kollam","Kollam","Kerala"
"Pallithode Edso","688586","Alappuzha","Alappuzha","Kerala"
"Pallithottam","691006","Kollam","Kollam","Kerala"
"Pallithura","695586","Trivandrum","Trivandrum","Kerala"
"Pallivasal","685565","Iduki","Devikulam","Kerala"
"Pallivasal","685565","Iduki","Devikulam","Kerala"
"Pallivasal Estate","685612","Iduki","Iduki","Kerala"
"Pallivayal","670142","Kannur","Cannanore (Kannur)","Kerala"
"Pallom","686007","Kottayam","Kottayam","Kerala"
"Pallor Edso","673333","Kozhikode","Kozhikode","Kerala"
"Pallrimangalam Edso","686671","Ernakulam","Ernakulam","Kerala"
"Pallur","679532","Thrissur","Thrissur","Kerala"
"Palluruthy","682005","Ernakulam","Ernakulam","Kerala"
"Palluruthy Industrial Estate","682006","Ernakulam","Ernakulam","Kerala"
"Palode","678583","Thrissur","Thrissur","Kerala"
"Paloor","678582","Thrissur","Thrissur","Kerala"
"Paloorkave","685532","Iduki","Iduki","Kerala"
"Paloorkave Central","685532","Iduki","Iduki","Kerala"
"Palpetty","679579","Malapuram","Malapuram","Kerala"
"Paluvai","680522","Thrissur","Paluvai","Kerala"
"Paluvally","695562","Trivandrum","Trivandrum","Kerala"
"Pamba Triveni","689662","Pathanamthitta","Pathanamthitta","Kerala"
"Pambanar Edso","685537","Iduki","Iduki","Kerala"
"Pambra","673592","Wayanad","Wayanad","Kerala"
"Pampa Dam","685533","Iduki","Iduki","Kerala"
"Pampa Valley North","686510","Kottayam","Kottayam","Kerala"
"Pampadumpara Edso","685556","Iduki","Iduki","Kerala"
"Pampady","686502","Kottayam","#N/A","Kerala"
"Pampady East","680588","Thrissur","Thrissur","Kerala"
"Pampady South","686521","Kottayam","Kottayam","Kerala"
"Pampady West Edso","680597","Thrissur","Thrissur","Kerala"
"Pampakuda","686667","Ernakulam","Ernakulam","Kerala"
"Pampampallam","678621","Thrissur","Thrissur","Kerala"
"Pampupara","685551","Iduki","Iduki","Kerala"
"Panachamoodu","695505","Trivandrum","Trivandrum","Kerala"
"Panachappally","686518","Kottayam","Kottayam","Kerala"
"Panachikavu","686102","Kottayam","Kottayam","Kerala"
"Panacode","695542","Trivandrum","Trivandrum","Kerala"
"Panaga","679338","Malapuram","Malapuram","Kerala"
"Panagad Thevara","682506","Ernakulam","Ernakulam","Kerala"
"Panagattoor","676302","Malapuram","Malapuram","Kerala"
"Panailkulam","683511","Ernakulam","Ernakulam","Kerala"
"Panamanna","679501","Thrissur","Thrissur","Kerala"
"Panamanna South","679501","Thrissur","Thrissur","Kerala"
"Panamaram","670721","Wayanad","#N/A","Kerala"
"Panamattom","686522","Kottayam","Kottayam","Kerala"
"Panamkutty","686522","Kottayam","Kottayam","Kerala"
"Panampilly Nagar","682036","Ernakulam","Ernakulam","Kerala"
"Panampilvau","673639","Malapuram","Malapuram","Kerala"
"Panangad","680665","Thrissur","Thrissur","Kerala"
"Panangad Kulanda","689503","Pathanamthitta","Pathanamthitta","Kerala"
"Panangad Quilandy","673612","Kozhikode","Kozhikode","Kerala"
"Panangattiri","678506","Thrissur","Thrissur","Kerala"
"Panangauttakara","680623","Thrissur","Thrissur","Kerala"
"Panangod","695563","Trivandrum","Trivandrum","Kerala"
"Panapuzha","670306","Kannur","Kannur","Kerala"
"Panathaplavu","691522","Kollam","Kollam","Kerala"
"Panathur","671532","Kasargode","Kasargode","Kerala"
"Panavally","670646","Alappuzha","Cherthala","Kerala"
"Panavally Edso","688566","Alappuzha","Alappuzha","Kerala"
"Panaveli Edso","691544","Kollam","Kollam","Kerala"
"Panavoor","695568","Trivandrum","#N/A","Kerala"
"Panayam","691601","Kollam","Kollam","Kerala"
"Panayam.,Palode","695562","Trivandrum","Trivandrum","Kerala"
"Panayamuttom","695561","Trivandrum","Trivandrum","Kerala"
"Panayara","695145","Trivandrum","Trivandrum","Kerala"
"Panayi","676516","Malapuram","Malapuram","Kerala"
"Panayil","690504","Alappuzha","Alappuzha","Kerala"
"Panayur","678552","Thrissur","Thrissur","Kerala"
"Panayur Ottapalam","679522","Thrissur","Thrissur","Kerala"
"Pancode","682310","Ernakulam","Ernakulam","Kerala"
"Pandakkal","673310","Kozhikode","Kozhikode","Kerala"
"Pandalakode","695028","Trivandrum","Trivandrum","Kerala"
"Pandalam","689501","Pathanamthitta","#N/A","Kerala"
"Pandalur","676521","Malapuram","Ernad","Kerala"
"Pandam","689694","Pathanamthitta","Pathanamthitta","Kerala"
"Pandamangalam","676503","Malapuram","Malapuram","Kerala"
"Pandanad","689506","Alappuzha","Alappuzha","Kerala"
"Pandanad North","689124","Alappuzha","Alappuzha","Kerala"
"Pandanad West","689506","Alappuzha","Alappuzha","Kerala"
"Pandankary Edso","689721","Alappuzha","Alappuzha","Kerala"
"Pandapilly","686672","Ernakulam","Ernakulam","Kerala"
"Pandarangadi","676306","Malapuram","Malapuram","Kerala"
"Pandi","671543","Kasargode","Kasargode","Kerala"
"Pandikkad","676521","Malapuram","#N/A","Kerala"
"Pandipara","685515","Iduki","Iduki","Kerala"
"Pandy","690517","Alappuzha","Alappuzha","Kerala"
"Panga Chendy","679338","Malapuram","Malapuram","Kerala"
"Panga South","679338","Malapuram","Malapuram","Kerala"
"Pangada","686502","Kottayam","Kottayam","Kerala"
"Pangappara","695581","Trivandrum","Trivandrum","Kerala"
"Pangarapally","680586","Thrissur","Thrissur","Kerala"
"Pangode","695609","Trivandrum","#N/A","Kerala"
"Panickankudy","685564","Iduki","Iduki","Kerala"
"Paniely","683546","Ernakulam","Ernakulam","Kerala"
"Panipra","686692","Ernakulam","Ernakulam","Kerala"
"Paniyal","671318","Kasargode","Kasargode","Kerala"
"Panjal","679531","Thrissur","Thrissur","Kerala"
"Panjikkal","671543","Kasargode","Kasargode","Kerala"
"Panmana Edso","691583","Kollam","Kollam","Kerala"
"Panmana Puthenchanta Edso","691583","Kollam","Kollam","Kerala"
"Panniankara Vadakancherry","678683","Thrissur","Thrissur","Kerala"
"Panniar Estate Edso","685621","Iduki","Iduki","Kerala"
"Pannicode","673602","Kozhikode","Kozhikode","Kerala"
"Pannikottur","673572","Kozhikode","Kozhikode","Kerala"
"Pannimattom","685588","Iduki","Iduki","Kerala"
"Pannipara","676541","Malapuram","Malapuram","Kerala"
"Panniyakurissi","679322","Malapuram","Malapuram","Kerala"
"Panniyamkurissi","679503","Thrissur","Thrissur","Kerala"
"Panniyannur Edso","670679","Kannur","Cannanore (Kannur)","Kerala"
"Panniyur","670142","Kannur","Cannanore (Kannur)","Kerala"
"Panniyyode","695575","Trivandrum","Trivandrum","Kerala"
"Pannoor","670692","Kannur","Cannanore (Kannur)","Kerala"
"Pannor","685581","Iduki","Iduki","Kerala"
"Pantha","695572","Trivandrum","Trivandrum","Kerala"
"Panthady","671532","Kasargode","Kasargode","Kerala"
"Pantheerkavu","673019","Kozhikode","Kozhikode","Kerala"
"Pappanamcode","695018","Trivandrum","Trivandrum","Kerala"
"Pappinipara","676122","Malapuram","Malapuram","Kerala"
"Pappinisseri","670561","Kannur","Pappinisseri","Kerala"
"Pappinisseri West","670565","Kannur","Cannanore (Kannur)","Kerala"
"Parakadavu","683579","Ernakulam","Ernakulam","Kerala"
"Parakadavu Sooranadu","690522","Pathanamthitta","Pathanamthitta","Kerala"
"Parakalai","671531","Kasargode","Kasargode","Kerala"
"Parakara","691525","Pathanamthitta","Pathanamthitta","Kerala"
"Parakkadavu","673509","Kozhikode","Kozhikode","Kerala"
"Parakode","691554","Pathanamthitta","Pathanamthitta","Kerala"
"Parakootam","691551","Pathanamthitta","Pathanamthitta","Kerala"
"Parakunnu","695603","Trivandrum","Trivandrum","Kerala"
"Paral","670671","Kannur","Cannanore (Kannur)","Kerala"
"Paralam","680575","Thrissur","Thrissur","Kerala"
"Paramalangadi","676551","Malapuram","Malapuram","Kerala"
"Paramba","671533","Kasargode","Kasargode","Kerala"
"Parambikulam","678661","Thrissur","Thrissur","Kerala"
"Parambil","673012","Kozhikode","Kozhikode","Kerala"
"Parambilpeedika","676317","Malapuram","Malapuram","Kerala"
"Parampuzha","686032","Kottayam","Kottayam","Kerala"
"Parancode","695542","Trivandrum","Trivandrum","Kerala"
"Parannur","673585","Kozhikode","Kozhikode","Kerala"
"Paranthal Edso","689518","Pathanamthitta","Pathanamthitta","Kerala"
"Parappa","671533","Kasargode","Kasargode","Kerala"
"Parappa Delampady","671543","Kasargode","Kasargode","Kerala"
"Parappanangadi","676303","Malapuram","Malapuram","Kerala"
"Parappanpoil","673573","Kozhikode","Kozhikode","Kerala"
"Parappara","695551","Trivandrum","Trivandrum","Kerala"
"Parappukara","680310","Thrissur","Thrissur","Kerala"
"Parappur","680552","Thrissur","Thrissur","Kerala"
"Parappur Kottakkal","676503","Malapuram","Malapuram","Kerala"
"Parapram","670741","Kannur","Cannanore (Kannur)","Kerala"
"Parapuram","686667","Ernakulam","Ernakulam","Kerala"
"Parapuram Edso","683593","Ernakulam","Ernakulam","Kerala"
"Parapuzha","685582","Trivandrum","Trivandrum","Kerala"
"Parassala","695502","Trivandrum","#N/A","Kerala"
"Parasseri","678631","Thrissur","Thrissur","Kerala"
"Parassikal","678556","Thrissur","Thrissur","Kerala"
"Parassinikadavu","670563","Kannur","Cannanore (Kannur)","Kerala"
"Parasuvaikal","695508","Trivandrum","Trivandrum","Kerala"
"Parathanam","686514","Kottayam","Kottayam","Kerala"
"Parathode","686512","Kottayam","Kottayam","Kerala"
"Parathode Idukky Edso","685571","Iduki","Iduki","Kerala"
"Paravanadkam","671317","Kasargode","Kasargode","Kerala"
"Paravanna","676502","Malapuram","Malapuram","Kerala"
"Paravur Kollam","691301","Kollam","Kollam","Kerala"
"Parayakad","688540","Alappuzha","Alappuzha","Kerala"
"Pareekanni","686693","Ernakulam","Ernakulam","Kerala"
"Parikkalam","670705","Kannur","Cannanore (Kannur)","Kerala"
"Paripally","691574","Kollam","Kollam","Kerala"
"Parippu","686024","Kottayam","Kottayam","Kerala"
"Pariyapuram","679321","Malapuram","Tirur","Kerala"
"Pariyapuram Tanur","676302","Malapuram","Malapuram","Kerala"
"Pariyaram","686021","Kottayam","#N/A","Kerala"
"Pariyaram Edso","689596","Pathanamthitta","Pathanamthitta","Kerala"
"Pariyaram Kannur","670502","Kannur","Cannanore (Kannur)","Kerala"
"Pariyaram Trichur","680721","Thrissur","Thrissur","Kerala"
"Pariyaram Wynad","673122","Wayanad","Wayanad","Kerala"
"Parli Palghat","678612","Thrissur","Thrissur","Kerala"
"Parlikad","680623","Thrissur","Thrissur","Kerala"
"Paropadi","673012","Kozhikode","Kozhikode","Kerala"
"Parudur Edso","679312","Thrissur","Thrissur","Kerala"
"Parumala","689626","Alappuzha","Alappuzha","Kerala"
"Parur","683513","Ernakulam","Ernakulam","Kerala"
"Paruthikuzhi","695541","Trivandrum","Trivandrum","Kerala"
"Paruthipara","679121","Thrissur","Thrissur","Kerala"
"Paruthipulli","678573","Thrissur","Thrissur","Kerala"
"Paruthupally","695574","Trivandrum","Trivandrum","Kerala"
"Paruvasseri","678686","Thrissur","Thrissur","Kerala"
"Parvarattil","680507","Thrissur","Thrissur","Kerala"
"Pasukkadavu","673513","Kozhikode","Kozhikode","Kerala"
"Pasupara","685502","Iduki","Iduki","Kerala"
"Pathaikara","679322","Malapuram","Malapuram","Kerala"
"Pathampara","670571","Kannur","Cannanore (Kannur)","Kerala"
"Pathampuzha Edso","686600","Kottayam","Kottayam","Kerala"
"Pathamuttom","686532","Kottayam","Kottayam","Kerala"
"Pathanamthitta","689645","Pathanamthitta","Pathanamthitta","Kerala"
"Pathanapuram","689695","Pathanamthitta","Pathanamthitta","Kerala"
"Pathankulam","678501","Thrissur","Thrissur","Kerala"
"Pathapiriyam","676123","Malapuram","Malapuram","Kerala"
"Pathar","679334","Malapuram","Malapuram","Kerala"
"Patharam Edso","690567","Kollam","Kollam","Kerala"
"Pathayakunnu","670691","Kannur","Cannanore (Kannur)","Kerala"
"Pathipally","685589","Iduki","Iduki","Kerala"
"Pathirapally","688521","Alappuzha","Alappuzha","Kerala"
"Pathirickal","689695","Pathanamthitta","Pathanamthitta","Kerala"
"Pathiriyad","673507","Kannur","Pathiriyad","Kerala"
"Pathiriyal","676123","Malapuram","Malapuram","Kerala"
"Pathiyakulangara","680552","Thrissur","Thrissur","Kerala"
"Pathoor","671323","Kasargode","Kasargode","Kerala"
"Pathyoor Edso","690552","Alappuzha","Alappuzha","Kerala"
"Patla","671323","Kasargode","Kasaragod","Kerala"
"Pattambi","679303","Thrissur","Thrissur","Kerala"
"Pattanacaud","688531","Alappuzha","Alappuzha","Kerala"
"Pattancherry","678532","Thrissur","Thrissur","Kerala"
"Pattanur","670595","Kannur","Cannanore (Kannur)","Kerala"
"Pattarkadavu","676519","Malapuram","Malapuram","Kerala"
"Pattathanam","691021","Kollam","Kollam","Kerala"
"Pattazhy","691522","Pathanamthitta","#N/A","Kerala"
"Pattikad","680652","Thrissur","Thrissur","Kerala"
"Pattikad Malapuram","679325","Malapuram","Malapuram","Kerala"
"Pattimattom","683562","Ernakulam","Ernakulam","Kerala"
"Pattiparamba","680588","Thrissur","Thrissur","Kerala"
"Pattithanam","686631","Kottayam","Kottayam","Kerala"
"Pattithara Edso","679534","Thrissur","Thrissur","Kerala"
"Pattoli Market","690531","Alappuzha","Alappuzha","Kerala"
"Pattom","695004","Trivandrum","Trivandrum","Kerala"
"Pattom Palace","695004","Trivandrum","Trivandrum","Kerala"
"Pattom Thuruthu","691601","Kollam","Kollam","Kerala"
"Pattoor","690529","Alappuzha","Alappuzha","Kerala"
"Pattuvam","670143","Kannur","#N/A","Kerala"
"Pavandur","673613","Kozhikode","Kozhikode","Kerala"
"Pavannur Motta","670602","Kannur","Cannanore (Kannur)","Kerala"
"Pavithreeswaram","691624","Kollam","Kollam","Kerala"
"Pavoor","671323","Kasargode","Kasaragod","Kerala"
"Pavukkara","689622","Alappuzha","Alappuzha","Kerala"
"Pavumba Edso","690574","Kollam","Kollam","Kerala"
"Payam","670704","Kannur","#N/A","Kerala"
"Payam East","670704","Kannur","Cannanore (Kannur)","Kerala"
"Payangadi","670303","Kannur","Cannanore (Kannur)","Kerala"
"Payangadi R.S","670358","Kannur","Cannanore (Kannur)","Kerala"
"Payappar","686651","Kottayam","Kottayam","Kerala"
"Payattuvila","695501","Trivandrum","Trivandrum","Kerala"
"Payimbra","673571","Kozhikode","Kozhikode","Kerala"
"Payinkanniyur Edso","679590","Malapuram","Malapuram","Kerala"
"Payipad","690556","Alappuzha","Alappuzha","Kerala"
"Payyalur","678506","Thrissur","Thrissur","Kerala"
"Payyampally","670646","Wayanad","Mananthavady","Kerala"
"Payyanad","676122","Malapuram","Malapuram","Kerala"
"Payyanadam","678583","Thrissur","Thrissur","Kerala"
"Payyanamon","689692","Pathanamthitta","Pathanamthitta","Kerala"
"Payyannur","670307","Kannur","Payyannur","Kerala"
"Payyannur R.S.B.O","670307","Kannur","Cannanore (Kannur)","Kerala"
"Payyapady Edso","686034","Kottayam","Kottayam","Kerala"
"Payyavur","670633","Kannur","Cannanore (Kannur)","Kerala"
"Payyoli","673523","Kozhikode","Kozhikode","Kerala"
"Pazhakulam Edso","691527","Pathanamthitta","Pathanamthitta","Kerala"
"Pazhakutty","695561","Trivandrum","Trivandrum","Kerala"
"Pazhamallur","676506","Malapuram","Malapuram","Kerala"
"Pazhamthottam","683565","Ernakulam","Ernakulam","Kerala"
"Pazhanji","680542","Thrissur","Thrissur","Kerala"
"Pazhanji Malappuram","679579","Malapuram","Malapuram","Kerala"
"Pazhassi Raja Nagar","670702","Kannur","Cannanore (Kannur)","Kerala"
"Pazhassikkari","670633","Kannur","Cannanore (Kannur)","Kerala"
"Pazhaveedu","688009","Alappuzha","Alappuzha","Kerala"
"Pazhayadom","686520","Kottayam","Kottayam","Kerala"
"Pazhayannur","680587","Thrissur","Thrissur","Kerala"
"Pazhayarikandam","685602","Iduki","Iduki","Kerala"
"Pazhayi","680301","Thrissur","Thrissur","Kerala"
"Pazhoor","686664","Ernakulam","Ernakulam","Kerala"
"Pazhupathur","673592","Wayanad","Wayanad","Kerala"
"Pazhur","679571","Malapuram","Malapuram","Kerala"
"Pazhuvil","680564","Thrissur","Thrissur","Kerala"
"Pazhuvil West","680564","Thrissur","Thrissur","Kerala"
"Peechi","680653","Thrissur","Thrissur","Kerala"
"Peermade","685531","Iduki","Iduki","Kerala"
"Pela","690103","Alappuzha","Alappuzha","Kerala"
"Peleri","673503","Kozhikode","Kozhikode","Kerala"
"Pengamukku","680544","Thrissur","Thrissur","Kerala"
"Pennukara","689520","Pathanamthitta","Pathanamthitta","Kerala"
"Peppara Dam","695551","Trivandrum","Trivandrum","Kerala"
"Perakamanna","676541","Malapuram","Ernad","Kerala"
"Perakom","680506","Thrissur","Thrissur","Kerala"
"Peramangalam","680545","Thrissur","Thrissur","Kerala"
"Perambale","671317","Kasargode","Kasargode","Kerala"
"Perambra Tcr","680689","Thrissur","Thrissur","Kerala"
"Perampra","673525","Kozhikode","Kozhikode","Kerala"
"Perasannur Edso","679588","Malapuram","Malapuram","Kerala"
"Peravoor","670673","Kannur","Cannanore (Kannur)","Kerala"
"Perayam","695562","Trivandrum","Trivandrum","Kerala"
"Perdala","671551","Kasargode","Kasargode","Kerala"
"Periapuram","686667","Ernakulam","Ernakulam","Kerala"
"Perikkallur","673579","Wayanad","Wayanad","Kerala"
"Perimabalm","676509","Malapuram","Malapuram","Kerala"
"Perimbadari Edso","678762","Thrissur","Thrissur","Kerala"
"Perinad","691601","Kollam","Kollam","Kerala"
"Perinchankutty","685562","Iduki","Iduki","Kerala"
"Perincherry","680306","Thrissur","Thrissur","Kerala"
"Peringadi","673312","Kannur","Cannanore (Kannur)","Kerala"
"Peringala","689505","Alappuzha","Alappuzha","Kerala"
"Peringala","683565","Ernakulam","Ernakulam","Kerala"
"Peringalam","686582","Kottayam","Kottayam","Kerala"
"Peringalipuram","689624","Alappuzha","Alappuzha","Kerala"
"Peringamala","695563","Trivandrum","#N/A","Kerala"
"Peringanad Edso","691528","Pathanamthitta","Pathanamthitta","Kerala"
"Peringandur Edso","680581","Thrissur","Thrissur","Kerala"
"Peringannur","679535","Thrissur","Thrissur","Kerala"
"Peringara","689108","Pathanamthitta","#N/A","Kerala"
"Peringasseri","685581","Iduki","Iduki","Kerala"
"Peringathur","670675","Kannur","Peringathur","Kerala"
"Peringavu Edso","680018","Thrissur","Thrissur","Kerala"
"Peringode Palghat","679535","Thrissur","Thrissur","Kerala"
"Peringome Edso","670354","Kannur","Cannanore (Kannur)","Kerala"
"Peringottukara","680565","Thrissur","Thrissur","Kerala"
"Peringottukurissi","678574","Thrissur","Thrissur","Kerala"
"Perinjanam","680686","Thrissur","Thrissur","Kerala"
"Perinjanam West","680686","Thrissur","Thrissur","Kerala"
"Perinjanam West","680686","Thrissur","Thrissur","Kerala"
"Perinjattakkal","689692","Pathanamthitta","Pathanamthitta","Kerala"
"Perinkeri","670706","Kannur","Cannanore (Kannur)","Kerala"
"Perinkulam","678542","Thrissur","Thrissur","Kerala"
"Perinkunnu","678702","Thrissur","Thrissur","Kerala"
"Perintalmanna","679322","Malapuram","Malapuram","Kerala"
"Perinthatiri","676507","Malapuram","Malapuram","Kerala"
"Perissery Edso","689121","Alappuzha","Alappuzha","Kerala"
"Periya","670644","Kannur","Hosdurg","Kerala"
"Periyanganam","671314","Kasargode","Kasargode","Kerala"
"Periyar Dam","685536","Iduki","Iduki","Kerala"
"Periye","671316","Kasargode","Kasargode","Kerala"
"Perla","671552","Kasargode","Kasargode","Kerala"
"Perode","673504","Kozhikode","Kozhikode","Kerala"
"Peroor","695601","Trivandrum","Kottayam","Kerala"
"Perukavu","695573","Trivandrum","Trivandrum","Kerala"
"Perumabadappu","679580","Malapuram","Malapuram","Kerala"
"Perumala","695541","Trivandrum","Trivandrum","Kerala"
"Perumanna Edso","673026","Kozhikode","Kozhikode","Kerala"
"Perumannur","682015","Ernakulam","Ernakulam","Kerala"
"Perumannur","679536","Thrissur","Thrissur","Kerala"
"Perumannur Edso","691545","Kollam","Kollam","Kerala"
"Perumanoor-Kothamangalam","686693","Ernakulam","Ernakulam","Kerala"
"Perumathura","695303","Trivandrum","Trivandrum","Kerala"
"Perumbaikad","686028","Kottayam","Perumbaikad","Kerala"
"Perumbalam","688570","Alappuzha","Alappuzha","Kerala"
"Perumballoor","686673","Ernakulam","Ernakulam","Kerala"
"Perumbatta","671314","Kasargode","Kasargode","Kerala"
"Perumbavoor","683542","Ernakulam","Perumbavoor","Kerala"
"Perumkadavila","695124","Trivandrum","#N/A","Kerala"
"Perumkulam","691601","Kollam","Kollam","Kerala"
"Perumkulam","695102","Trivandrum","Nedumangad","Kerala"
"Perumon","691601","Kollam","Kollam","Kerala"
"Perumpadavam","686665","Ernakulam","Ernakulam","Kerala"
"Perumpanachy","686536","Kottayam","Kottayam","Kerala"
"Perumparamavu","689587","Pathanamthitta","Pathanamthitta","Kerala"
"Perumparamb Ugrapuram","673639","Malapuram","Malapuram","Kerala"
"Perumparamba Edso","679576","Malapuram","Malapuram","Kerala"
"Perumpatty","689592","Pathanamthitta","Pathanamthitta","Kerala"
"Perumpazhuthur","695126","Trivandrum","Trivandrum","Kerala"
"Perumpilavu","680519","Thrissur","Thrissur","Kerala"
"Perumpilliche","685605","Iduki","Iduki","Kerala"
"Perumpilly","682314","Ernakulam","Ernakulam","Kerala"
"Perumpunna","670673","Kannur","Cannanore (Kannur)","Kerala"
"Perumpuzha","691504","Kollam","Kollam","Kerala"
"Perumthotty","685515","Iduki","Iduki","Kerala"
"Perumthuruthu","686611","Kottayam","Kottayam","Kerala"
"Perumthuruthy","689107","Pathanamthitta","Pathanamthitta","Kerala"
"Perumthuruthy","680542","Thrissur","Thrissur","Kerala"
"Perumude","671321","Kasargode","Kasargode","Kerala"
"Perumudiyur","679303","Thrissur","Thrissur","Kerala"
"Perumukham","673631","Kozhikode","Kozhikode","Kerala"
"Perundatti","670107","Kannur","Cannanore (Kannur)","Kerala"
"Perungala","690559","Alappuzha","Alappuzha","Kerala"
"Perungalam","690538","Kollam","Kollam","Kerala"
"Perunguzhi","695305","Trivandrum","Trivandrum","Kerala"
"Perunna","686102","Kottayam","Kottayam","Kerala"
"Perunthanni","695008","Trivandrum","Trivandrum","Kerala"
"Perur Ottappalam","679302","Palakkad","Palghat","Kerala"
"Perurkada","695005","Trivandrum","Trivandrum","Kerala"
"Peruva","670650","Kannur","Cannanore (Kannur)","Kerala"
"Peruva","686610","Kottayam","Kottayam","Kerala"
"Peruvalathparamba","670593","Kannur","Cannanore (Kannur)","Kerala"
"Peruvallur","680508","Thrissur","Thrissur","Kerala"
"Peruvamba","678531","Thrissur","Thrissur","Kerala"
"Peruvannamuzhi","673620","Kozhikode","Kozhikode","Kerala"
"Peruvanthanam","685532","Iduki","#N/A","Kerala"
"Peruvayal Edso","673024","Kozhikode","Kozhikode","Kerala"
"Peruvelikara","691502","Kollam","Kollam","Kerala"
"Pethotty","685619","Iduki","Iduki","Kerala"
"Pettikundu","671313","Kasargode","Kasargode","Kerala"
"Peyad","695573","Trivandrum","Trivandrum","Kerala"
"Pezhakapally Edso","686674","Ernakulam","Ernakulam","Kerala"
"Pezhumpara","689662","Pathanamthitta","Pathanamthitta","Kerala"
"Pidavannur","679574","Malapuram","Malapuram","Kerala"
"Pidavoor Edso","691625","Kollam","Kollam","Kerala"
"Pilakkavu","670645","Wayanad","Wayanad","Kerala"
"Pilasseri","673571","Kozhikode","Kozhikode","Kerala"
"Pilathara","670501","Kannur","Cannanore (Kannur)","Kerala"
"Pilicode Edso","671310","Kasargode","Kasargode","Kerala"
"Pinarai","670741","Kannur","Cannanore (Kannur)","Kerala"
"Pindimana Edso","686698","Ernakulam","Ernakulam","Kerala"
"Piralasseri","689122","Alappuzha","Alappuzha","Kerala"
"Pirappancode","695607","Trivandrum","Trivandrum","Kerala"
"Piraroor","683574","Ernakulam","Ernakulam","Kerala"
"Piravanthur","689696","Pathanamthitta","Pathanamthitta","Kerala"
"Piravom","686664","Ernakulam","#N/A","Kerala"
"Pirayiri Edso","678019","Thrissur","Thrissur","Kerala"
"Pius Mount","686636","Kottayam","Kottayam","Kerala"
"Pius Nagar","685620","Iduki","Iduki","Kerala"
"Pizhaku","686655","Kottayam","Kottayam","Kerala"
"Pizhala","682027","Ernakulam","Ernakulam","Kerala"
"Placherry","691331","Kollam","Kollam","Kerala"
"Plachikara","671533","Kasargode","Kasargode","Kerala"
"Plamoottukada Edso","695128","Trivandrum","Trivandrum","Kerala"
"Plamudy","686692","Ernakulam","Ernakulam","Kerala"
"Plappally","691531","Kollam","Kollam","Kerala"
"Plassanal","686579","Kottayam","Kottayam","Kerala"
"Podavur","671313","Kasargode","Kasargode","Kerala"
"Podiyadi","689110","Pathanamthitta","Pathanamthitta","Kerala"
"Podiyattuvila","691532","Kollam","Kollam","Kerala"
"Poduvacheri","670621","Kannur","Cannanore (Kannur)","Kerala"
"Poikamukku","695103","Trivandrum","Trivandrum","Kerala"
"Pokkunnu Edso","673013","Kozhikode","Kozhikode","Kerala"
"Polachira","691334","Kollam","Kollam","Kerala"
"Pollathai Edso","688567","Alappuzha","Alappuzha","Kerala"
"Polpakkara","679576","Malapuram","Malapuram","Kerala"
"Polpully","678552","Thrissur","Thrissur","Kerala"
"Pombilaya","679335","Thrissur","Thrissur","Kerala"
"Pombra","678595","Thrissur","Thrissur","Kerala"
"Ponad Karur","686590","Kottayam","Kottayam","Kerala"
"Ponani","679577","Malapuram","Malapuram","Kerala"
"Ponani Nagaram","679583","Malapuram","Malapuram","Kerala"
"Ponani South","679586","Malapuram","Malapuram","Kerala"
"Ponga Edso","688512","Alappuzha","Alappuzha","Kerala"
"Ponganad","695601","Trivandrum","Trivandrum","Kerala"
"Pongathanam","686538","Kottayam","Kottayam","Kerala"
"Ponjanam","680702","Thrissur","Thrissur","Kerala"
"Ponjanam","680702","Thrissur","Thrissur","Kerala"
"Ponjassery","683547","Ernakulam","Ernakulam","Kerala"
"Ponkunnam Courts","686506","Kottayam","Kottayam","Kerala"
"Ponkunnam Kottayam","686506","Kottayam","Kottayam","Kerala"
"Ponmala","676528","Malapuram","Tirur","Kerala"
"Ponmana Edso","691583","Kollam","Kollam","Kerala"
"Ponmeri","673541","Kozhikode","Kozhikode","Kerala"
"Ponmeri Parambil","673542","Kozhikode","Kozhikode","Kerala"
"Ponmudi","685564","Iduki","Iduki","Kerala"
"Ponmudi","695551","Trivandrum","Trivandrum","Kerala"
"Ponmundam","676106","Malapuram","#N/A","Kerala"
"Ponnad","688538","Alappuzha","Alappuzha","Kerala"
"Ponnakayam","673603","Wayanad","Wayanad","Kerala"
"Ponniam West","670641","Kannur","Cannanore (Kannur)","Kerala"
"Ponniyamkuirssi","679322","Malapuram","Malapuram","Kerala"
"Ponnore","680552","Thrissur","Thrissur","Kerala"
"Ponnukkara","680014","Thrissur","Thrissur","Kerala"
"Ponthampuzha","686544","Kottayam","Kottayam","Kerala"
"Poochakkal","688526","Alappuzha","Alappuzha","Kerala"
"Poojapura","695012","Trivandrum","Trivandrum","Kerala"
"Pookayil Bazar","676107","Malapuram","Malapuram","Kerala"
"Pookkootumanna","679334","Malapuram","Malapuram","Kerala"
"Pookkottur","676517","Malapuram","#N/A","Kerala"
"Pookkotumpadam","679332","Malapuram","Malapuram","Kerala"
"Poolakul","673507","Kannur","Cannanore (Kannur)","Kerala"
"Poolakutty","670650","Kannur","Cannanore (Kannur)","Kerala"
"Poolamanna","679327","Malapuram","Malapuram","Kerala"
"Poomala","680581","Thrissur","Thrissur","Kerala"
"Poomkulanji","689695","Pathanamthitta","Pathanamthitta","Kerala"
"Poomulla","673592","Wayanad","Wayanad","Kerala"
"Poonchola","679327","Malapuram","Malapuram","Kerala"
"Poonithura","682317","Ernakulam","Ernakulam","Kerala"
"Poonjar","686581","Kottayam","Kottayam","Kerala"
"Poonjar Thekkekra","686582","Kottayam","Kottayam","Kerala"
"Poonthura","695026","Trivandrum","Trivandrum","Kerala"
"Poopara","685619","Iduki","Iduki","Kerala"
"Poopathy","680733","Thrissur","Thrissur","Kerala"
"Poothadi","673596","Wayanad","Sulthanbathery","Kerala"
"Poothakuzhy","686521","Kottayam","Kottayam","Kerala"
"Poothampara","673513","Kozhikode","Kozhikode","Kerala"
"Pootharakkal","680561","Thrissur","Thrissur","Kerala"
"Poothole","680004","Thrissur","Thrissur","Kerala"
"Poothrika","682308","Ernakulam","Ernakulam","Kerala"
"Poothura","695309","Trivandrum","Trivandrum","Kerala"
"Poovachal","695575","Trivandrum","Trivandrum","Kerala"
"Poovanchira","680652","Thrissur","Thrissur","Kerala"
"Poovanthuruthu Edso","686012","Kottayam","Kottayam","Kerala"
"Poovarani","686577","Kottayam","Kottayam","Kerala"
"Poovaranthodu","673604","Kozhikode","Kozhikode","Kerala"
"Poovathanam","679325","Malapuram","Malapuram","Kerala"
"Poovathikkal","673639","Malapuram","Malapuram","Kerala"
"Poovathode","686544","Kottayam","Kottayam","Kerala"
"Poovathoor","689531","Pathanamthitta","Pathanamthitta","Kerala"
"Poovathoor Nedumangad","695561","Trivandrum","Trivandrum","Kerala"
"Poovathusseri","680741","Thrissur","Thrissur","Kerala"
"Pooyamkutty","686691","Ernakulam","Ernakulam","Kerala"
"Pooyapally","691537","Kollam","Kollam","Kerala"
"Poozhanad","695125","Trivandrum","Trivandrum","Kerala"
"Poozhithode","673528","Kozhikode","Kozhikode","Kerala"
"Porakunnu","670306","Kannur","Cannanore (Kannur)","Kerala"
"Poredom Edso","691534","Kollam","Kollam","Kerala"
"Poringalkuthu","680721","Thrissur","Thrissur","Kerala"
"Porkolangad","680517","Thrissur","Thrissur","Kerala"
"Porkulam","680542","Thrissur","Thrissur","Kerala"
"Porora","670702","Kannur","Cannanore (Kannur)","Kerala"
"Porur","679339","Malapuram","Nilambur","Kerala"
"Porur Wynad","670644","Kannur","Cannanore (Kannur)","Kerala"
"Poruvazhi","690520","Kollam","Kollam","Kerala"
"Pothanicaud","686671","Ernakulam","Ernakulam","Kerala"
"Pothencode","695584","Trivandrum","Trivandrum","Kerala"
"Pothenpuram","686502","Kottayam","Kottayam","Kerala"
"Pothotta","682307","Ernakulam","Ernakulam","Kerala"
"Pothundy Dam","678508","Thrissur","Thrissur","Kerala"
"Potta","680307","Thrissur","Thrissur","Kerala"
"Pottampilavu","670582","Kannur","Cannanore (Kannur)","Kerala"
"Pottasseri","678598","Thrissur","Thrissur","Kerala"
"Pottenkad Edso","685569","Iduki","Iduki","Kerala"
"Pottore","680581","Thrissur","Pottore","Kerala"
"Powdikonam","695587","Trivandrum","Trivandrum","Kerala"
"Poyilisseri","676102","Malapuram","Malapuram","Kerala"
"Poyilur","670693","Kannur","Cannanore (Kannur)","Kerala"
"Poyya","680733","Thrissur","Thrissur","Kerala"
"Pozhikara","691301","Kollam","Kollam","Kerala"
"Pozhiyur Edso","695513","Trivandrum","Trivandrum","Kerala"
"Pozhuthana","673575","Wayanad","#N/A","Kerala"
"Prakash","685515","Iduki","Iduki","Kerala"
"Prakkanam Edso","689643","Pathanamthitta","Pathanamthitta","Kerala"
"Prakulam","691602","Kollam","Kollam","Kerala"
"Prapoyil","670511","Kannur","Cannanore (Kannur)","Kerala"
"Pravachambalam","695020","Trivandrum","Trivandrum","Kerala"
"Pravithanam","686651","Kottayam","Kottayam","Kerala"
"Prayar","690547","Kollam","Kollam","Kerala"
"Prayathukonam","695104","Trivandrum","Trivandrum","Kerala"
"Priyadarshini Hills","686560","Kottayam","Kottayam","Kerala"
"Propose","686509","Kottayam","Kottayam","Kerala"
"Pudanur","678592","Thrissur","Thrissur","Kerala"
"Pudiyankam","678545","Thrissur","Thrissur","Kerala"
"Puducode Feroke","673633","Kozhikode","Kozhikode","Kerala"
"Pudukad","680301","Thrissur","Thrissur","Kerala"
"Pudukai","671314","Kasargode","Kasargode","Kerala"
"Pudukkadukara","691585","Kollam","Kollam","Kerala"
"Pudunagaram","678503","Thrissur","Thrissur","Kerala"
"Pudupadi","673586","Kozhikode","Kozhikode","Kerala"
"Pudupalli","676102","Malapuram","Malapuram","Kerala"
"Puduppanam","673105","Kozhikode","Kozhikode","Kerala"
"Pudur","678581","Palakkad","Mannarkad","Kerala"
"Pudusseri","678007","Thrissur","Thrissur","Kerala"
"Pudusserikadavu","670645","Wayanad","Wayanad","Kerala"
"Pudussery","670645","Wayanad","Wayanad","Kerala"
"Pukkot Kuthuparamba","670691","Kannur","Cannanore (Kannur)","Kerala"
"Pulacode","680586","Thrissur","Thrissur","Kerala"
"Pulakkad","680585","Thrissur","Thrissur","Kerala"
"Pulamanthole","679323","Malapuram","#N/A","Kerala"
"Pulamon","691531","Kollam","Kollam","Kerala"
"Pulapatta","678632","Thrissur","Thrissur","Kerala"
"Pulasseri","679307","Thrissur","Thrissur","Kerala"
"Pulickathotty","685582","Trivandrum","Trivandrum","Kerala"
"Pulikallu","686544","Kottayam","Kottayam","Kerala"
"Pulikamaly","682314","Ernakulam","Ernakulam","Kerala"
"Pulikkakavala","686515","Kottayam","Kottayam","Kerala"
"Pulikkal Malapuram","673637","Malapuram","Malapuram","Kerala"
"Pulikuttisseri","686015","Kottayam","Kottayam","Kerala"
"Pulimath","695612","Trivandrum","#N/A","Kerala"
"Pulincunnu","688504","Alappuzha","Alappuzha","Kerala"
"Pulinelli","678572","Thrissur","Thrissur","Kerala"
"Pulinthanam","686671","Ernakulam","Ernakulam","Kerala"
"Pulippara Jn","691536","Kollam","Kollam","Kerala"
"Puliyakode","673641","Malapuram","Malapuram","Kerala"
"Puliyamkunnu","679505","Thrissur","Thrissur","Kerala"
"Puliyanam","683572","Ernakulam","Ernakulam","Kerala"
"Puliyanambram","670675","Kannur","Cannanore (Kannur)","Kerala"
"Puliyanmala","685515","Iduki","Iduki","Kerala"
"Puliyannur","686573","Kottayam","Kottayam","Kerala"
"Puliyarakinam","695604","Trivandrum","Trivandrum","Kerala"
"Puliyarakonam","695573","Trivandrum","Trivandrum","Kerala"
"Puliyavil","673509","Kozhikode","Kozhikode","Kerala"
"Puliyoor","689510","Alappuzha","Alappuzha","Kerala"
"Pulkurumba","670582","Kannur","Cannanore (Kannur)","Kerala"
"Pullad","689548","Pathanamthitta","Pathanamthitta","Kerala"
"Pullancheri","676122","Malapuram","Malapuram","Kerala"
"Pullanicode","695311","Trivandrum","Trivandrum","Kerala"
"Pullapara","695607","Trivandrum","Trivandrum","Kerala"
"Pullayil","695601","Trivandrum","Trivandrum","Kerala"
"Pullazhi","680012","Thrissur","Thrissur","Kerala"
"Pullengadi","688505","Alappuzha","Alappuzha","Kerala"
"Pullengode Estate","676525","Malapuram","Malapuram","Kerala"
"Pullichira","691304","Kollam","Kollam","Kerala"
"Pullikanakku","690537","Alappuzha","Alappuzha","Kerala"
"Pullikanam","673634","Malapuram","Malapuram","Kerala"
"Pullipadam","676542","Malapuram","Malapuram","Kerala"
"Pullipara","691536","Kollam","Kollam","Kerala"
"Pullisseri","678582","Thrissur","Thrissur","Kerala"
"Pullode","678545","Thrissur","Thrissur","Kerala"
"Pullokkara Edso","670678","Kannur","Cannanore (Kannur)","Kerala"
"Pullopuram","689674","Pathanamthitta","Pathanamthitta","Kerala"
"Pullu","691536","Kollam","Thrissur","Kerala"
"Pullur","671531","Kasargode","Hosdurg","Kerala"
"Pullur","680683","Thrissur","Thrissur","Kerala"
"Pulluramapara","673603","Wayanad","Wayanad","Kerala"
"Pullut","680663","Thrissur","Thrissur","Kerala"
"Pullut North","680663","Thrissur","Thrissur","Kerala"
"Pulluvazhi","683541","Ernakulam","Ernakulam","Kerala"
"Pulpalli","673579","Wayanad","#N/A","Kerala"
"Pulpetta Edso","676126","Malapuram","Malapuram","Kerala"
"Pulvetta","676523","Malapuram","Malapuram","Kerala"
"Punalal","695575","Trivandrum","Trivandrum","Kerala"
"Punalur","691305","Kollam","Punalur","Kerala"
"Punalur Paper Mills","691332","Kollam","Kollam","Kerala"
"Punath","673614","Kozhikode","Kozhikode","Kerala"
"Punchapadam","678634","Thrissur","Thrissur","Kerala"
"Punchvayal","686513","Kottayam","Kottayam","Kerala"
"Punkunnu","680002","Thrissur","Thrissur","Kerala"
"Punnad","670703","Kannur","Cannanore (Kannur)","Kerala"
"Punnahtura","686583","Kottayam","Kottayam","Kerala"
"Punnahtura West","686631","Kottayam","Kottayam","Kerala"
"Punnakkad","689652","Pathanamthitta","Pathanamthitta","Kerala"
"Punnakkal","673603","Wayanad","Wayanad","Kerala"
"Punnakkunnathussery","688504","Alappuzha","Alappuzha","Kerala"
"Punnakunnu","671535","Kasargode","Kasargode","Kerala"
"Punnala Edso","689706","Kollam","Kollam","Kerala"
"Punnamood","690101","Kollam","Kollam","Kerala"
"Punnapala","679328","Malapuram","Malapuram","Kerala"
"Punnapara","688004","Alappuzha","Alappuzha","Kerala"
"Punnapra North","688014","Alappuzha","Alappuzha","Kerala"
"Punnasseri","673585","Kozhikode","Kozhikode","Kerala"
"Punnathala","676552","Malapuram","Malapuram","Kerala"
"Punnaveli","689589","Pathanamthitta","Pathanamthitta","Kerala"
"Punnayur","679562","Thrissur","Thrissur","Kerala"
"Punnayurkulam","679561","Thrissur","Thrissur","Kerala"
"Punnol","670102","Kannur","Cannanore (Kannur)","Kerala"
"Punnur Cherupala","673585","Kozhikode","Kozhikode","Kerala"
"Purakad","673522","Kozhikode","Kozhikode","Kerala"
"Purakad Edso","690551","Alappuzha","Alappuzha","Kerala"
"Puramannur","676552","Malapuram","Malapuram","Kerala"
"Puramattom","689543","Pathanamthitta","Pathanamthitta","Kerala"
"Purameri","673503","Kozhikode","Kozhikode","Kerala"
"Puranattukara","680551","Thrissur","Puranattukara","Kerala"
"Puranga","679584","Malapuram","Malapuram","Kerala"
"Purapuzha","685583","Iduki","Thodupuzha","Kerala"
"Purathur","676102","Malapuram","Tirur","Kerala"
"Pushpagiri-Tirivalla.","689101","Pathanamthitta","Pathanamthitta","Kerala"
"Pushpakadnom","685552","Iduki","Iduki","Kerala"
"Puthady","685619","Iduki","Iduki","Kerala"
"Puthala Edso Kulanada","689503","Pathanamthitta","Pathanamthitta","Kerala"
"Puthanangadi","679321","Malapuram","Malapuram","Kerala"
"Puthariadukkam","671314","Kasargode","Kasargode","Kerala"
"Puthencave","689123","Alappuzha","Alappuzha","Kerala"
"Puthenchantha","686538","Kottayam","Kottayam","Kerala"
"Puthenchantha-Mavelikara","690501","Alappuzha","Alappuzha","Kerala"
"Puthenchira","680682","Thrissur","Thrissur","Kerala"
"Puthenchira-Kizhakkumuni","680682","Thrissur","Thrissur","Kerala"
"Puthenchira-Thekkumuri B.","680682","Thrissur","Thrissur","Kerala"
"Puthencruz","682308","Ernakulam","#N/A","Kerala"
"Puthenkunnu","673595","Wayanad","Wayanad","Kerala"
"Puthenkurichy","695303","Trivandrum","Trivandrum","Kerala"
"Puthennabalam Edso","691552","Pathanamthitta","Pathanamthitta","Kerala"
"Puthenpalli","680103","Thrissur","Thrissur","Kerala"
"Puthenpeediaka","680642","Thrissur","Thrissur","Kerala"
"Puthenthope","695586","Trivandrum","Trivandrum","Kerala"
"Puthenthura Edso","691588","Kollam","Kollam","Kerala"
"Puthenveli","683594","Ernakulam","Ernakulam","Kerala"
"Puthenveli Edso","683594","Ernakulam","Ernakulam","Kerala"
"Puthenvelikara","683512","Ernakulam","Ernakulam","Kerala"
"Puthiakavu","690102","Kollam","Kollam","Kerala"
"Puthige","671321","Kasargode","Kasaragod","Kerala"
"Puthiyakadapuram","676302","Malapuram","Malapuram","Kerala"
"Puthiyangadi","673021","Kozhikode","Kozhikode","Kerala"
"Puthiyanirathuruthu","673303","Kozhikode","Kozhikode","Kerala"
"Puthiyara","673004","Kozhikode","Kozhikode","Kerala"
"Puthiyathura","695526","Trivandrum","Trivandrum","Kerala"
"Puthiyavila","690531","Alappuzha","Alappuzha","Kerala"
"Puthoor Vayal","673121","Wayanad","Wayanad","Kerala"
"Puthucode Palghat","678687","Kozhikode","Kozhikode","Kerala"
"Puthukulangara","695541","Trivandrum","Trivandrum","Kerala"
"Puthumala","691554","Pathanamthitta","Pathanamthitta","Kerala"
"Puthumala","673577","Wayanad","Wayanad","Kerala"
"Puthupady","686673","Ernakulam","Ernakulam","Kerala"
"Puthupally","690527","Alappuzha","Alappuzha","Kerala"
"Puthupally","686011","Kottayam","Kottayam","Kerala"
"Puthuparamba","676501","Malapuram","Malapuram","Kerala"
"Puthupariyaram","678733","Thrissur","Thrissur","Kerala"
"Puthur Kottakkal","676503","Malapuram","Malapuram","Kerala"
"Puthur Kotuvalli","673572","Kozhikode","Kozhikode","Kerala"
"Puthur Pallikkal","673636","Malapuram","Malapuram","Kerala"
"Puthur Panoor","670692","Kannur","Cannanore (Kannur)","Kerala"
"Puthur-Palakkad","678005","Palakkad","Palghat","Kerala"
"Puthur-Quilon","691507","Kollam","Kollam","Kerala"
"Puthur-Trichur","680014","Thrissur","Thrissur","Kerala"
"Puthuruthy","680623","Thrissur","Thrissur","Kerala"
"Puthusserimala","689672","Pathanamthitta","Pathanamthitta","Kerala"
"Puthussermukku Edso","695605","Trivandrum","Trivandrum","Kerala"
"Puthusserri South","689602","Pathanamthitta","Pathanamthitta","Kerala"
"Puthuveli Edso","686641","Kottayam","Kottayam","Kerala"
"Puthuvype","682508","Ernakulam","Kochi","Kerala"
"Puttady","685551","Iduki","Iduki","Kerala"
"Putuhur-Vadagara","673104","Kozhikode","Kozhikode","Kerala"
"Puvar","695525","Trivandrum","Trivandrum","Kerala"
"Puvathaparamba","673008","Kozhikode","Kozhikode","Kerala"
"Puvathur","680508","Thrissur","Thrissur","Kerala"
"Puzhakkal","680553","Thrissur","Thrissur","Kerala"
"Puzhakkattri","679321","Malapuram","Malapuram","Kerala"
"Puzhamutti","673121","Wayanad","Wayanad","Kerala"
"Puzhikol","686604","Kottayam","Kottayam","Kerala"
"Quilandy","673305","Kozhikode","Quilandy","Kerala"
"Quilandy Bazar","673620","Kozhikode","Kozhikode","Kerala"
"Rajagiri Edso","683104","Ernakulam","Ernakulam","Kerala"
"Rajakad","685566","Iduki","Iduki","Kerala"
"Rajakandam","685551","Iduki","Iduki","Kerala"
"Rajakumari","685619","Iduki","Udumbanchola","Kerala"
"Rajakumari South","685619","Iduki","Iduki","Kerala"
"Rajamudi","685602","Iduki","Iduki","Kerala"
"Rajapuram","685602","Iduki","Iduki","Kerala"
"Rajapuram","671532","Kasargode","Kasargode","Kerala"
"Rajendraprasad Colony","686513","Kottayam","Kottayam","Kerala"
"Ramakkalmettu","685552","Iduki","Iduki","Kerala"
"Ramanattukara","673633","Kozhikode","Ramanattukara","Kerala"
"Ramangalam","686663","Ernakulam","Ernakulam","Kerala"
"Ramankuth","679330","Malapuram","Malapuram","Kerala"
"Ramantali","670308","Kannur","Cannanore (Kannur)","Kerala"
"Ramapuram Bazar","686576","Kottayam","Kottayam","Kerala"
"Ramapuram Edso","686591","Kottayam","Kottayam","Kerala"
"Ramapuram Edso","679350","Malapuram","Malapuram","Kerala"
"Ramasseri","678622","Thrissur","Thrissur","Kerala"
"Ramavarmapuram","680631","Thrissur","Thrissur","Kerala"
"Ramavarmapuram Pudur.","678555","Thrissur","Thrissur","Kerala"
"Ramdaakadavu","670706","Kannur","Cannanore (Kannur)","Kerala"
"Ramdas Nagar","671125","Kasargode","Kasargode","Kerala"
"Randar","686673","Ernakulam","Ernakulam","Kerala"
"Randathani","676510","Malapuram","Malapuram","Kerala"
"Ranipuram","671532","Kasargode","Kasargode","Kerala"
"Ranny","689672","Pathanamthitta","Pathanamthitta","Kerala"
"Ranny Edamon Edso","689681","Pathanamthitta","Pathanamthitta","Kerala"
"Ranny Pazhavangadi","689673","Pathanamthitta","Pathanamthitta","Kerala"
"Ranny Perinad","689711","Pathanamthitta","Pathanamthitta","Kerala"
"Ravaneswaram","671316","Kasargode","Kasargode","Kerala"
"Rayamangalam","683545","Ernakulam","Kunnathunad","Kerala"
"Rayarangoth","673102","Kozhikode","Kozhikode","Kerala"
"Rayarom","670571","Kannur","Cannanore (Kannur)","Kerala"
"Rayonpuram","683543","Ernakulam","Ernakulam","Kerala"
"Rmankary","689595","Pathanamthitta","Pathanamthitta","Kerala"
"Rubber Board","686009","Kottayam","Kottayam","Kerala"
"Ruby Nagar","686103","Kottayam","Kottayam","Kerala"
"Russelpuram","695501","Trivandrum","Trivandrum","Kerala"
"S.V Market","690573","Kollam","Kollam","Kerala"
"Sabarimala","689713","Pathanamthitta","Pathanamthitta","Kerala"
"Sachivothamapuram","686532","Kottayam","Kottayam","Kerala"
"Sadanandapuram Edso","691551","Pathanamthitta","Pathanamthitta","Kerala"
"Sahayagiri","685620","Iduki","Iduki","Kerala"
"Sainik School","695585","Trivandrum","Trivandrum","Kerala"
"Sakthikulangara","691581","Kollam","Kollam","Kerala"
"Sam Nagar","691310","Kollam","Kollam","Kerala"
"Samekochi","671541","Kasargode","Kasargode","Kerala"
"Sanathanapuram","688003","Alappuzha","Alappuzha","Kerala"
"Sankaramangalam","679303","Thrissur","Thrissur","Kerala"
"Sankaranellur","670643","Kannur","Cannanore (Kannur)","Kerala"
"Sankaranpady","671541","Kasargode","Kasargode","Kerala"
"Sanniasioda","685552","Iduki","Iduki","Kerala"
"Santhanpara","685619","Iduki","#N/A","Kerala"
"Santhgiri","670674","Kannur","Cannanore (Kannur)","Kerala"
"Santhigram","685510","Iduki","Iduki","Kerala"
"Santhinagar","673573","Kozhikode","Kozhikode","Kerala"
"Santhipuram","686545","Kottayam","Kottayam","Kerala"
"Santhipuram","680668","Thrissur","Thrissur","Kerala"
"Sasimala","673579","Wayanad","Wayanad","Kerala"
"Sasthamangalam","695010","Trivandrum","Trivandrum","Kerala"
"Sasthamcottah","690521","Kollam","Kollam","Kerala"
"Sasthanoda","685535","Iduki","Iduki","Kerala"
"Sasthavattom","695305","Trivandrum","Trivandrum","Kerala"
"Seethamount - Pulpali","673579","Wayanad","Wayanad","Kerala"
"Seethathode","689667","Pathanamthitta","Pathanamthitta","Kerala"
"Sekahripuram","678010","Thrissur","Thrissur","Kerala"
"Seliampara","685563","Iduki","Iduki","Kerala"
"Senapathy","685619","Iduki","Iduki","Kerala"
"Sengulam","685565","Iduki","Iduki","Kerala"
"Sethulekshmipuram","688523","Alappuzha","Alappuzha","Kerala"
"Sethuparvathipuram","685617","Iduki","Iduki","Kerala"
"Shaliacary Estatate","691305","Kollam","Kollam","Kerala"
"Shanmughom Road","682031","Ernakulam","Ernakulam","Kerala"
"Shiriya","671321","Kasargode","Kasaragod","Kerala"
"Sholayur-Palakkad","678581","Thrissur","Thrissur","Kerala"
"Shoranur Govt.Press","679122","Thrissur","Thrissur","Kerala"
"Shornaur","679121","Thrissur","Thrissur","Kerala"
"Shribagily","671124","Kasargode","Kasargode","Kerala"
"Sidha Smaj","673104","Kozhikode","Kozhikode","Kerala"
"Sitharkunda","678511","Thrissur","Thrissur","Kerala"
"Sivapuram","670702","Kozhikode","Quilandy","Kerala"
"Sooranad","690522","Pathanamthitta","Pathanamthitta","Kerala"
"Soornad North","690561","Pathanamthitta","Pathanamthitta","Kerala"
"Sotuh Chellanam","682008","Ernakulam","Ernakulam","Kerala"
"South Advassey","683578","Ernakulam","Ernakulam","Kerala"
"South Kathipara","685562","Iduki","Iduki","Kerala"
"South Kondazhi","679106","Thrissur","Thrissur","Kerala"
"South Paravoor Edso","682320","Ernakulam","Ernakulam","Kerala"
"South Vazhakulam","683105","Ernakulam","Ernakulam","Kerala"
"Spring Valley","685509","Iduki","Iduki","Kerala"
"Sree Ramapuram Market","690539","Kollam","Kollam","Kerala"
"Sreekandapuram","670631","Kannur","#N/A","Kerala"
"Sreekantamangalam","686562","Kottayam","Kottayam","Kerala"
"Sreekariyam","695017","Trivandrum","Trivandrum","Kerala"
"Sreemoolanagaram","683580","Ernakulam","Ernakulam","Kerala"
"Sreenarayanapuram","688582","Alappuzha","Alappuzha","Kerala"
"Sreenivasapuram","695145","Trivandrum","Trivandrum","Kerala"
"Sreetha","670303","Kannur","Cannanore (Kannur)","Kerala"
"Srikrishnapuram","679513","Thrissur","Thrissur","Kerala"
"St. Vincent Colony","673006","Kozhikode","Kozhikode","Kerala"
"St.Xavier'S College","695586","Trivandrum","Trivandrum","Kerala"
"Sugandhagiri","673576","Wayanad","Wayanad","Kerala"
"Sugapuram","679576","Malapuram","Malapuram","Kerala"
"Sultan'S Bathery","673592","Wayanad","Wayanad","Kerala"
"Surianalle","685618","Iduki","Iduki","Kerala"
"Surianarayanapuram","686502","Kottayam","Kottayam","Kerala"
"T.K.M.College","691005","Kollam","Kollam","Kerala"
"Tachampara","678593","Thrissur","Thrissur","Kerala"
"Tachangad","678571","Thrissur","Thrissur","Kerala"
"Tachingandam","679325","Malapuram","Malapuram","Kerala"
"Tachmpoil","673573","Kozhikode","Kozhikode","Kerala"
"Talakadathur","673317","Kozhikode","Kozhikode","Kerala"
"Talangara","671122","Kasargode","Kasargode","Kerala"
"Talayad","673574","Kozhikode","Kozhikode","Kerala"
"Talekode","679322","Malapuram","Malapuram","Kerala"
"Talekode West Edso","679352","Malapuram","Malapuram","Kerala"
"Tali","680585","Thrissur","Thrissur","Kerala"
"Talikulam","680569","Thrissur","Thrissur","Kerala"
"Taliparamba","670141","Kannur","Taliparamba","Kerala"
"Taliyil","673508","Kozhikode","Kozhikode","Kerala"
"Talliar","685614","Iduki","Iduki","Kerala"
"Tamaracherry","673573","Kozhikode","Kozhikode","Kerala"
"Tanalur","676307","Malapuram","#N/A","Kerala"
"Tanur Malabar","676302","Malapuram","Malapuram","Kerala"
"Tarur Edso","678547","Thrissur","Thrissur","Kerala"
"Taruvakoanam","679501","Thrissur","Thrissur","Kerala"
"Tatapuram","682014","Ernakulam","Ernakulam","Kerala"
"Tattamangalam","678102","Thrissur","Thrissur","Kerala"
"Tavanur","679573","Thrissur","Thrissur","Kerala"
"Tavanur Feroke","673641","Malapuram","Malapuram","Kerala"
"Tavinhal","670644","Kannur","Cannanore (Kannur)","Kerala"
"Tayyalingal","676320","Malapuram","Malapuram","Kerala"
"Teekoy","686580","Kottayam","#N/A","Kerala"
"Temple Gate","670102","Kannur","Cannanore (Kannur)","Kerala"
"Tenari","678622","Thrissur","Thrissur","Kerala"
"Tenhipalam","673636","Malapuram","Malapuram","Kerala"
"Tenur Edso","678616","Thrissur","Thrissur","Kerala"
"Thaayolaparambu","686605","Kottayam","Kottayam","Kerala"
"Thabore","670511","Kannur","Cannanore (Kannur)","Kerala"
"Thabore","683577","Ernakulam","Ernakulam","Kerala"
"Thadicaud","691306","Kollam","Kollam","Kerala"
"Thadikadavu","670581","Kannur","Cannanore (Kannur)","Kerala"
"Thadiyampad","685602","Iduki","Iduki","Kerala"
"Thadiyoor","689545","Pathanamthitta","Pathanamthitta","Kerala"
"Thadukkasseri","678641","Thrissur","Thrissur","Kerala"
"Thaickal Edso","688554","Alappuzha","Alappuzha","Kerala"
"Thaikadapuram","671314","Kasargode","Kasargode","Kerala"
"Thaikkad","680104","Thrissur","Thaikkad","Kerala"
"Thaikkattukara","683106","Ernakulam","Ernakulam","Kerala"
"Thakazhy","688562","Alappuzha","Alappuzha","Kerala"
"Thalachira Edso","691546","Kollam","Kollam","Kerala"
"Thalachira Eram","689664","Pathanamthitta","Pathanamthitta","Kerala"
"Thalacode Kgm","686693","Ernakulam","Ernakulam","Kerala"
"Thalakkasserri Edso","679538","Thrissur","Thrissur","Kerala"
"Thalakottukara","680501","Thrissur","Thrissur","Kerala"
"Thalanad","686580","Kottayam","Kottayam","Kerala"
"Thalapuzha","670644","Kannur","Cannanore (Kannur)","Kerala"
"Thalassery","670101","Kannur","Thalassery","Kerala"
"Thalassery","679532","Thrissur","Thrissur","Kerala"
"Thalavady","689572","Alappuzha","Alappuzha","Kerala"
"Thalavady South Edso","689723","Alappuzha","Alappuzha","Kerala"
"Thalavoor Edso","691514","Pathanamthitta","Pathanamthitta","Kerala"
"Thalayazhom","686607","Kottayam","Kottayam","Kerala"
"Thalcode","682314","Ernakulam","Ernakulam","Kerala"
"Thalikuzhi","695612","Trivandrum","Trivandrum","Kerala"
"Thalore","680306","Thrissur","Thrissur","Kerala"
"Thalunkal","686514","Kottayam","Kottayam","Kerala"
"Thamalakkal North","690514","Alappuzha","Alappuzha","Kerala"
"Thamalam","695012","Trivandrum","Trivandrum","Kerala"
"Thamallakkal","690549","Alappuzha","Alappuzha","Kerala"
"Thamarakudi","691560","Kollam","Kollam","Kerala"
"Thamarakulam","690530","Alappuzha","Alappuzha","Kerala"
"Thamarayoor","680505","Thrissur","Thrissur","Kerala"
"Thambalakad","686506","Kottayam","Kottayam","Kerala"
"Thambalamanna","673603","Wayanad","Wayanad","Kerala"
"Thambankadavu","680569","Thrissur","Thrissur","Kerala"
"Thammanam","682032","Ernakulam","Ernakulam","Kerala"
"Thandorappara","673526","Kozhikode","Kozhikode","Kerala"
"Thangallu","680581","Thrissur","Thrissur","Kerala"
"Thangasseri","691007","Kollam","Kollam","Kerala"
"Thanisserry","680701","Thrissur","Thrissur","Kerala"
"Thankamony","685515","Iduki","Iduki","Kerala"
"Thankottur","673509","Kozhikode","Kozhikode","Kerala"
"Thannermukkom","688527","Alappuzha","Alappuzha","Kerala"
"Thannilapuram","678682","Thrissur","Thrissur","Kerala"
"Thannimoodu","695123","Trivandrum","Trivandrum","Kerala"
"Thannisserri","678501","Thrissur","Thrissur","Kerala"
"Thannothode","689699","Pathanamthitta","Pathanamthitta","Kerala"
"Thariote Edso","673589","Kozhikode","Kozhikode","Kerala"
"Thariote North","673575","Wayanad","Wayanad","Kerala"
"Tharis","676523","Malapuram","Malapuram","Kerala"
"Tharopyil","673541","Kozhikode","Kozhikode","Kerala"
"Tharuvna Edso","670732","Wayanad","Wayanad","Kerala"
"Thathanapully","679309","Thrissur","Thrissur","Kerala"
"Thathapalli","688013","Alappuzha","Alappuzha","Kerala"
"Thathappilly","683520","Ernakulam","Ernakulam","Kerala"
"Thattakkatu Market","690547","Kollam","Kollam","Kerala"
"Thattakuzha","685581","Iduki","Iduki","Kerala"
"Thattamala","691020","Kollam","Kollam","Kerala"
"Thattarambalam","690103","Alappuzha","Alappuzha","Kerala"
"Thattarathatta","685586","Iduki","Iduki","Kerala"
"Thattarkonam","691005","Kollam","Kollam","Kerala"
"Thattathumala","695614","Trivandrum","Trivandrum","Kerala"
"Thattayil","691525","Pathanamthitta","Pathanamthitta","Kerala"
"Thattekanni","685602","Iduki","Iduki","Kerala"
"Thattekkad","686691","Ernakulam","Ernakulam","Kerala"
"Thattummal","670511","Kannur","Cannanore (Kannur)","Kerala"
"Thayamkari Edso","689722","Alappuzha","Alappuzha","Kerala"
"Thayannor","671531","Kasargode","Kasargode","Kerala"
"Thayyenni","670511","Kannur","Cannanore (Kannur)","Kerala"
"Thayyur","680584","Thrissur","Thrissur","Kerala"
"Thazhakara","690102","Alappuzha","Alappuzha","Kerala"
"Thazhathangadi","685005","Iduki","Iduki","Kerala"
"Thazhathoor","673595","Wayanad","Wayanad","Kerala"
"Thazhathu Vadakku","691526","Pathanamthitta","Pathanamthitta","Kerala"
"Thazhatthuvadkara","686541","Kottayam","Kottayam","Kerala"
"Thazhava","690523","Kollam","Kollam","Kerala"
"Thazhavankunnam","686668","Ernakulam","Ernakulam","Kerala"
"Thazhe Chovva","670018","Kannur","Cannanore (Kannur)","Kerala"
"Thazhekkad Edso","686697","Ernakulam","Ernakulam","Kerala"
"Thazhmunda","673596","Wayanad","Wayanad","Kerala"
"Theerthapadapuram","686505","Kottayam","Kottayam","Kerala"
"Thekkady","685536","Iduki","Iduki","Kerala"
"Thekkankuttur","676551","Malapuram","Malapuram","Kerala"
"Thekke Desam","678553","Thrissur","Thrissur","Kerala"
"Thekke Gramam","678553","Thrissur","Thrissur","Kerala"
"Thekkekara","690107","Alappuzha","Alappuzha","Kerala"
"Thekkenmarady","686673","Ernakulam","Ernakulam","Kerala"
"Thekkepotta","678687","Kozhikode","Kozhikode","Kerala"
"Thekketheri","691522","Kollam","Kollam","Kerala"
"Thekkethukavala","686519","Kottayam","Kottayam","Kerala"
"Thekkevavanur","679533","Thrissur","Thrissur","Kerala"
"Thekkil","671541","Kasargode","Kasaragod","Kerala"
"Thekkil Ferry","671545","Kasargode","Kasargode","Kerala"
"Thekkumbad","670301","Kannur","Cannanore (Kannur)","Kerala"
"Thekkumbhagam","691319","Kollam","Kollam","Kerala"
"Thekkumbhaghom","682301","Ernakulam","Ernakulam","Kerala"
"Thekkumbhaghom","685585","Iduki","Iduki","Kerala"
"Thekkumkal","689614","Pathanamthitta","Pathanamthitta","Kerala"
"Thekkumkara","680608","Thrissur","Thrissur","Kerala"
"Thekkummuri","676105","Malapuram","Malapuram","Kerala"
"Thekkummuri","679506","Thrissur","Thrissur","Kerala"
"Thekkumthara","673121","Wayanad","Wayanad","Kerala"
"Thekkupara","695505","Trivandrum","Trivandrum","Kerala"
"Thekkuthode","689699","Pathanamthitta","Pathanamthitta","Kerala"
"Thelakkad","679325","Malapuram","Malapuram","Kerala"
"Thellakam","686016","Kottayam","Kottayam","Kerala"
"Thelliyoor Edso","689544","Pathanamthitta","Pathanamthitta","Kerala"
"Thengakal Edso","685538","Iduki","Iduki","Kerala"
"Thengamom","690522","Pathanamthitta","Pathanamthitta","Kerala"
"Thengara Edso","678761","Thrissur","Thrissur","Kerala"
"Thengely","689106","Pathanamthitta","Pathanamthitta","Kerala"
"Thengode","682021","Ernakulam","Ernakulam","Kerala"
"Thengumkavu","689646","Pathanamthitta","Pathanamthitta","Kerala"
"Thenkurissi","678671","Thrissur","Thrissur","Kerala"
"Thenmala","691308","Kollam","Kollam","Kerala"
"Thennala Edso","676511","Malapuram","Malapuram","Kerala"
"Thennur","695563","Trivandrum","Trivandrum","Kerala"
"Theodical","689613","Pathanamthitta","Pathanamthitta","Kerala"
"Theppupara","691554","Pathanamthitta","Pathanamthitta","Kerala"
"Therthally","670571","Kannur","Cannanore (Kannur)","Kerala"
"Thettamala","670731","Kannur","Cannanore (Kannur)","Kerala"
"Thevalakkara","690524","Kollam","Kollam","Kerala"
"Thevalapuram","691507","Kollam","Kollam","Kerala"
"Thevally","691009","Kollam","Kollam","Kerala"
"Thevannur","691533","Pathanamthitta","Pathanamthitta","Kerala"
"Thevara","682013","Ernakulam","Ernakulam","Kerala"
"Theyyappara","673580","Kozhikode","Kozhikode","Kerala"
"Theyyathompadam","679331","Malapuram","Malapuram","Kerala"
"Thichur Edso","680609","Thrissur","Thrissur","Kerala"
"Thidanad","686123","Kottayam","Kottayam","Kerala"
"Thilenkeri","670702","Kannur","Cannanore (Kannur)","Kerala"
"Thimiri","670581","Kannur","Hosdurg","Kerala"
"Thingalkarikom","691310","Kollam","Kollam","Kerala"
"Thinur","673507","Kannur","Cannanore (Kannur)","Kerala"
"Thippillisseri","680519","Thrissur","Thrissur","Kerala"
"Thirannikavu","680565","Thrissur","Thrissur","Kerala"
"Thirumalabhagom","688540","Alappuzha","Alappuzha","Kerala"
"Thirumaradi Edso","686687","Ernakulam","Ernakulam","Kerala"
"Thirumarayoor","682313","Ernakulam","Ernakulam","Kerala"
"Thirumeni","670511","Kannur","Taliparamba","Kerala"
"Thirumittakode Edso","679533","Thrissur","Thrissur","Kerala"
"Thirumonivenkitapuram","686606","Kottayam","Kottayam","Kerala"
"Thirumoolapuram","689115","Pathanamthitta","Pathanamthitta","Kerala"
"Thirumukkulam","680012","Thrissur","Thrissur","Kerala"
"Thirunelli Temple","670646","Wayanad","Wayanad","Kerala"
"Thirunellur","680508","Thrissur","Thrissur","Kerala"
"Thirunvanvandoor","689109","Alappuzha","Alappuzha","Kerala"
"Thiruthiyad","673004","Kozhikode","Kozhikode","Kerala"
"Thiruvalathur","678551","Thrissur","Thrissur","Kerala"
"Thiruvaliyad","678510","Thrissur","Thrissur","Kerala"
"Thiruvallam","695027","Trivandrum","Trivandrum","Kerala"
"Thiruvambadi","686612","Kottayam","Kozhikode","Kerala"
"Thiruvambadi Jn","688002","Alappuzha","Alappuzha","Kerala"
"Thiruvananthapuram G.P.O.","695001","Trivandrum","Trivandrum","Kerala"
"Thiruvanchikulam","680664","Thrissur","Thrissur","Kerala"
"Thiruvanchoor","686037","Kottayam","Kottayam","Kerala"
"Thiruvankulam","682305","Ernakulam","Thiruvankulam","Kerala"
"Thiruvarpu","686033","Kottayam","#N/A","Kerala"
"Thiruvatra","680516","Thrissur","Thrissur","Kerala"
"Thiruvazhiyode","679514","Thrissur","Thrissur","Kerala"
"Thiruvenkitam","680101","Thrissur","Thrissur","Kerala"
"Thiruvilwamala","680588","Thrissur","Thrissur","Kerala"
"Thodanal","686573","Kottayam","Kottayam","Kerala"
"Thodiyoor Edso","690568","Kollam","Kollam","Kerala"
"Thodiyoor North","690523","Kollam","Kollam","Kerala"
"Thodupuzha East","685585","Iduki","Iduki","Kerala"
"Thodupuzha Puthupariyaram","685584","Iduki","Iduki","Kerala"
"Thokkad","695143","Trivandrum","Trivandrum","Kerala"
"Thokkupara","685565","Iduki","Iduki","Kerala"
"Tholicode Edso","695541","Trivandrum","Trivandrum","Kerala"
"Tholicode Punalur","691333","Kollam","Kollam","Kerala"
"Tholpetty","670646","Wayanad","Wayanad","Kerala"
"Tholur","680552","Thrissur","Thrissur","Kerala"
"Thombikandam","689676","Pathanamthitta","Pathanamthitta","Kerala"
"Thommankuthu","685581","Iduki","Iduki","Kerala"
"Thondemad","670731","Kannur","Cannanore (Kannur)","Kerala"
"Thondiyil","670673","Kannur","Cannanore (Kannur)","Kerala"
"Thonnakkad","689511","Alappuzha","Alappuzha","Kerala"
"Thonnakkal","695317","Trivandrum","Trivandrum","Kerala"
"Thonniamala","689668","Pathanamthitta","Pathanamthitta","Kerala"
"Thonnurkara Edso","680610","Thrissur","Thrissur","Kerala"
"Thootha","679357","Malapuram","Malapuram","Kerala"
"Thope","695008","Trivandrum","Trivandrum","Kerala"
"Thoppipals","685511","Iduki","Iduki","Kerala"
"Thopramgudy","685515","Iduki","Iduki","Kerala"
"Thopramgudy","685515","Iduki","Iduki","Kerala"
"Thottabhagom","689541","Pathanamthitta","Pathanamthitta","Kerala"
"Thottabhagom","689541","Pathanamthitta","Pathanamthitta","Kerala"
"Thottada","670007","Kannur","Thottada","Kerala"
"Thottada","670007","Kannur","Thottada","Kerala"
"Thottakara","679102","Thrissur","Thrissur","Kerala"
"Thottakara","679102","Thrissur","Thrissur","Kerala"
"Thottakkad","686539","Kottayam","Kottayam","Kerala"
"Thottakkad","686539","Kottayam","Kottayam","Kerala"
"Thottakkad","695605","Trivandrum","Trivandrum","Kerala"
"Thottakkad","695605","Trivandrum","Trivandrum","Kerala"
"Thottakkad West","686539","Kottayam","Kottayam","Kerala"
"Thottakkad West","686539","Kottayam","Kottayam","Kerala"
"Thottakkattukara","683108","Ernakulam","Ernakulam","Kerala"
"Thottakkattukara","683108","Ernakulam","Ernakulam","Kerala"
"Thottakom Edso","686145","Kottayam","Kottayam","Kerala"
"Thottakom Edso","686145","Kottayam","Kottayam","Kerala"
"Thottapaly Edso","688563","Alappuzha","Alappuzha","Kerala"
"Thottapaly Edso","688563","Alappuzha","Alappuzha","Kerala"
"Thottilangady","673639","Malapuram","Malapuram","Kerala"
"Thottilangady","673639","Malapuram","Malapuram","Kerala"
"Thottippal","680310","Thrissur","Thrissur","Kerala"
"Thottippal","680310","Thrissur","Thrissur","Kerala"
"Thottumughom","683105","Ernakulam","Ernakulam","Kerala"
"Thottumughom","683105","Ernakulam","Ernakulam","Kerala"
"Thottumukhom","690519","Kollam","Kollam","Kerala"
"Thottumukhom","690519","Kollam","Kollam","Kerala"
"Thottumukkam","673639","Malapuram","Malapuram","Kerala"
"Thottumukkam","673639","Malapuram","Malapuram","Kerala"
"Thotuvathala","688501","Alappuzha","Alappuzha","Kerala"
"Thotuvathala","688501","Alappuzha","Alappuzha","Kerala"
"Thovarayar","685511","Iduki","Iduki","Kerala"
"Thovarayar","685511","Iduki","Iduki","Kerala"
"Thovarimala","673592","Wayanad","Wayanad","Kerala"
"Thozhiyur Tolur","680520","Thrissur","Thrissur","Kerala"
"Thozhupadam","680586","Thrissur","Thrissur","Kerala"
"Thrikakara","682028","Ernakulam","Ernakulam","Kerala"
"Thrikariyoor","686692","Ernakulam","Ernakulam","Kerala"
"Thrikkannamangal","691531","Kollam","Kollam","Kerala"
"Thrikodithanam","686105","Kottayam","Kottayam","Kerala"
"Thrikothamangalam","686011","Kottayam","Kottayam","Kerala"
"Thripalazhikom","691509","Kollam","Kollam","Kerala"
"Thrissileri","670646","Wayanad","Wayanad","Kerala"
"Thrissur","680001","Thrissur","Thrissur","Kerala"
"Thrissur City","680020","Thrissur","Thrissur","Kerala"
"Thrissur East","680005","Thrissur","Thrissur","Kerala"
"Thrissur Engg.College","680009","Thrissur","Thrissur","Kerala"
"Thrissur R.S","680021","Thrissur","Thrissur","Kerala"
"Thrivatoor","670141","Kannur","Cannanore (Kannur)","Kerala"
"Thruvaniyur","682308","Ernakulam","Ernakulam","Kerala"
"Thudanganad","685587","Iduki","Iduki","Kerala"
"Thudayannur","691536","Kollam","Kollam","Kerala"
"Thulapally","686510","Kottayam","Kottayam","Kerala"
"Thulappan Colony","679332","Malapuram","Malapuram","Kerala"
"Thumbur","680662","Thrissur","Thrissur","Kerala"
"Thumpamon","689502","Pathanamthitta","Pathanamthitta","Kerala"
"Thumpamon North","689625","Pathanamthitta","Pathanamthitta","Kerala"
"Thumpamonthazham","689632","Pathanamthitta","Pathanamthitta","Kerala"
"Thumpoly","688008","Pathanamthitta","Pathanamthitta","Kerala"
"Thurakkal","673638","Malapuram","Malapuram","Kerala"
"Thuravankara","683575","Ernakulam","Ernakulam","Kerala"
"Thuravoor","688532","Alappuzha","Alappuzha","Kerala"
"Thuravoor","683586","Ernakulam","#N/A","Kerala"
"Thurithipuram","680667","Thrissur","Thrissur","Kerala"
"Thuruthi","671351","Kasargode","Kasargode","Kerala"
"Thuruthi Ekm","683545","Ernakulam","Ernakulam","Kerala"
"Thuruthicad","689597","Pathanamthitta","Pathanamthitta","Kerala"
"Thuruthikara","690520","Kollam","Kollam","Kerala"
"Thuruthy","686535","Kottayam","Kottayam","Kerala"
"Thurutiyad","673612","Kozhikode","Kozhikode","Kerala"
"Thuruvikkal Edso","695031","Trivandrum","Trivandrum","Kerala"
"Thuvakkode","673304","Kozhikode","Kozhikode","Kerala"
"Thuvakunnu","670693","Kannur","Cannanore (Kannur)","Kerala"
"Thuvayoor South","691552","Pathanamthitta","Pathanamthitta","Kerala"
"Thycattussery","688528","Alappuzha","Alappuzha","Kerala"
"Thycaud","695014","Trivandrum","Trivandrum","Kerala"
"Tikkoti","673529","Kozhikode","Kozhikode","Kerala"
"Timiri-Cheruvathur","671313","Kasargode","Kasargode","Kerala"
"Tirukad Edso","679351","Malapuram","Malapuram","Kerala"
"Tirumala","695006","Trivandrum","Trivandrum","Kerala"
"Tirumullavaram","691012","Kollam","Kollam","Kerala"
"Tirunallur Edso","688557","Alappuzha","Alappuzha","Kerala"
"Tirunarayanapuram","679514","Thrissur","Thrissur","Kerala"
"Tirunavaya","676301","Malapuram","Malapuram","Kerala"
"Tirunelli","670646","Wayanad","Wayanad","Kerala"
"Tirunilayi","678020","Thrissur","Thrissur","Kerala"
"Tirupuram","695133","Trivandrum","Trivandrum","Kerala"
"Tirur","676101","Malapuram","Tirur","Kerala"
"Tirurangadi","676306","Malapuram","#N/A","Kerala"
"Tiruvalamkunnu","678601","Thrissur","Thrissur","Kerala"
"Tiruvali Edso","679348","Malapuram","Malapuram","Kerala"
"Tiruvalla","689101","Pathanamthitta","Pathanamthitta","Kerala"
"Tiruvalla R S","689111","Pathanamthitta","Pathanamthitta","Kerala"
"Tiruvalla R S","689111","Pathanamthitta","Pathanamthitta","Kerala"
"Tiruvambadi","673603","Wayanad","Wayanad","Kerala"
"Tiruvangoor","673318","Kozhikode","Kozhikode","Kerala"
"Tiruvannur","673029","Kozhikode","Kozhikode","Kerala"
"Tiruvannurnada","673029","Kozhikode","Kozhikode","Kerala"
"Tiruvegapura","679304","Thrissur","Thrissur","Kerala"
"Tiruvode","673614","Kozhikode","Kozhikode","Kerala"
"Titanium","695021","Trivandrum","Trivandrum","Kerala"
"Todanur Edso","673108","Kozhikode","Kozhikode","Kerala"
"Tolambra","670673","Kannur","Cannanore (Kannur)","Kerala"
"Tolanur","678722","Thrissur","Thrissur","Kerala"
"Tolavannur Edso","676557","Malapuram","Malapuram","Kerala"
"Toyakavu","680513","Thrissur","Thrissur","Kerala"
"Trichambaram","670141","Kannur","Cannanore (Kannur)","Kerala"
"Trichattukulam","688581","Alappuzha","Alappuzha","Kerala"
"Trikalathur Edso","683557","Ernakulam","Ernakulam","Kerala"
"Trikandiyur","676104","Malapuram","Malapuram","Kerala"
"Trikaripur","671310","Kasargode","Kasargode","Kerala"
"Trikarpur Kadapuram","671310","Kasargode","Kasargode","Kerala"
"Trikarpur South","671311","Kasargode","Kasargode","Kerala"
"Trikatiri","679502","Thrissur","Thrissur","Kerala"
"Trikkaipetta","673577","Wayanad","Wayanad","Kerala"
"Trikkalangode Edso","676127","Malapuram","Malapuram","Kerala"
"Trikkalur","678593","Thrissur","Thrissur","Kerala"
"Trikkanapuram","679573","Thrissur","Thrissur","Kerala"
"Trikkunnapuzha","690515","Alappuzha","Alappuzha","Kerala"
"Trikkur","680314","Thrissur","Thrissur","Kerala"
"Tripanachi","673641","Malapuram","Malapuram","Kerala"
"Triperumthura","690105","Alappuzha","Alappuzha","Kerala"
"Triprangode","676108","Malapuram","#N/A","Kerala"
"Triprayar","680567","Thrissur","Thrissur","Kerala"
"Tripunithura","682301","Ernakulam","Ernakulam","Kerala"
"Trithala","679534","Thrissur","Thrissur","Kerala"
"Trithallur","680619","Thrissur","Thrissur","Kerala"
"Trithallur West","680619","Thrissur","Thrissur","Kerala"
"Triuvangad","670103","Kannur","Cannanore (Kannur)","Kerala"
"Tulakkalathukavu","695614","Trivandrum","Trivandrum","Kerala"
"Tunakadavu","678661","Thrissur","Thrissur","Kerala"
"Tuneri","673505","Kozhikode","Kozhikode","Kerala"
"Tuvvur","679327","Malapuram","Malapuram","Kerala"
"Tvm Ag'S Office","695039","Trivandrum","Trivandrum","Kerala"
"Tvm Beach","695007","Trivandrum","Trivandrum","Kerala"
"Tvm Chalai","695036","Trivandrum","Trivandrum","Kerala"
"Tvm Engg College","695016","Trivandrum","Trivandrum","Kerala"
"Tvm Fort","695023","Trivandrum","Trivandrum","Kerala"
"Tvm Isro","695022","Trivandrum","Trivandrum","Kerala"
"Tvm Jawahar Nagar","695041","Trivandrum","Trivandrum","Kerala"
"Tvm Medical College","695011","Trivandrum","Trivandrum","Kerala"
"Tvm Pettah","695024","Trivandrum","Trivandrum","Kerala"
"Tvm University","695034","Trivandrum","Trivandrum","Kerala"
"Uchakada","695506","Trivandrum","Trivandrum","Kerala"
"Udam-Padinhare","671319","Kasargode","Kasargode","Kerala"
"Udayagiri","670571","Kannur","Cannanore (Kannur)","Kerala"
"Udayamperoor","682307","Ernakulam","Ernakulam","Kerala"
"Udayanapuram","686143","Kottayam","Kottayam","Kerala"
"Udayavara","671323","Kasargode","Kasargode","Kerala"
"Udinur","671349","Kasargode","Kasargode","Kerala"
"Udma","671319","Kasargode","Udma","Kerala"
"Udumbanchola","685554","Iduki","#N/A","Kerala"
"Udumbannur Edso","685595","Iduki","Iduki","Kerala"
"Udumbanthala","671350","Kasargode","Kasargode","Kerala"
"Udyogamandal","683501","Ernakulam","Ernakulam","Kerala"
"Ukkinada","671552","Kasargode","Kasargode","Kerala"
"Ulanad","689503","Pathanamthitta","Pathanamthitta","Kerala"
"Ulikkal","670705","Kannur","Cannanore (Kannur)","Kerala"
"Uliyakovil","691019","Kollam","Kollam","Kerala"
"Uliyannur","683108","Ernakulam","Ernakulam","Kerala"
"Uliyil","670702","Kannur","Cannanore (Kannur)","Kerala"
"Ullanad","686651","Kottayam","Kottayam","Kerala"
"Ullanam","676303","Malapuram","Malapuram","Kerala"
"Ullanam North","676303","Malapuram","Malapuram","Kerala"
"Ullannur","689503","Pathanamthitta","Pathanamthitta","Kerala"
"Ulliyeri Edso","673323","Kozhikode","Kozhikode","Kerala"
"Ullody","671321","Kasargode","Kasargode","Kerala"
"Ulloor","695011","Trivandrum","Trivandrum","Kerala"
"Umayanallur Ind Estate","691589","Kollam","Kollam","Kerala"
"Umbidi","686539","Kottayam","Kottayam","Kerala"
"Ummanazhi","678632","Thrissur","Thrissur","Kerala"
"Ummanchira","670649","Kannur","Cannanore (Kannur)","Kerala"
"Ummannur Edso","691547","Kollam","Kollam","Kerala"
"Union Christian College","683102","Ernakulam","Ernakulam","Kerala"
"Unnikulam","673574","Kozhikode","Kozhikode","Kerala"
"Uppada Edso","679354","Malapuram","Malapuram","Kerala"
"Uppala","671322","Kasargode","#N/A","Kerala"
"Uppala Gate","671322","Kasargode","Kasargode","Kerala"
"Uppilakal","671314","Kasargode","Kasargode","Kerala"
"Uppukandam","685510","Iduki","Iduki","Kerala"
"Uppukulam","678601","Thrissur","Thrissur","Kerala"
"Upputhara","685505","Iduki","Iduki","Kerala"
"Upputhode","685602","Iduki","Udumbanchola","Kerala"
"Urakam","680562","Thrissur","Thrissur","Kerala"
"Urakanadu","686512","Kottayam","Kottayam","Kerala"
"Urallur","673620","Kozhikode","Kozhikode","Kerala"
"Urangattiri","673639","Malapuram","Ernad","Kerala"
"Urdur","671543","Kasargode","Kasargode","Kerala"
"Uriakode","695543","Trivandrum","Trivandrum","Kerala"
"Urukary","689595","Pathanamthitta","Pathanamthitta","Kerala"
"Urukunnu Esdo","691329","Kollam","Kollam","Kerala"
"Urulanthanny","686691","Ernakulam","Ernakulam","Kerala"
"Uruvachal","670702","Kannur","Cannanore (Kannur)","Kerala"
"Uthimoodu Edso","689645","Malapuram","Malapuram","Kerala"
"Vadackal","688003","Alappuzha","Alappuzha","Kerala"
"Vadacode-Vazhakulam","686670","Ernakulam","Ernakulam","Kerala"
"Vadakancherry","680582","Thrissur","Thrissur","Kerala"
"Vadakancherry R.S","680623","Thrissur","Thrissur","Kerala"
"Vadakara","673101","Kozhikode","Vadakara","Kerala"
"Vadakara","686605","Kottayam","Kottayam","Kerala"
"Vadakara Beach","673103","Kozhikode","Kozhikode","Kerala"
"Vadakethara","680587","Thrissur","Thrissur","Kerala"
"Vadakkadathukavu Jn.Edso","691529","Kollam","Kollam","Kerala"
"Vadakkanthara","678012","Thrissur","Thrissur","Kerala"
"Vadakkekad","679562","Thrissur","Thrissur","Kerala"
"Vadakkekara","683522","Ernakulam","Ernakulam","Kerala"
"Vadakkenirappu","686612","Kottayam","Kottayam","Kerala"
"Vadakkevila","691010","Kollam","Kollam","Kerala"
"Vadakkumbad Edso","670109","Kannur","Cannanore (Kannur)","Kerala"
"Vadakkumbad-Ramanthali","670330","Kannur","Cannanore (Kannur)","Kerala"
"Vadakkumbhagam","691584","Kollam","Kollam","Kerala"
"Vadakkumbhagom","689621","Alappuzha","Alappuzha","Kerala"
"Vadakkumbram","676552","Malapuram","Malapuram","Kerala"
"Vadakkumpadam","679339","Malapuram","Malapuram","Kerala"
"Vadakkumpuram","683521","Ernakulam","Ernakulam","Kerala"
"Vadakkumthala East","690536","Kollam","Kollam","Kerala"
"Vadakkumuri","685586","Iduki","Iduki","Kerala"
"Vadakkumuri","680570","Thrissur","Thrissur","Kerala"
"Vadakode","682021","Ernakulam","Ernakulam","Kerala"
"Vadakode-Kailas Col","682021","Ernakulam","Ernakulam","Kerala"
"Vadama Edso","680736","Thrissur","Thrissur","Kerala"
"Vadamon","691306","Kollam","Kollam","Kerala"
"Vadanamkurissi Edso","679124","Thrissur","Thrissur","Kerala"
"Vadapuram","676542","Malapuram","Malapuram","Kerala"
"Vadaraplavu","690505","Alappuzha","Alappuzha","Kerala"
"Vadasserikara","689662","Pathanamthitta","Pathanamthitta","Kerala"
"Vadasserikonam","695143","Trivandrum","Trivandrum","Kerala"
"Vadassery","678641","Thrissur","Thrissur","Kerala"
"Vadattupara","686694","Iduki","Iduki","Kerala"
"Vadavanur","678504","Thrissur","Thrissur","Kerala"
"Vadavathoor","686010","Kottayam","Kottayam","Kerala"
"Vadavucode","682310","Ernakulam","Ernakulam","Kerala"
"Vadayampadi","682308","Ernakulam","Ernakulam","Kerala"
"Vadayar","686605","Kottayam","Vaikom","Kerala"
"Vadukara","680007","Thrissur","Thrissur","Kerala"
"Vaduthala","682023","Ernakulam","Ernakulam","Kerala"
"Vaduthala Jetty","688535","Alappuzha","Alappuzha","Kerala"
"Vagamon","685503","Iduki","Iduki","Kerala"
"Vaidyarangadi","673633","Kozhikode","Kozhikode","Kerala"
"Vaikaprayar","686142","Kottayam","Kottayam","Kerala"
"Vaikara","683549","Ernakulam","Ernakulam","Kerala"
"Vaikom","686141","Kottayam","Vaikom","Kerala"
"Vaikom Thekkenada","686142","Kottayam","Kottayam","Kerala"
"Vaipur","689588","Pathanamthitta","Pathanamthitta","Kerala"
"Vaka","680602","Thrissur","Thrissur","Kerala"
"Vakathanam","686538","Kottayam","#N/A","Kerala"
"Vakayad","673614","Kozhikode","Kozhikode","Kerala"
"Vakayar","689698","Pathanamthitta","Pathanamthitta","Kerala"
"Vakeri","673592","Wayanad","Wayanad","Kerala"
"Vakkad","686636","Kottayam","Kottayam","Kerala"
"Vakkadapuram","678595","Thrissur","Thrissur","Kerala"
"Vakkadu","676502","Malapuram","Malapuram","Kerala"
"Vakkanad","691509","Kollam","Kollam","Kerala"
"Vakkethody","676121","Malapuram","Malapuram","Kerala"
"Vakkom","695308","Trivandrum","Trivandrum","Kerala"
"Valacode","691331","Kollam","Kollam","Kerala"
"Valakolam","676508","Malapuram","Malapuram","Kerala"
"Valakom","691532","Kollam","Kollam","Kerala"
"Valakuzhy","689544","Pathanamthitta","Pathanamthitta","Kerala"
"Valamangalam","688532","Alappuzha","Alappuzha","Kerala"
"Valambilimangalam","679513","Thrissur","Thrissur","Kerala"
"Valambur","679325","Malapuram","Perinthalmanna","Kerala"
"Valancherri","676552","Malapuram","Malapuram","Kerala"
"Valanjavattom","689104","Pathanamthitta","Pathanamthitta","Kerala"
"Valanjavattom East","689104","Pathanamthitta","Pathanamthitta","Kerala"
"Valapad","680567","Thrissur","Thrissur","Kerala"
"Valapad Beach","680567","Thrissur","Thrissur","Kerala"
"Valapattanam","670010","Kannur","Valapattanam","Kerala"
"Valapuram","679323","Malapuram","Malapuram","Kerala"
"Valara","685561","Iduki","Iduki","Kerala"
"Valathungal Edso","691018","Kollam","Kollam","Kerala"
"Valavannur","676551","Malapuram","Tirur","Kerala"
"Valavayal","673596","Wayanad","Wayanad","Kerala"
"Valavoor","686635","Kottayam","Kottayam","Kerala"
"Valavupacha","691559","Kollam","Kollam","Kerala"
"Valayam","673517","Kozhikode","Kozhikode","Kerala"
"Valayanchirangara","683556","Ernakulam","Ernakulam","Kerala"
"Valery","670645","Wayanad","Wayanad","Kerala"
"Valiakavu","689675","Pathanamthitta","Pathanamthitta","Kerala"
"Valiakulangara","690104","Alappuzha","Alappuzha","Kerala"
"Valiakunnu","676552","Malapuram","Malapuram","Kerala"
"Valiamala Pslv Project","695547","Trivandrum","Trivandrum","Kerala"
"Valiaparamba","673572","Kozhikode","Kozhikode","Kerala"
"Valiaparamba","671312","Kasargode","Kasargode","Kerala"
"Valiaparambu Edso","690566","Alappuzha","Alappuzha","Kerala"
"Valiapoil","671313","Kasargode","Kasargode","Kerala"
"Valiathura","695008","Trivandrum","Trivandrum","Kerala"
"Valiaveli","695021","Trivandrum","Trivandrum","Kerala"
"Valiavila","695006","Trivandrum","Trivandrum","Kerala"
"Valiazheekal","690535","Alappuzha","Alappuzha","Kerala"
"Valillapuzha","673639","Malapuram","Malapuram","Kerala"
"Valiyaparambu","673637","Malapuram","Malapuram","Kerala"
"Valiyathovala","685510","Iduki","Iduki","Kerala"
"Valiyode","691512","Kollam","Kollam","Kerala"
"Vallachira","680562","Thrissur","Vallachira","Kerala"
"Vallakkadavoo","685533","Iduki","Iduki","Kerala"
"Vallakkadavoo","695008","Trivandrum","Trivandrum","Kerala"
"Vallamkulam","689541","Pathanamthitta","Pathanamthitta","Kerala"
"Vallamkulam East","689541","Pathanamthitta","Pathanamthitta","Kerala"
"Vallanghy","678508","Thrissur","Thrissur","Kerala"
"Vallapuzha","679336","Thrissur","Thrissur","Kerala"
"Vallarpadam","682031","Ernakulam","Ernakulam","Kerala"
"Vallat","670644","Kannur","Cannanore (Kannur)","Kerala"
"Vallichira Edso","686592","Kottayam","Kottayam","Kerala"
"Vallicode Edso","689659","Pathanamthitta","Pathanamthitta","Kerala"
"Vallicode Kottayam","689656","Pathanamthitta","Pathanamthitta","Kerala"
"Vallikadavu","671533","Kasargode","Kasargode","Kerala"
"Vallikkapetta","679324","Malapuram","Malapuram","Kerala"
"Vallikode","678594","Alappuzha","Alappuzha","Kerala"
"Vallikunnam","690501","Alappuzha","Alappuzha","Kerala"
"Vallikunnu","673314","Kozhikode","Kozhikode","Kerala"
"Vallikunnu North","673314","Kozhikode","Kozhikode","Kerala"
"Vallivattam Edso","680124","Thrissur","Thrissur","Kerala"
"Valliyad","673542","Kozhikode","Kozhikode","Kerala"
"Valluvady","673592","Wayanad","Wayanad","Kerala"
"Valluvambram Edso","695606","Trivandrum","Trivandrum","Kerala"
"Valluvangad","676521","Malapuram","Malapuram","Kerala"
"Valluvangad South","676521","Malapuram","Malapuram","Kerala"
"Vallyora Edso","676308","Malapuram","Malapuram","Kerala"
"Vamanapuram","695606","Trivandrum","#N/A","Kerala"
"Vanchimala","686508","Kottayam","Kottayam","Kerala"
"Vanchiyur","695035","Trivandrum","Trivandrum","Kerala"
"Vanchiyur","695102","Trivandrum","Trivandrum","Kerala"
"Vandali","678706","Thrissur","Thrissur","Kerala"
"Vandamattam","685582","Trivandrum","Trivandrum","Kerala"
"Vandanmettu","685551","Trivandrum","Trivandrum","Kerala"
"Vandiperiyar","685533","Iduki","Iduki","Kerala"
"Vandithavalam","678534","Thrissur","Thrissur","Kerala"
"Vaniamkulam","679522","Thrissur","Thrissur","Kerala"
"Vanimal","673506","Kozhikode","Kozhikode","Kerala"
"Vaninagar","671552","Kasargode","Kasargode","Kerala"
"Vaniyambalm","679339","Malapuram","Malapuram","Kerala"
"Vaniyampara","680652","Thrissur","Thrissur","Kerala"
"Vannamada","678555","Thrissur","Thrissur","Kerala"
"Vannapuram","685582","Trivandrum","Thodupuzha","Kerala"
"Vannathichira","673513","Kozhikode","Kozhikode","Kerala"
"Vannode","670731","Kannur","Cannanore (Kannur)","Kerala"
"Vappalassery","683572","Ernakulam","Ernakulam","Kerala"
"Varadoor","673123","Wayanad","Wayanad","Kerala"
"Varakara Edso","680325","Thrissur","Thrissur","Kerala"
"Varam","670594","Kannur","Varam","Kerala"
"Varambatta","673575","Wayanad","Wayanad","Kerala"
"Varanad Edso","688543","Alappuzha","Alappuzha","Kerala"
"Varanam","688555","Alappuzha","Alappuzha","Kerala"
"Varandarapplly","680303","Thrissur","Thrissur","Kerala"
"Varapetty Edso","686691","Ernakulam","Ernakulam","Kerala"
"Varapuzha","683517","Ernakulam","Ernakulam","Kerala"
"Varapuzha Landing","683517","Ernakulam","Ernakulam","Kerala"
"Varavila","690528","Kollam","Kollam","Kerala"
"Varavur","680585","Thrissur","Thrissur","Kerala"
"Varayal","670644","Kannur","Cannanore (Kannur)","Kerala"
"Varayannur","670650","Kannur","Cannanore (Kannur)","Kerala"
"Varayannur Edso","689552","Pathanamthitta","Pathanamthitta","Kerala"
"Varikoli","673506","Kozhikode","Kozhikode","Kerala"
"Varikoli","682308","Ernakulam","Ernakulam","Kerala"
"Varkala","695141","Trivandrum","Varkala","Kerala"
"Varode","679102","Thrissur","Thrissur","Kerala"
"Varode Kottayi Edso","678572","Thrissur","Thrissur","Kerala"
"Vatanapally","680614","Thrissur","Thrissur","Kerala"
"Vatanapally Beach","680614","Thrissur","Thrissur","Kerala"
"Vatayam Edso","673518","Kozhikode","Kozhikode","Kerala"
"Vattakarikkakom","695562","Trivandrum","Trivandrum","Kerala"
"Vattakunnu","686516","Kottayam","Kottayam","Kerala"
"Vattallur","676507","Malapuram","Malapuram","Kerala"
"Vattamannapuram","678601","Thrissur","Thrissur","Kerala"
"Vattamkulam","679578","Malapuram","#N/A","Kerala"
"Vattamthatta","671542","Kasargode","Kasargode","Kerala"
"Vattanathara","680302","Thrissur","Thrissur","Kerala"
"Vattapara","695028","Trivandrum","Trivandrum","Kerala"
"Vattapara Udumbanchola","685619","Iduki","Iduki","Kerala"
"Vattaparampu","683579","Ernakulam","Ernakulam","Kerala"
"Vattathamara","691536","Kollam","Kollam","Kerala"
"Vattavila","695132","Trivandrum","Trivandrum","Kerala"
"Vattekad","678506","Thrissur","Thrissur","Kerala"
"Vattekad","680512","Thrissur","Thrissur","Kerala"
"Vattiamthode","670705","Kannur","Cannanore (Kannur)","Kerala"
"Vattiar Edso","685611","Iduki","Iduki","Kerala"
"Vattiyoorkavu","695013","Trivandrum","Trivandrum","Kerala"
"Vattoli Bazar Edso","673623","Kozhikode","Kozhikode","Kerala"
"Vattoli Edso","673510","Kozhikode","Kozhikode","Kerala"
"Vattukulam Edso","686596","Kottayam","Kottayam","Kerala"
"Vatuvanchal","673581","Kozhikode","Kozhikode","Kerala"
"Vavad","673572","Kozhikode","Kozhikode","Kerala"
"Vavali","670646","Wayanad","Wayanad","Kerala"
"Vavulliapuram","678543","Thrissur","Thrissur","Kerala"
"Vavvakkavu","690528","Kollam","Kollam","Kerala"
"Vayakkal Edso","691548","Kollam","Kollam","Kerala"
"Vayala","686587","Kottayam","Kottayam","Kerala"
"Vayala","691306","Kollam","Kollam","Kerala"
"Vayala Parakode Edso","691554","Pathanamthitta","Pathanamthitta","Kerala"
"Vayalada","673574","Kozhikode","Kozhikode","Kerala"
"Vayalalam","670102","Kannur","Cannanore (Kannur)","Kerala"
"Vayalar","688536","Alappuzha","Alappuzha","Kerala"
"Vayalathala Edso","689660","Pathanamthitta","Pathanamthitta","Kerala"
"Vayattuparamba","670582","Kannur","Cannanore (Kannur)","Kerala"
"Vayikkillasseri","673104","Kozhikode","Kozhikode","Kerala"
"Vayilathur","679563","Thrissur","Thrissur","Kerala"
"Vayyanam","691533","Pathanamthitta","Pathanamthitta","Kerala"
"Vayyattupuzha","689663","Pathanamthitta","Pathanamthitta","Kerala"
"Vazhakulam","686670","Ernakulam","#N/A","Kerala"
"Vazhamangalam Edso","689125","Alappuzha","Alappuzha","Kerala"
"Vazhamuttom","689647","Pathanamthitta","Pathanamthitta","Kerala"
"Vazhamuttom East","689646","Pathanamthitta","Pathanamthitta","Kerala"
"Vazhani","680589","Thrissur","Thrissur","Kerala"
"Vazhapally West","686103","Kottayam","Kottayam","Kerala"
"Vazhapilly East","686673","Ernakulam","Ernakulam","Kerala"
"Vazhavara","685515","Iduki","Iduki","Kerala"
"Vazhavatta","673122","Wayanad","Wayanad","Kerala"
"Vazhayur","673633","Kozhikode","Kozhikode","Kerala"
"Vazhayur East","673633","Kozhikode","Kozhikode","Kerala"
"Vazhenkada","679357","Malapuram","Malapuram","Kerala"
"Vazhichal","695125","Trivandrum","Neyyattinkara","Kerala"
"Vazhikadavu","679333","Malapuram","Malapuram","Kerala"
"Vazhithala","685583","Iduki","Iduki","Kerala"
"Vazhkkad","673640","Malapuram","Malapuram","Kerala"
"Vazhoor","686504","Kottayam","#N/A","Kerala"
"Vazhoor East","686504","Kottayam","Kottayam","Kerala"
"Vazhumbram","678595","Thrissur","Thrissur","Kerala"
"Vechoor","686144","Kottayam","Vaikom","Kerala"
"Vedivechancoil","695501","Trivandrum","Trivandrum","Kerala"
"Veeramangalam","679502","Thrissur","Thrissur","Kerala"
"Veeranakavu","695572","Trivandrum","Nedumangad","Kerala"
"Veerpad","670704","Kannur","Cannanore (Kannur)","Kerala"
"Veeyapuam","690514","Alappuzha","Alappuzha","Kerala"
"Velamanur","691574","Kollam","Kollam","Kerala"
"Velancode","673580","Kozhikode","Kozhikode","Kerala"
"Velanilam","686514","Kottayam","Kottayam","Kerala"
"Velanthavalam","678557","Thrissur","Thrissur","Kerala"
"Velappaya","680596","Thrissur","Thrissur","Kerala"
"Velathusseri","686580","Kottayam","Kottayam","Kerala"
"Veliamcode","695512","Trivandrum","Trivandrum","Kerala"
"Velichikala","691573","Kollam","Kollam","Kerala"
"Velikkad","678592","Thrissur","Thrissur","Kerala"
"Velimanam","670704","Kannur","Cannanore (Kannur)","Kerala"
"Velimanna","673573","Kozhikode","Kozhikode","Kerala"
"Velimukku","676317","Malapuram","Malapuram","Kerala"
"Velimukku South","676317","Malapuram","Malapuram","Kerala"
"Veliyam","691540","Kollam","Kollam","Kerala"
"Veliyam West","691537","Kollam","Kollam","Kerala"
"Veliyambalam","673579","Wayanad","Wayanad","Kerala"
"Veliyanad","689590","Alappuzha","Alappuzha","Kerala"
"Veliyanad North","689590","Alappuzha","Alappuzha","Kerala"
"Veliyanad West","689590","Alappuzha","Alappuzha","Kerala"
"Veliyanadu Edso","682319","Ernakulam","Ernakulam","Kerala"
"Veliyancode","679579","Malapuram","Malapuram","Kerala"
"Veliyannur","695543","Trivandrum","Trivandrum","Kerala"
"Veliyannur Edso","686638","Kottayam","Kottayam","Kerala"
"Vellad","670571","Kannur","Taliparamba","Kerala"
"Vellalasseri","670601","Kannur","Cannanore (Kannur)","Kerala"
"Vellalur","695601","Trivandrum","Trivandrum","Kerala"
"Vellamunda","670731","Kannur","#N/A","Kerala"
"Vellanad","695543","Trivandrum","#N/A","Kerala"
"Vellanchira","680683","Thrissur","Thrissur","Kerala"
"Vellangallur","680662","Thrissur","Thrissur","Kerala"
"Vellani","680701","Thrissur","Thrissur","Kerala"
"Vellanikara","680654","Thrissur","Thrissur","Kerala"
"Vellap","671310","Kasargode","Kasargode","Kerala"
"Vellappara Edso","689705","Pathanamthitta","Pathanamthitta","Kerala"
"Vellarada","695505","Trivandrum","#N/A","Kerala"
"Vellarakad","680584","Thrissur","Thrissur","Kerala"
"Vellaramkunnu","685535","Iduki","Iduki","Kerala"
"Vellarappilly South","683580","Ernakulam","Ernakulam","Kerala"
"Vellarikundu","671533","Kasargode","Kasargode","Kerala"
"Vellarmala Edso","673578","Wayanad","Wayanad","Kerala"
"Vellarvelly","670673","Kannur","Thalassery","Kerala"
"Vellathooval","685563","Iduki","Iduki","Kerala"
"Vellattanjoor","680601","Thrissur","Thrissur","Kerala"
"Vellavoor","686541","Kottayam","Changanassery","Kerala"
"Vellayamkudy","685515","Iduki","Iduki","Kerala"
"Vellayani","695522","Trivandrum","Trivandrum","Kerala"
"Vellayicode","673019","Kozhikode","Kozhikode","Kerala"
"Vellayil","689613","Pathanamthitta","Pathanamthitta","Kerala"
"Vellayur","679327","Malapuram","Nilambur","Kerala"
"Velliamattom","686588","Kottayam","Kottayam","Kerala"
"Velliapally","686574","Kottayam","Kottayam","Kerala"
"Vellikulam","686580","Kottayam","Kottayam","Kerala"
"Vellikulangara Edso","680693","Thrissur","Thrissur","Kerala"
"Vellila","679324","Malapuram","Malapuram","Kerala"
"Vellimon","691511","Kollam","Kollam","Kerala"
"Vellimon West","691511","Kollam","Kollam","Kerala"
"Vellinali","679504","Thrissur","Thrissur","Kerala"
"Velliparamba","673008","Kozhikode","Kozhikode","Kerala"
"Velliyancheri","679326","Malapuram","Malapuram","Kerala"
"Velliyara","689612","Pathanamthitta","Pathanamthitta","Kerala"
"Velliyode","673506","Kozhikode","Kozhikode","Kerala"
"Velloor","686501","Kottayam","#N/A","Kerala"
"Vellora","670306","Kannur","Taliparamba","Kerala"
"Vellumannady","695607","Trivandrum","Trivandrum","Kerala"
"Vellunni","670674","Kannur","Cannanore (Kannur)","Kerala"
"Vellur","676517","Malapuram","Malapuram","Kerala"
"Vellur Edso","670346","Kannur","Cannanore (Kannur)","Kerala"
"Velom","673508","Kozhikode","Kozhikode","Kerala"
"Velom Peruvayal","673508","Kozhikode","Kozhikode","Kerala"
"Velupadam","680303","Thrissur","Thrissur","Kerala"
"Velur Bazar","680601","Thrissur","Thrissur","Kerala"
"Velur Tcr","680601","Thrissur","Thrissur","Kerala"
"Veluthur","680016","Thrissur","Thrissur","Kerala"
"Vembalur","678502","Thrissur","Thrissur","Kerala"
"Vembanad Kayal","688006","Alappuzha","Alappuzha","Kerala"
"Vembayam","695615","Trivandrum","#N/A","Kerala"
"Vemmanad","680507","Thrissur","Thrissur","Kerala"
"Vemom","670645","Wayanad","Wayanad","Kerala"
"Vempala Edso","689114","Pathanamthitta","Pathanamthitta","Kerala"
"Vempally","686633","Kottayam","Kottayam","Kerala"
"Vempilly","683565","Ernakulam","Ernakulam","Kerala"
"Venappara","673572","Kozhikode","Kozhikode","Kerala"
"Venchembu Edso","691333","Kollam","Kollam","Kerala"
"Vendar","691507","Kollam","Kollam","Kerala"
"Venga Edso","690569","Pathanamthitta","Pathanamthitta","Kerala"
"Vengad","670612","Kannur","Cannanore (Kannur)","Kerala"
"Vengad","679338","Malapuram","Malapuram","Kerala"
"Vengalam","673303","Kozhikode","Kozhikode","Kerala"
"Vengallur","685584","Iduki","Iduki","Kerala"
"Vengalur","676102","Malapuram","Malapuram","Kerala"
"Venganallur","680586","Thrissur","Thrissur","Kerala"
"Venganur","695523","Trivandrum","Trivandrum","Kerala"
"Vengapally","673121","Wayanad","Wayanad","Kerala"
"Vengara Cnr","670305","Kannur","Cannanore (Kannur)","Kerala"
"Vengara Malappuram","676304","Malapuram","Malapuram","Kerala"
"Vengasseri","679516","Thrissur","Thrissur","Kerala"
"Vengathanam","686512","Kottayam","Kottayam","Kerala"
"Vengeri","673010","Kozhikode","Kozhikode","Kerala"
"Vengodi","678622","Thrissur","Thrissur","Kerala"
"Vengola","683554","Ernakulam","#N/A","Kerala"
"Vengola West","683556","Ernakulam","Ernakulam","Kerala"
"Vengoor","683546","Ernakulam","#N/A","Kerala"
"Vengoor","679325","Malapuram","Kunnathunad","Kerala"
"Venjaramoodu","695607","Trivandrum","Trivandrum","Kerala"
"Venkadambu","695506","Trivandrum","Trivandrum","Kerala"
"Venkitangu","680510","Thrissur","Thrissur","Kerala"
"Venkode","695028","Trivandrum","Trivandrum","Kerala"
"Venkurinji","686510","Kottayam","Kottayam","Kerala"
"Venmony","689509","Alappuzha","Alappuzha","Kerala"
"Venmony Idukki","685602","Iduki","Iduki","Kerala"
"Vennala","682028","Ernakulam","Ernakulam","Kerala"
"Vennicode","695318","Trivandrum","Trivandrum","Kerala"
"Vennikulam","689544","Pathanamthitta","Pathanamthitta","Kerala"
"Venniyur","676508","Malapuram","Malapuram","Kerala"
"Vennur","680587","Thrissur","Thrissur","Kerala"
"Venpakal","695123","Trivandrum","Trivandrum","Kerala"
"Venture","691309","Kollam","Kollam","Kerala"
"Verkoli","678552","Thrissur","Thrissur","Kerala"
"Veroor","686104","Kottayam","Kottayam","Kerala"
"Vettackal Edso","688587","Alappuzha","Alappuzha","Kerala"
"Vettampara","686691","Ernakulam","Ernakulam","Kerala"
"Vettathur","679326","Malapuram","Perinthalmanna","Kerala"
"Vettekara","678633","Thrissur","Thrissur","Kerala"
"Vettikattiri","679531","Thrissur","Thrissur","Kerala"
"Vettikavala","691538","Kollam","Kollam","Kerala"
"Vettikkal","682314","Ernakulam","Ernakulam","Kerala"
"Vettikode Edso","690503","Alappuzha","Alappuzha","Kerala"
"Vettilapara","673639","Malapuram","Malapuram","Kerala"
"Vettilapara","680721","Thrissur","Thrissur","Kerala"
"Vettimukal","686631","Kottayam","Kottayam","Kerala"
"Vettithitta","689696","Pathanamthitta","Pathanamthitta","Kerala"
"Vettiyar","690557","Pathanamthitta","#N/A","Kerala"
"Vettiyara","695603","Trivandrum","Trivandrum","Kerala"
"Vettom","676102","Malapuram","Tirur","Kerala"
"Vettom Pallipuram","676102","Malapuram","Malapuram","Kerala"
"Vettoor","695312","Trivandrum","Trivandrum","Kerala"
"Vettukad","680014","Thrissur","Thrissur","Kerala"
"Vettur Kumhazha","689653","Pathanamthitta","Pathanamthitta","Kerala"
"Vezhapra Edso","689600","Alappuzha","Alappuzha","Kerala"
"Vidhyanagar","671123","Kasargode","Kasargode","Kerala"
"Vijayagiri","670571","Kannur","Cannanore (Kannur)","Kerala"
"Vijayaraghavapuram","680307","Thrissur","Thrissur","Kerala"
"Vikas Bhavan","695033","Trivandrum","Trivandrum","Kerala"
"Vilakkuvattom","691305","Kollam","Kollam","Kerala"
"Vilakode","670703","Kannur","Cannanore (Kannur)","Kerala"
"Vilakottur","670693","Kannur","Cannanore (Kannur)","Kerala"
"Vilakudy","691508","Kollam","Kollam","Kerala"
"Vilakupara","691312","Kollam","Kollam","Kerala"
"Vilangu","683561","Ernakulam","Ernakulam","Kerala"
"Vilanthara Jn.B.O","690521","Kollam","Kollam","Kerala"
"Vilappilsala","695573","Trivandrum","Trivandrum","Kerala"
"Vilathur","679304","Thrissur","Thrissur","Kerala"
"Vilavoorkonam","691578","Kollam","Kollam","Kerala"
"Vilayancode","670501","Kannur","Cannanore (Kannur)","Kerala"
"Vilayannur","678671","Thrissur","Thrissur","Kerala"
"Vilayil Edso","673652","Malapuram","Malapuram","Kerala"
"Vilayodi","678103","Thrissur","Thrissur","Kerala"
"Vilayur","679309","Thrissur","Thrissur","Kerala"
"Vilayur West","679309","Thrissur","Thrissur","Kerala"
"Villiapalli","673542","Kozhikode","Kozhikode","Kerala"
"Villoonni","686008","Kottayam","Kottayam","Kerala"
"Villumala","691310","Kollam","Kollam","Kerala"
"Vimalagiri","685602","Iduki","Iduki","Kerala"
"Vimalanagar","670645","Wayanad","Wayanad","Kerala"
"Vinibhanikethen","695542","Trivandrum","Trivandrum","Kerala"
"Vishnumangalam","673506","Kozhikode","Kozhikode","Kerala"
"Vithura","695551","Trivandrum","#N/A","Kerala"
"Viyyakurissi","678593","Thrissur","Thrissur","Kerala"
"Viyyur","680010","Thrissur","Thrissur","Kerala"
"Vizhikkithode Edso","686527","Kottayam","Kottayam","Kerala"
"Vizhinjam","695521","Trivandrum","Trivandrum","Kerala"
"Vorkadi","671323","Kasargode","Kasargode","Kerala"
"Vyasagiri","680623","Thrissur","Thrissur","Kerala"
"Vyrancode","676301","Malapuram","Malapuram","Kerala"
"Vysambhagom","688505","Alappuzha","Alappuzha","Kerala"
"Vysambhagom","676301","Malapuram","Malapuram","Kerala"
"Vythila","682019","Ernakulam","Ernakulam","Kerala"
"Vythiri","673576","Wayanad","Wayanad","Kerala"
"Walayar Dam","678624","Thrissur","Thrissur","Kerala"
"Wallardie","685533","Iduki","Iduki","Kerala"
"Wandoor","679328","Malapuram","#N/A","Kerala"
"Wembly","686514","Kottayam","Kottayam","Kerala"
"West Eleri","671314","Kasargode","Hosdurg","Kerala"
"West Fort","680004","Thrissur","Thrissur","Kerala"
"West Hill","673005","Kozhikode","Kozhikode","Kerala"
"West Hill Chungam","673005","Kozhikode","Kozhikode","Kerala"
"West Kadungallur","683102","Ernakulam","Ernakulam","Kerala"
"West Kallada","691500","Kollam","Kollam","Kerala"
"West Kallada","691502","Kollam","Kollam","Kerala"
"West Kodikulam","685582","Trivandrum","Trivandrum","Kerala"
"Lakshdweep","682556","Kadarmath","Lakshdweep","Lakshdweep"
"Lakshdweep","682557","Kalpenthi","Lakshdweep","Lakshdweep"
"Lakshdweep","682555","Kavarathy","Lakshdweep","Lakshdweep"
"Lakshdweep","682558","Kiltan","Lakshdweep","Lakshdweep"
"Lakshdweep","682559","Minicoy","Lakshdweep","Lakshdweep"
"Abhana","470662","Damoh","Damoh","Madhya Pradesh"
"Adelgaon","480887","Seoni","Seoni","Madhya Pradesh"
"Agar Bazar","465441","Shajapur","Shajapur","Madhya Pradesh"
"Agar Malwa","465441","Shajapur","Shajapur","Madhya Pradesh"
"Ahmedpur","466665","Sehore","Sehore","Madhya Pradesh"
"Ajaigarh","488220","Panna","Ajaigarh","Madhya Pradesh"
"Akoda","477332","Bhind","Akoda","Madhya Pradesh"
"Akodia","465223","Shajapur","Shajapur","Madhya Pradesh"
"Alete","457114","Ratlam","Ratlam","Madhya Pradesh"
"Alete Naya Bazar","457114","Ratlam","Ratlam","Madhya Pradesh"
"Alete R S","457114","Ratlam","Ratlam","Madhya Pradesh"
"Alirajpur","457887","Jhabua","Alirajpur","Madhya Pradesh"
"Alirajpur Bazar","457887","Jhabua","Alirajpur","Madhya Pradesh"
"Amanganj","488441","Panna","Amanganj","Madhya Pradesh"
"Amarkantak","484886","Shahdol","Shahdol","Madhya Pradesh"
"Amarpatan","485775","Satna","Satna","Madhya Pradesh"
"Amarwara","480221","Chhindwara","Amarwara","Madhya Pradesh"
"Amayan","477227","Bhind","Bhind","Madhya Pradesh"
"Ambagarh","477227","Bhind","Bhind","Madhya Pradesh"
"Ambah","476111","Morena","Ambah","Madhya Pradesh"
"Ambah Road","476111","Morena","Ambah","Madhya Pradesh"
"Amdara","485773","Umaria","Umaria","Madhya Pradesh"
"Amgaon Bada","487225","Narasinghpur","Narasinghpur","Madhya Pradesh"
"Amjhera","454441","Dhar","Dhar","Madhya Pradesh"
"Amla","460551","Betul","Amla","Madhya Pradesh"
"Amla Depot","460553","Betul","Betul","Madhya Pradesh"
"Amla Town","460551","Betul","Betul","Madhya Pradesh"
"Amlaha","486113","Rewa","Rewa","Madhya Pradesh"
"Amlai Colliery","484116","Shahdol","Shahdol","Madhya Pradesh"
"Amlai Paper Mill","484117","Shahdol","Shahdol","Madhya Pradesh"
"Anandpur","464112","Vidisha","Vidisha","Madhya Pradesh"
"Anjania","481993","Mandla","Mandla","Madhya Pradesh"
"Anjaoi","451556","West Nimar","Khargone","Madhya Pradesh"
"Ankulpur","464665","Raisen","Raisen","Madhya Pradesh"
"Annuppur","484224","Shahdol","Shahdol","Madhya Pradesh"
"Antri","475001","Gwalior","Gwalior","Madhya Pradesh"
"Ari","480771","Seoni","Seoni","Madhya Pradesh"
"Arjun Nagar","464556","Raisen","Raisen","Madhya Pradesh"
"Arnia Kalan","465336","Shajapur","Shajapur","Madhya Pradesh"
"Arone","473101","Guna","Guna","Madhya Pradesh"
"Ashapur","450124","East Nimar","Khandwa","Madhya Pradesh"
"Ashok Nagar","473331","Guna","Ashok Nagar","Madhya Pradesh"
"Ashta Budhwas","466116","Sehore","Sehore","Madhya Pradesh"
"Asta Bada Bazar","466116","Sehore","Sehore","Madhya Pradesh"
"Athana","458474","Neemuch","Neemuch","Madhya Pradesh"
"Attair","477111","Bhind","Bhind","Madhya Pradesh"
"Attar","477111","Bhind","Bhind","Madhya Pradesh"
"Awantipur Bardia","465118","Shajapur","Shajapur","Madhya Pradesh"
"Badagaon","450052","East Nimar","Khandwa","Madhya Pradesh"
"Badagaon","472010","Tikamgarh","Tikamgarh","Madhya Pradesh"
"Badarwas","473885","Shivpuri","Shivpuri","Madhya Pradesh"
"Badnawar","454660","Dhar","Badnawar","Madhya Pradesh"
"Bagdi","454749","Dhar","Dhar","Madhya Pradesh"
"Bagh","454221","Dhar","Bagh","Madhya Pradesh"
"Bagli","455227","Dewas","Bagli","Madhya Pradesh"
"Bagmar","450053","East Nimar","Khandwa","Madhya Pradesh"
"Bahadurpur","450333","East Nimar","Khandwa","Madhya Pradesh"
"Bahoriband","483330","Katni","Katni","Madhya Pradesh"
"Baigagarh","462030","Bhopal","Bhopal","Madhya Pradesh"
"Baihar","481111","Balaghat","Baihar","Madhya Pradesh"
"Baikunthpur","486441","Rewa","Baikunthpur","Madhya Pradesh"
"Bajana","457555","Ratlam","Ratlam","Madhya Pradesh"
"Bajarangapur","473249","Guna","Guna","Madhya Pradesh"
"Bakal","483331","Katni","Katni","Madhya Pradesh"
"Bakhatgarh","454668","Dhar","Dhar","Madhya Pradesh"
"Bakner","454448","Dhar","Dhar","Madhya Pradesh"
"Baktara","466448","Sehore","Sehore","Madhya Pradesh"
"Balaghat","481022","Balaghat","Balaghat","Madhya Pradesh"
"Balaghat","481125","Balaghat","Balaghat","Madhya Pradesh"
"Balaghat","481125","Balaghat","Balaghat","Madhya Pradesh"
"Balaghat","481001","Balaghat","Balaghat","Madhya Pradesh"
"Balaghat City","481001","Balaghat","Balaghat","Madhya Pradesh"
"Balaghat R S","481001","Balaghat","Balaghat","Madhya Pradesh"
"Balaghat Surekha","481001","Balaghat","Balaghat","Madhya Pradesh"
"Baldeogarh","472111","Tikamgarh","Tikamgarh","Madhya Pradesh"
"Baldi","450118","East Nimar","Khandwa","Madhya Pradesh"
"Baledi","456222","Ujjain","Ujjain","Madhya Pradesh"
"Balkuan","451559","West Nimar","Khargone","Madhya Pradesh"
"Balsamund","451229","West Nimar","Khargone","Madhya Pradesh"
"Balwada","451117","Dhar","Dhar","Madhya Pradesh"
"Balwadi","451665","West Nimar","Khargone","Madhya Pradesh"
"Bamitha","471105","Chhatarpur","Chhatarpur","Madhya Pradesh"
"Bamnala","451337","West Nimar","Khargone","Madhya Pradesh"
"Bamni","481771","Mandla","Mandla","Madhya Pradesh"
"Bamni Bazar","457770","Jhabua","Jhabua","Madhya Pradesh"
"Bamnia","457770","Jhabua","Jhabua","Madhya Pradesh"
"Bamora R S","470111","Sagar","Sagar","Madhya Pradesh"
"Bamori","473105","Guna","Guna","Madhya Pradesh"
"Banapura","461221","Hoshangabad","Hoshangabad","Madhya Pradesh"
"Banda Belai","470335","Sagar","Sagar","Madhya Pradesh"
"Bandakpur","470664","Damoh","Damoh","Madhya Pradesh"
"Bandol","480882","Seoni","Seoni","Madhya Pradesh"
"Bandri","470442","Sagar","Sagar","Madhya Pradesh"
"Bangrod","457111","Ratlam","Ratlam","Madhya Pradesh"
"Bansagar","484776","Shahdol","Shahdol","Madhya Pradesh"
"Bansatar Kheda","470672","Damoh","Bansatar Kheda","Madhya Pradesh"
"Barachh","488051","Panna","Panna","Madhya Pradesh"
"Barahbada","487885","Narasinghpur","Narasinghpur","Madhya Pradesh"
"Barawaha Jawahar","451115","West Nimar","Khargone","Madhya Pradesh"
"Barela","483001","Jabalpur","Barela","Madhya Pradesh"
"Bareli","464668","Raisen","Raisen","Madhya Pradesh"
"Bareli Civil Lines","464668","Raisen","Raisen","Madhya Pradesh"
"Barghat","480667","Seoni","Seoni","Madhya Pradesh"
"Barhi","477556","Bhind","Barhi","Madhya Pradesh"
"Bari","464665","Raisen","Raisen","Madhya Pradesh"
"Barkhera R S","464995","Raisen","Raisen","Madhya Pradesh"
"Barnagar","456771","Ujjain","Ujjain","Madhya Pradesh"
"Barnagar Bunglow","456771","Ujjain","Ujjain","Madhya Pradesh"
"Barnagar Town","456771","Ujjain","Ujjain","Madhya Pradesh"
"Barode","465550","Shajapur","Shajapur","Madhya Pradesh"
"Baroni","475686","Datia","Datia","Madhya Pradesh"
"Baroni Kalan","475668","Datia","Datia","Madhya Pradesh"
"Barotha","455112","Dewas","Dewas","Madhya Pradesh"
"Barud","451443","West Nimar","Khargone","Madhya Pradesh"
"Barufatak","451448","West Nimar","Khargone","Madhya Pradesh"
"Barwaha","451115","Dhar","Dhar","Madhya Pradesh"
"Barwani","451551","Barwani","Barwani","Madhya Pradesh"
"Barwara","483773","Jabalpur","Jabalpur","Madhya Pradesh"
"Bedia","451113","West Nimar","Khargone","Madhya Pradesh"
"Beeda","484446","Shahdol","Shahdol","Madhya Pradesh"
"Beful Kothi Bazar","460001","Betul","Betul","Madhya Pradesh"
"Behat","475002","Gwalior","Gwalior","Madhya Pradesh"
"Bela","485116","Satna","Satna","Madhya Pradesh"
"Berad","473793","Shivpuri","Shivpuri","Madhya Pradesh"
"Berccha Town","465110","Shajapur","Shajapur","Madhya Pradesh"
"Berchha","465110","Shajapur","Shajapur","Madhya Pradesh"
"Betma","453001","Dhar","Betma","Madhya Pradesh"
"Betul","460444","Betul","Betul","Madhya Pradesh"
"Betul","460001","Betul","Betul","Madhya Pradesh"
"Betul Bazar","460004","Betul","Betul","Madhya Pradesh"
"Betulganj","460002","Betul","Betul","Madhya Pradesh"
"Betulnimpani","460005","Betul","Betul","Madhya Pradesh"
"Bhabra","457882","Jhabua","Jhabua","Madhya Pradesh"
"Bhagwanpura","451444","West Nimar","Khargone","Madhya Pradesh"
"Bhaindehi","460220","Betul","Betul","Madhya Pradesh"
"Bhander","475335","Gwalior","Bhander","Madhya Pradesh"
"Bharveli","481102","Balaghat","Bharveli","Madhya Pradesh"
"Bhatnawara","473785","Shivpuri","Shivpuri","Madhya Pradesh"
"Bhedaghat","482053","Jabalpur","Bhedaghat","Madhya Pradesh"
"Bhensoda Town","458595","Mandasur","Mandasur","Madhya Pradesh"
"Bhikhangaon","451331","West Nimar","Khargone","Madhya Pradesh"
"Bhind","477001","Bhind","Bhind","Madhya Pradesh"
"Bhind Housing Colony","477001","Bhind","Bhind","Madhya Pradesh"
"Bhind Kacheri","477001","Bhind","Bhind","Madhya Pradesh"
"Bhind Mandi","477001","Bhind","Bhind","Madhya Pradesh"
"Bhind Usha Nagar","477001","Bhind","Bhind","Madhya Pradesh"
"Bhitarwar","475220","Gwalior","Bhitarwar","Madhya Pradesh"
"Bhoal R S Market","462016","Bhopal","Bhopal","Madhya Pradesh"
"Bhonrasa Neori","455115","Indore","Indore","Madhya Pradesh"
"Bhonti","473993","Shivpuri","Shivpuri","Madhya Pradesh"
"Bhopal","462003","Bhopal","Bhopal","Madhya Pradesh"
"Bhopal 1100Qrs","462016","Bhopal","Bhopal","Madhya Pradesh"
"Bhopal Air Port","462030","Bhopal","Bhopal","Madhya Pradesh"
"Bhopal Anand Nagar","462021","Bhopal","Bhopal","Madhya Pradesh"
"Bhopal Bairagarh","462030","Bhopal","Bhopal","Madhya Pradesh"
"Bhopal Barkhedo","462021","Bhopal","Bhopal","Madhya Pradesh"
"Bhopal Barkheri","462008","Bhopal","Bhopal","Madhya Pradesh"
"Bhopal Bazara","462001","Bhopal","Bhopal","Madhya Pradesh"
"Bhopal Bhel S B","462030","Bhopal","Bhopal","Madhya Pradesh"
"Bhopal Budhwara","462001","Bhopal","Bhopal","Madhya Pradesh"
"Bhopal Bus Stand","462030","Bhopal","Bhopal","Madhya Pradesh"
"Bhopal C Sector","462023","Bhopal","Bhopal","Madhya Pradesh"
"Bhopal C T T Nagar","462003","Bhopal","Bhopal","Madhya Pradesh"
"Bhopal Char Imli","462016","Bhopal","Bhopal","Madhya Pradesh"
"Bhopal Chauk","462001","Bhopal","Bhopal","Madhya Pradesh"
"Bhopal Chhaoni","462001","Bhopal","Bhopal","Madhya Pradesh"
"Bhopal Durga Chauk","462001","Bhopal","Bhopal","Madhya Pradesh"
"Bhopal E-2 Sector","462016","Bhopal","Bhopal","Madhya Pradesh"
"Bhopal Eme Centre","462031","Bhopal","Bhopal","Madhya Pradesh"
"Bhopal Gandhi Nagar","462036","Bhopal","Bhopal","Madhya Pradesh"
"Bhopal Ginnori","462001","Bhopal","Bhopal","Madhya Pradesh"
"Bhopal Gmt","462015","Bhopal","Bhopal","Madhya Pradesh"
"Bhopal Govindpura","462023","Bhopal","Bhopal","Madhya Pradesh"
"Bhopal Govindpura Ind Est","462023","Bhopal","Bhopal","Madhya Pradesh"
"Bhopal Gpo","462001","Bhopal","Bhopal","Madhya Pradesh"
"Bhopal Greenpark Cly","462018","Bhopal","Bhopal","Madhya Pradesh"
"Bhopal Hamidia Road","462001","Bhopal","Bhopal","Madhya Pradesh"
"Bhopal He Hospital","462024","Bhopal","Bhopal","Madhya Pradesh"
"Bhopal Itwara","462001","Bhopal","Bhopal","Madhya Pradesh"
"Bhopal Jahagirabad","462008","Bhopal","Bhopal","Madhya Pradesh"
"Bhopal Jinsi","462008","Bhopal","Bhopal","Madhya Pradesh"
"Bhopal Jumerati","462001","Bhopal","Bhopal","Madhya Pradesh"
"Bhopal Kamla Nagar","462003","Bhopal","Bhopal","Madhya Pradesh"
"Bhopal Kamla Park","462001","Bhopal","Bhopal","Madhya Pradesh"
"Bhopal Mact College","462007","Bhopal","Bhopal","Madhya Pradesh"
"Bhopal Mahavir Nagar","462016","Bhopal","Bhopal","Madhya Pradesh"
"Bhopal Medical College","462001","Bhopal","Bhopal","Madhya Pradesh"
"Bhopal Nayapura","462032","Bhopal","Bhopal","Madhya Pradesh"
"Bhopal North T T","462003","Bhopal","Bhopal","Madhya Pradesh"
"Bhopal Old Sectt","462001","Bhopal","Bhopal","Madhya Pradesh"
"Bhopal Pm G Office","462012","Bhopal","Bhopal","Madhya Pradesh"
"Bhopal Poplani","462021","Bhopal","Bhopal","Madhya Pradesh"
"Bhopal Ravishankar Nagar","462016","Bhopal","Bhopal","Madhya Pradesh"
"Bhopal Regional College","462013","Bhopal","Bhopal","Madhya Pradesh"
"Bhopal Roshanpura","462003","Bhopal","Bhopal","Madhya Pradesh"
"Bhopal S I Lines","462018","Bhopal","Bhopal","Madhya Pradesh"
"Bhopal Satpuda","462004","Bhopal","Bhopal","Madhya Pradesh"
"Bhopal Shahjahanabad","462001","Bhopal","Bhopal","Madhya Pradesh"
"Bhopal Shastri Nagar","462026","Bhopal","Bhopal","Madhya Pradesh"
"Bhopal Sikandri Sarai","462010","Bhopal","Bhopal","Madhya Pradesh"
"Bhopal Sikandrisariai","462010","Bhopal","Bhopal","Madhya Pradesh"
"Bhopal Siksha Mandal","462011","Bhopal","Bhopal","Madhya Pradesh"
"Bhopal Sonagiri","462021","Bhopal","Bhopal","Madhya Pradesh"
"Bhopal South T T","462003","Bhopal","Bhopal","Madhya Pradesh"
"Bhopal Sub Nagar","462023","Bhopal","Bhopal","Madhya Pradesh"
"Bhopal Univercity","462026","Bhopal","Bhopal","Madhya Pradesh"
"Bhopal V V Grah","462006","Bhopal","Bhopal","Madhya Pradesh"
"Bhopal Vallabha Bhawan","462004","Bhopal","Bhopal","Madhya Pradesh"
"Bhopal Vidhayak","462026","Bhopal","Bhopal","Madhya Pradesh"
"Bhopal Vidyavihar","462002","Bhopal","Bhopal","Madhya Pradesh"
"Bhuabichhiya","481995","Mandla","Mandla","Madhya Pradesh"
"Biaora","465674","Raigarh","Biaora","Madhya Pradesh"
"Bichhua","480111","Chhindwara","Chhindwara","Madhya Pradesh"
"Bijeraghoghar","483775","Jabalpur","Jabalpur","Madhya Pradesh"
"Bijuri","484440","Shahdol","Shahdol","Madhya Pradesh"
"Bikisganj","466111","Sehore","Sehore","Madhya Pradesh"
"Bilhera Raja","470051","Sagar","Sagar","Madhya Pradesh"
"Bilpank","457441","Ratlam","Ratlam","Madhya Pradesh"
"Bina","470113","Sagar","Sagar","Madhya Pradesh"
"Bina Bajaria","470113","Sagar","Sagar","Madhya Pradesh"
"Bina Etawah","470113","Sagar","Sagar","Madhya Pradesh"
"Bir","450110","East Nimar","Khandwa","Madhya Pradesh"
"Birlagram Nagda","456331","Ujjain","Ujjain","Madhya Pradesh"
"Birsa","481051","Balaghat","Balaghat","Madhya Pradesh"
"Birshinhpur Pali","484551","Shahdol","Shahdol","Madhya Pradesh"
"Birsinghpur","485226","Umaria","Umaria","Madhya Pradesh"
"Birul","451327","West Nimar","Khargone","Madhya Pradesh"
"Boda","465685","Raigarh","Boda","Madhya Pradesh"
"Bodud","451112","West Nimar","Khargone","Madhya Pradesh"
"Bordehi","460554","Betul","Betul","Madhya Pradesh"
"Borkheda","450111","East Nimar","Khandwa","Madhya Pradesh"
"Borkheda","466112","Sehore","Sehore","Madhya Pradesh"
"Boroda","457227","Ratlam","Ratlam","Madhya Pradesh"
"Budbuda","481332","Balaghat","Balaghat","Madhya Pradesh"
"Budni Tracta Nagar","466445","Sehore","Sehore","Madhya Pradesh"
"Burhanpur","450331","East Nimar","Burhanpur","Madhya Pradesh"
"Burhanpur City","450331","East Nimar","Burhanpur","Madhya Pradesh"
"Burhanpur Itwara","450331","East Nimar","Burhanpur","Madhya Pradesh"
"Burhanpur Mana","450331","East Nimar","Burhanpur","Madhya Pradesh"
"Burhanpur R S","450331","East Nimar","Burhanpur","Madhya Pradesh"
"Burhanpur R S","450335","East Nimar","Khandwa","Madhya Pradesh"
"Burhanpur Rajpura","450331","East Nimar","Burhanpur","Madhya Pradesh"
"Burhanpura","450331","East Nimar","Burhanpur","Madhya Pradesh"
"Burhar","484110","Shahdol","Shahdol","Madhya Pradesh"
"Buxwaha","471318","Chhatarpur","Buxwaha","Madhya Pradesh"
"Chachai","484220","Shahdol","Shahdol","Madhya Pradesh"
"Chachaura","473118","Guna","Guna","Madhya Pradesh"
"Chak","486226","Rewa","Rewa","Madhya Pradesh"
"Chand","480110","Chhindwara","Chhindwara","Madhya Pradesh"
"Chand Meta","480447","Chhindwara","Chhindwara","Madhya Pradesh"
"Chandia","484660","Shahdol","Shahdol","Madhya Pradesh"
"Chandla","471525","Chhatarpur","Chandla","Madhya Pradesh"
"Chandra Nagar","471101","Chhatarpur","Chhatarpur","Madhya Pradesh"
"Charuwa","461444","Hoshangabad","Hoshangabad","Madhya Pradesh"
"Chatli","451669","Barwani","Barwani","Madhya Pradesh"
"Chaurani","480115","Chhindwara","Chhindwara","Madhya Pradesh"
"Chhapara","480884","Seoni","Seoni","Madhya Pradesh"
"Chhatarpur","471401","Chhatarpur","Chhatarpur","Madhya Pradesh"
"Chhatarpur","471505","Chhatarpur","Chhatarpur","Madhya Pradesh"
"Chhatarpur","471001","Chhatarpur","Chhatarpur","Madhya Pradesh"
"Chhatarpur Chowk Bazar","471001","Chhatarpur","Chhatarpur","Madhya Pradesh"
"Chhatarpur Collectorate","471001","Chhatarpur","Chhatarpur","Madhya Pradesh"
"Chhatarpur College Road","471001","Chhatarpur","Chhatarpur","Madhya Pradesh"
"Chhatrpur City","471001","Chhatarpur","Chhatarpur","Madhya Pradesh"
"Chhegaon Makhan","450771","East Nimar","Khandwa","Madhya Pradesh"
"Chhindwara","480116","Chhindwara","Chhindwara","Madhya Pradesh"
"Chhindwara","480116","Chhindwara","Chhindwara","Madhya Pradesh"
"Chhindwara","480001","Chhindwara","Chhindwara","Madhya Pradesh"
"Chhindwara Chitnavisganj","480002","Chhindwara","Chhindwara","Madhya Pradesh"
"Chhindwara City","480001","Chhindwara","Chhindwara","Madhya Pradesh"
"Chhindwara Gulabra","480002","Chhindwara","Chhindwara","Madhya Pradesh"
"Chhindwara Lalbaugh","480002","Chhindwara","Chhindwara","Madhya Pradesh"
"Chhindwara T B Sanotorium","480002","Chhindwara","Chhindwara","Madhya Pradesh"
"Chichli","487770","Narasinghpur","Chichli","Madhya Pradesh"
"Chicholi","460330","Betul","Betul","Madhya Pradesh"
"Chikhalda","454341","Dhar","Dhar","Madhya Pradesh"
"Choli","451223","West Nimar","Khargone","Madhya Pradesh"
"Churhat","486771","Sidhi","Sidhi","Madhya Pradesh"
"Collectorate Gwr","474001","Gwalior","Gwalior","Madhya Pradesh"
"Daboh","477447","Bhind","Daboh","Madhya Pradesh"
"Dabra","475110","Gwalior","Dabra","Madhya Pradesh"
"Dabra Jwalaganj","475110","Gwalior","Dabra","Madhya Pradesh"
"Dabra Tehsil","475110","Gwalior","Dabra","Madhya Pradesh"
"Dahi","454365","Dhar","Dhar","Madhya Pradesh"
"Dakacha","453652","Indore","Indore","Madhya Pradesh"
"Damoh","470661","Damoh","Damoh","Madhya Pradesh"
"Damoh Bazaria","470661","Damoh","Damoh","Madhya Pradesh"
"Damoh City","470661","Damoh","Damoh","Madhya Pradesh"
"Damoh Civil Yard","470661","Damoh","Damoh","Madhya Pradesh"
"Damoh Phutera Yard","470661","Damoh","Damoh","Madhya Pradesh"
"Damoh R S","470661","Damoh","Damoh","Madhya Pradesh"
"Darpan Colony","474005","Gwalior","Gwalior","Madhya Pradesh"
"Datia","475684","Datia","Datia","Madhya Pradesh"
"Datia","475661","Datia","Datia","Madhya Pradesh"
"Datia Bada Bazar","475661","Datia","Datia","Madhya Pradesh"
"Datia R S","475661","Datia","Datia","Madhya Pradesh"
"Datia Rajgarh","475661","Datia","Datia","Madhya Pradesh"
"Daulatganj","474001","Gwalior","Gwalior","Madhya Pradesh"
"Dawana","451558","Barwani","Barwani","Madhya Pradesh"
"Deeghowani","480443","Chhindwara","Chhindwara","Madhya Pradesh"
"Deeken","458224","Mandasur","Mandasur","Madhya Pradesh"
"Deetalb","486341","Rewa","Rewa","Madhya Pradesh"
"Dehgaon","464573","Raisen","Raisen","Madhya Pradesh"
"Dehrighatga Billod","454773","Dhar","Dhar","Madhya Pradesh"
"Deori","464774","Raisen","Raisen","Madhya Pradesh"
"Deori","470226","Sagar","Sagar","Madhya Pradesh"
"Depalpur","453115","Indore","Depalpur","Madhya Pradesh"
"Dewas","455178","Dewas","Dewas","Madhya Pradesh"
"Dewas","455178","Dewas","Dewas","Madhya Pradesh"
"Dewas","455001","Dewas","Dewas","Madhya Pradesh"
"Dewas Bada Bazar","455001","Dewas","Dewas","Madhya Pradesh"
"Dewas Balgarh","455111","Dewas","Dewas","Madhya Pradesh"
"Dewas Bank Note","455003","Dewas","Dewas","Madhya Pradesh"
"Dewas Bhawani Sagar","455001","Dewas","Dewas","Madhya Pradesh"
"Dewas Industril Estate","455001","Dewas","Dewas","Madhya Pradesh"
"Dewas Radhaganj","455001","Dewas","Dewas","Madhya Pradesh"
"Dhakalgaon","451110","West Nimar","Khargone","Madhya Pradesh"
"Dhamnod","454552","Dhar","Dhamnod","Madhya Pradesh"
"Dhamrna","480669","Seoni","Seoni","Madhya Pradesh"
"Dhangaon","450115","East Nimar","Khandwa","Madhya Pradesh"
"Dhanpuri","484114","Shahdol","Shahdol","Madhya Pradesh"
"Dhanpuri Colly","484114","Shahdol","Shahdol","Madhya Pradesh"
"Dhar","480001","Chhindwara","Dhar","Madhya Pradesh"
"Dhar Bzar","480001","Chhindwara","Chhindwara","Madhya Pradesh"
"Dhar Collectorate","480001","Chhindwara","Chhindwara","Madhya Pradesh"
"Dhar Dhan Mandi","480001","Chhindwara","Chhindwara","Madhya Pradesh"
"Dhar Motor Stand","480001","Chhindwara","Chhindwara","Madhya Pradesh"
"Dharampuri","454449","Dhar","Dharampuri","Madhya Pradesh"
"Dhargaon","451222","West Nimar","Khargone","Madhya Pradesh"
"Dhera","486333","Rewa","Rewa","Madhya Pradesh"
"Dhodhar","457339","Ratlam","Ratlam","Madhya Pradesh"
"Digthan","454729","Dhar","Dhar","Madhya Pradesh"
"Dnana","470228","Sagar","Sagar","Madhya Pradesh"
"Dolaria","461116","Hoshangabad","Hoshangabad","Madhya Pradesh"
"Dongargaon","456450","Ujjain","Ujjain","Madhya Pradesh"
"Doraha","466661","Sehore","Sehore","Madhya Pradesh"
"Dunawa","460663","Betul","Betul","Madhya Pradesh"
"Dungaria","480553","Chhindwara","Chhindwara","Madhya Pradesh"
"Eklehra","480449","Chhindwara","Chhindwara","Madhya Pradesh"
"Esagarh","473335","Guna","Guna","Madhya Pradesh"
"Fatahabad Chandrawantigan","453235","Indore","Indore","Madhya Pradesh"
"Gadarwara","487551","Narasinghpur","Gadarwara","Madhya Pradesh"
"Gadarwara Jawahar Ganj","487551","Narasinghpur","Gadarwara","Madhya Pradesh"
"Gairatganj","464884","Raisen","Gairatganj","Madhya Pradesh"
"Gandharvpuri","455119","Dewas","Dewas","Madhya Pradesh"
"Gandhwani","454350","Dhar","Dhar","Madhya Pradesh"
"Gangeo","486113","Rewa","Rewa","Madhya Pradesh"
"Ganj Basoda","464221","Vidisha","Vidisha","Madhya Pradesh"
"Ganj Basoda City","464221","Vidisha","Vidisha","Madhya Pradesh"
"Ganj Basoda Station","464221","Vidisha","Vidisha","Madhya Pradesh"
"Garahkota","470229","Sagar","Sagar","Madhya Pradesh"
"Garh","486115","Rewa","Rewa","Madhya Pradesh"
"Garhi","481117","Balaghat","Balaghat","Madhya Pradesh"
"Garhi Malhera","471411","Chhatarpur","Chhatarpur","Madhya Pradesh"
"Garu Jhamar","470223","Sagar","Sagar","Madhya Pradesh"
"Gautampura","453220","Indore","Indore","Madhya Pradesh"
"Ghansore","480997","Seoni","Seoni","Madhya Pradesh"
"Ghattia","456550","Ujjain","Ujjain","Madhya Pradesh"
"Ghaura","471313","Chhatarpur","Chhatarpur","Madhya Pradesh"
"Ghoradongri","460443","Betul","Betul","Madhya Pradesh"
"Ghosla","456551","West Nimar","Khargone","Madhya Pradesh"
"Gogawan","451335","Dhar","Dhar","Madhya Pradesh"
"Gohad","477116","Bhind","Gohad","Madhya Pradesh"
"Gohaparu","484770","Shahdol","Shahdol","Madhya Pradesh"
"Goharganj","464990","Raisen","Raisen","Madhya Pradesh"
"Gopalganj","480664","Seoni","Seoni","Madhya Pradesh"
"Gorakhpur","481584","Mandla","Mandla","Madhya Pradesh"
"Gorbi","486892","Sidhi","Sidhi","Madhya Pradesh"
"Gormi","477660","Bhind","Gormi","Madhya Pradesh"
"Gosalpur","483222","Jabalpur","Jabalpur","Madhya Pradesh"
"Gotegaon","487118","Narasinghpur","Narasinghpur","Madhya Pradesh"
"Govindgarh","486550","Rewa","Govindgarh","Madhya Pradesh"
"Gujri","454571","Dhar","Dhar","Madhya Pradesh"
"Gulabganj","464220","Vidisha","Vidisha","Madhya Pradesh"
"Gulganj","471301","Chhatarpur","Chhatarpur","Madhya Pradesh"
"Guna","473229","Guna","Guna","Madhya Pradesh"
"Guna","473333","Guna","Guna","Madhya Pradesh"
"Guna","473001","Katni","Katni","Madhya Pradesh"
"Guna A B Road","473001","Guna","Guna","Madhya Pradesh"
"Guna Bazar","473001","Guna","Guna","Madhya Pradesh"
"Guna City","473001","Guna","Guna","Madhya Pradesh"
"Guna Collectorate","473001","Guna","Guna","Madhya Pradesh"
"Gunawad","454730","Dhar","Dhar","Madhya Pradesh"
"Gurh","486553","Rewa","Gurh","Madhya Pradesh"
"Gwalior","474040","Gwalior","Gwalior","Madhya Pradesh"
"Gwalior","474042","Gwalior","Gwalior","Madhya Pradesh"
"Gwalior","474055","Gwalior","Gwalior","Madhya Pradesh"
"Gwalior","474001","Gwalior","Gwalior","Madhya Pradesh"
"Gwalior Birlanagar","474004","Gwalior","Gwalior","Madhya Pradesh"
"Gwalior City","474003","Gwalior","Gwalior","Madhya Pradesh"
"Gwalior Fort","474008","Gwalior","Gwalior","Madhya Pradesh"
"Gwalior Laskhar City","474009","Gwalior","Gwalior","Madhya Pradesh"
"Gwalior Maharajpur A F","474020","Gwalior","Gwalior","Madhya Pradesh"
"Gwalior Morar","474006","Gwalior","Gwalior","Madhya Pradesh"
"Gwalior Motijheel","474010","Gwalior","Gwalior","Madhya Pradesh"
"Gwalior Motimahal","474007","Gwalior","Gwalior","Madhya Pradesh"
"Gwalior R S","474002","Gwalior","Gwalior","Madhya Pradesh"
"Gwalior Residency","474005","Gwalior","Gwalior","Madhya Pradesh"
"Gyaraspur","464331","Vidisha","Vidisha","Madhya Pradesh"
"Harda","461331","Harda","Harda","Madhya Pradesh"
"Harda Khedipura Ptc","461331","Harda","Harda","Madhya Pradesh"
"Harda R S","461331","Harda","Harda","Madhya Pradesh"
"Harpalpur","471111","Chhatarpur","Harpalpur","Madhya Pradesh"
"Harria","480224","Chhindwara","Chhindwara","Madhya Pradesh"
"Harsola","453463","Indore","Indore","Madhya Pradesh"
"Harsud","450116","East Nimar","Harsud","Madhya Pradesh"
"Hat Pipalia","455223","Dewas","Dewas","Madhya Pradesh"
"Hatta","481226","Balaghat","Hatta","Madhya Pradesh"
"Hatta","470775","Damoh","Damoh","Madhya Pradesh"
"Hazira Chauk","474003","Gwalior","Gwalior","Madhya Pradesh"
"Hindoria","470771","Damoh","Hindoria","Madhya Pradesh"
"Hoshangabad","461224","Hoshangabad","Hoshangabad","Madhya Pradesh"
"Hoshangabad","461225","Hoshangabad","Hoshangabad","Madhya Pradesh"
"Hoshangabad","461427","Hoshangabad","Hoshangabad","Madhya Pradesh"
"Hoshangabad","461446","Hoshangabad","Hoshangabad","Madhya Pradesh"
"Hoshangabad","461555","Hoshangabad","Hoshangabad","Madhya Pradesh"
"Hoshangabad","461001","Hoshangabad","Hoshangabad","Madhya Pradesh"
"Hoshangabad City","461001","Hoshangabad","Hoshangabad","Madhya Pradesh"
"Hoshangabad R S","461001","Hoshangabad","Hoshangabad","Madhya Pradesh"
"Hoshangabad Security Pape","461005","Hoshangabad","Hoshangabad","Madhya Pradesh"
"Ichawar","466115","Sehore","Sehore","Madhya Pradesh"
"Ichhapur","450441","East Nimar","Khandwa","Madhya Pradesh"
"Indargarh","475675","Datia","Datia","Madhya Pradesh"
"Indore","452056","Indore","Indore","Madhya Pradesh"
"Indore","452001","Indore","Indore","Madhya Pradesh"
"Indore Agrawal Nagar","452001","Indore","Indore","Madhya Pradesh"
"Indore Army H Q","452006","Indore","Indore","Madhya Pradesh"
"Indore B K Colony","452001","Indore","Indore","Madhya Pradesh"
"Indore Bada Sarafa","452006","Indore","Indore","Madhya Pradesh"
"Indore Barwali Chowk","452006","Indore","Indore","Madhya Pradesh"
"Indore Bijasen Road","452005","Indore","Indore","Madhya Pradesh"
"Indore Biyavani","452005","Indore","Indore","Madhya Pradesh"
"Indore Cantt","452001","Indore","Indore","Madhya Pradesh"
"Indore City","452002","Indore","Indore","Madhya Pradesh"
"Indore Cloth Market","452002","Indore","Indore","Madhya Pradesh"
"Indore Collectorate","452002","Indore","Indore","Madhya Pradesh"
"Indore Govt College","452001","Indore","Indore","Madhya Pradesh"
"Indore Industrial Area","452002","Indore","Indore","Madhya Pradesh"
"Indore Industrial Estate","452002","Indore","Indore","Madhya Pradesh"
"Indore Jail Road","452001","Indore","Indore","Madhya Pradesh"
"Indore Javeribagh","452001","Indore","Indore","Madhya Pradesh"
"Indore Juni Indore","452001","Indore","Indore","Madhya Pradesh"
"Indore Kasturba Nagar","452020","Indore","Indore","Madhya Pradesh"
"Indore Kumarkhadi","452002","Indore","Indore","Madhya Pradesh"
"Indore Lokmanyanagar","452002","Indore","Indore","Madhya Pradesh"
"Indore Malharganj","452002","Indore","Indore","Madhya Pradesh"
"Indore Malwa Mills","452002","Indore","Indore","Madhya Pradesh"
"Indore Manoramaganj","452001","Indore","Indore","Madhya Pradesh"
"Indore Mills","452001","Indore","Indore","Madhya Pradesh"
"Indore Nandagar","452002","Indore","Indore","Madhya Pradesh"
"Indore New Palasia","452001","Indore","Indore","Madhya Pradesh"
"Indore Pardesipura","452002","Indore","Indore","Madhya Pradesh"
"Indore Rajendranagar","452012","Indore","Indore","Madhya Pradesh"
"Indore Rajmehalla","452002","Indore","Indore","Madhya Pradesh"
"Indore Rambagh","452002","Indore","Indore","Madhya Pradesh"
"Indore Ravishankar Shukla","452008","Indore","Indore","Madhya Pradesh"
"Indore Sadar Bazar","452008","Indore","Indore","Madhya Pradesh"
"Indore Siyaganj","452001","Indore","Indore","Madhya Pradesh"
"Indore Sringar Colony","452001","Indore","Indore","Madhya Pradesh"
"Indore Sudamanagar","452009","Indore","Indore","Madhya Pradesh"
"Indore Topkhana","452001","Indore","Indore","Madhya Pradesh"
"Indore Tukoganj","452001","Indore","Indore","Madhya Pradesh"
"Indore V S Market","452002","Indore","Indore","Madhya Pradesh"
"Indore Vallabhnagar","452002","Indore","Indore","Madhya Pradesh"
"Indore Yeshwant Road","452004","Indore","Indore","Madhya Pradesh"
"Itarsi","461111","Hoshangabad","Itarsi","Madhya Pradesh"
"Itarsi Central Project","461114","Hoshangabad","Hoshangabad","Madhya Pradesh"
"Itarsi New Yar Colony","461115","Hoshangabad","Hoshangabad","Madhya Pradesh"
"Itarsi Purani Basti","461111","Hoshangabad","Hoshangabad","Madhya Pradesh"
"Itarsi Suraj Ganj","461111","Hoshangabad","Hoshangabad","Madhya Pradesh"
"J A Hospital","474009","Gwalior","Gwalior","Madhya Pradesh"
"Jabalpur","482006","Jabalpur","Jabalpur","Madhya Pradesh"
"Jabalpur","482010","Jabalpur","Jabalpur","Madhya Pradesh"
"Jabalpur","482051","Jabalpur","Jabalpur","Madhya Pradesh"
"Jabalpur","483220","Jabalpur","Jabalpur","Madhya Pradesh"
"Jabalpur","483220","Jabalpur","Jabalpur","Madhya Pradesh"
"Jabalpur","483445","Jabalpur","Jabalpur","Madhya Pradesh"
"Jabalpur","483880","Jabalpur","Jabalpur","Madhya Pradesh"
"Jabalpur","482001","Jabalpur","Jabalpur","Madhya Pradesh"
"Jabalpur Adhartal","482004","Jabalpur","Jabalpur","Madhya Pradesh"
"Jabalpur Anand Nagar","482004","Jabalpur","Jabalpur","Madhya Pradesh"
"Jabalpur Baika Bagicha","482001","Jabalpur","Jabalpur","Madhya Pradesh"
"Jabalpur Bargi Irrigation","482050","Jabalpur","Jabalpur","Madhya Pradesh"
"Jabalpur Bargi Nagar","482056","Jabalpur","Jabalpur","Madhya Pradesh"
"Jabalpur Bhedaghat","482053","Jabalpur","Jabalpur","Madhya Pradesh"
"Jabalpur Bilheri","482020","Jabalpur","Jabalpur","Madhya Pradesh"
"Jabalpur Cantt","482001","Jabalpur","Jabalpur","Madhya Pradesh"
"Jabalpur City","482002","Jabalpur","Jabalpur","Madhya Pradesh"
"Jabalpur Civil Lines","482001","Jabalpur","Jabalpur","Madhya Pradesh"
"Jabalpur Dixitpura","482001","Jabalpur","Jabalpur","Madhya Pradesh"
"Jabalpur Factory","482011","Jabalpur","Jabalpur","Madhya Pradesh"
"Jabalpur Ganad Bazar","482001","Jabalpur","Jabalpur","Madhya Pradesh"
"Jabalpur Ganjipura","482002","Jabalpur","Jabalpur","Madhya Pradesh"
"Jabalpur Garha","482003","Jabalpur","Jabalpur","Madhya Pradesh"
"Jabalpur Garth Bazar","482003","Jabalpur","Jabalpur","Madhya Pradesh"
"Jabalpur Gohalpur","482002","Jabalpur","Jabalpur","Madhya Pradesh"
"Jabalpur Gokulpur","482011","Jabalpur","Jabalpur","Madhya Pradesh"
"Jabalpur Gorahaphatak","482002","Jabalpur","Jabalpur","Madhya Pradesh"
"Jabalpur Gun Shop","482005","Jabalpur","Jabalpur","Madhya Pradesh"
"Jabalpur Gupteshwar","482002","Jabalpur","Jabalpur","Madhya Pradesh"
"Jabalpur Gurandi Bazar","482002","Jabalpur","Jabalpur","Madhya Pradesh"
"Jabalpur H R Lines","482001","Jabalpur","Jabalpur","Madhya Pradesh"
"Jabalpur Hanumantal","482002","Jabalpur","Jabalpur","Madhya Pradesh"
"Jabalpur Hathital","482001","Jabalpur","Jabalpur","Madhya Pradesh"
"Jabalpur High Court","482007","Jabalpur","Jabalpur","Madhya Pradesh"
"Jabalpur Howbagh","482001","Jabalpur","Jabalpur","Madhya Pradesh"
"Jabalpur I T I","482002","Jabalpur","Jabalpur","Madhya Pradesh"
"Jabalpur Iac Lines","482001","Jabalpur","Jabalpur","Madhya Pradesh"
"Jabalpur Jiwan Bima Nigam","482001","Jabalpur","Jabalpur","Madhya Pradesh"
"Jabalpur Jonesganj","482001","Jabalpur","Jabalpur","Madhya Pradesh"
"Jabalpur Jonesganj","482002","Jabalpur","Jabalpur","Madhya Pradesh"
"Jabalpur Kamla Nehru Naga","482002","Jabalpur","Jabalpur","Madhya Pradesh"
"Jabalpur Kanchanpur","482004","Jabalpur","Jabalpur","Madhya Pradesh"
"Jabalpur Kasturba Nagar","482001","Jabalpur","Jabalpur","Madhya Pradesh"
"Jabalpur Kasturbanagar","482011","Jabalpur","Jabalpur","Madhya Pradesh"
"Jabalpur Khamaria Market","482005","Jabalpur","Jabalpur","Madhya Pradesh"
"Jabalpur Khameria","482005","Jabalpur","Jabalpur","Madhya Pradesh"
"Jabalpur Kutchery","482007","Jabalpur","Jabalpur","Madhya Pradesh"
"Jabalpur Lordganj","482002","Jabalpur","Jabalpur","Madhya Pradesh"
"Jabalpur Medical College","482003","Jabalpur","Jabalpur","Madhya Pradesh"
"Jabalpur Meloniganj","482002","Jabalpur","Jabalpur","Madhya Pradesh"
"Jabalpur Motinalax","482002","Jabalpur","Jabalpur","Madhya Pradesh"
"Jabalpur Nagar Nigam","482002","Jabalpur","Jabalpur","Madhya Pradesh"
"Jabalpur Napier Lines","482001","Jabalpur","Jabalpur","Madhya Pradesh"
"Jabalpur Napier Town","482001","Jabalpur","Jabalpur","Madhya Pradesh"
"Jabalpur Premnagar","482001","Jabalpur","Jabalpur","Madhya Pradesh"
"Jabalpur Regt Bazar","482001","Jabalpur","Jabalpur","Madhya Pradesh"
"Jabalpur Ridge","482001","Jabalpur","Jabalpur","Madhya Pradesh"
"Jabalpur Robert Lines","482001","Jabalpur","Jabalpur","Madhya Pradesh"
"Jabalpur Sarasvati Vihar","482001","Jabalpur","Jabalpur","Madhya Pradesh"
"Jabalpur Telegraph Workshop","482002","Jabalpur","Jabalpur","Madhya Pradesh"
"Jabalpur Vehicle Factory","482009","Jabalpur","Jabalpur","Madhya Pradesh"
"Jabalpur Wright Town","482002","Jabalpur","Jabalpur","Madhya Pradesh"
"Jabera","470881","Damoh","Damoh","Madhya Pradesh"
"Jacob Parade","474001","Gwalior","Gwalior","Madhya Pradesh"
"Jaisingh Nagar","470125","Sagar","Sagar","Madhya Pradesh"
"Jaisingh Nagar Shahdol","484771","Shahdol","Shahdol","Madhya Pradesh"
"Jaithari","484330","Shahdol","Shahdol","Madhya Pradesh"
"Jaitwara","485221","Satna","Satna","Madhya Pradesh"
"Jamly","453643","Indore","Indore","Madhya Pradesh"
"Jamner","465335","Shajapur","Shajapur","Madhya Pradesh"
"Janakganj","474001","Gwalior","Gwalior","Madhya Pradesh"
"Jaora Chaupati","457226","Ratlam","Ratlam","Madhya Pradesh"
"Jaora Katchery","457226","Ratlam","Ratlam","Madhya Pradesh"
"Jaora Neem Chowk","457226","Ratlam","Ratlam","Madhya Pradesh"
"Jaora Ratlam","457226","Ratlam","Ratlam","Madhya Pradesh"
"Jaora Tower","457226","Ratlam","Ratlam","Madhya Pradesh"
"Jaruakehda","470115","Sagar","Sagar","Madhya Pradesh"
"Jaso","485551","Satna","Satna","Madhya Pradesh"
"Jaswadi","450881","East Nimar","Khandwa","Madhya Pradesh"
"Jatara","472118","Tikamgarh","Tikamgarh","Madhya Pradesh"
"Javer","466221","Sehore","Sehore","Madhya Pradesh"
"Jawa","486223","Rewa","Rewa","Madhya Pradesh"
"Jawar","450991","East Nimar","Khandwa","Madhya Pradesh"
"Jayant Project Colliery","486890","Sidhi","Sidhi","Madhya Pradesh"
"Jeran","472337","Tikamgarh","Tikamgarh","Madhya Pradesh"
"Jhabua","457661","Jhabua","Jhabua","Madhya Pradesh"
"Jhabua Bazar","457661","Jhabua","Jhabua","Madhya Pradesh"
"Jhabua Collectorate","457661","Jhabua","Jhabua","Madhya Pradesh"
"Jhanda Chowk","451115","West Nimar","Khargone","Madhya Pradesh"
"Jharda","456441","Ujjain","Ujjain","Madhya Pradesh"
"Jhirniya","451332","East Nimar","Khandwa","Madhya Pradesh"
"Jiawan","486881","Sidhi","Sidhi","Madhya Pradesh"
"Jiwaji University","474002","Gwalior","Gwalior","Madhya Pradesh"
"Jiwajiganj","474001","Gwalior","Gwalior","Madhya Pradesh"
"Jobat","457990","Jhabua","Jobat","Madhya Pradesh"
"Jogalpur","473774","Shivpuri","Shivpuri","Madhya Pradesh"
"Joura","476221","Morena","Joura","Madhya Pradesh"
"Joura City","476221","Morena","Joura","Madhya Pradesh"
"Jujhar Nagar","471510","Chhatarpur","Chhatarpur","Madhya Pradesh"
"Julwania","451449","East Nimar","Khandwa","Madhya Pradesh"
"Junnardeo","480551","Chhindwara","Chhindwara","Madhya Pradesh"
"K P Colony","474002","Gwalior","Gwalior","Madhya Pradesh"
"Kachraud","466117","Sehore","Sehore","Madhya Pradesh"
"Kahani","480999","Seoni","Seoni","Madhya Pradesh"
"Kakrahti","488050","Panna","Panna","Madhya Pradesh"
"Kala Pipal","465337","Shajapur","Shajapur","Madhya Pradesh"
"Kalisingh","465220","Shajapur","Shajapur","Madhya Pradesh"
"Kamlapur","455302","Dewas","Dewas","Madhya Pradesh"
"Kampoo","474001","Gwalior","Gwalior","Madhya Pradesh"
"Kanad","465230","Shajapur","Shajapur","Madhya Pradesh"
"Kanhiwara","480990","Seoni","Seoni","Madhya Pradesh"
"Kannod","455332","Dewas","Kannod","Madhya Pradesh"
"Kantaphore","455440","Dewas","Dewas","Madhya Pradesh"
"Kanwan","454665","Dhar","Dhar","Madhya Pradesh"
"Karakbel","487114","Narasinghpur","Narasinghpur","Madhya Pradesh"
"Kareli","487221","Narasinghpur","Kareli","Madhya Pradesh"
"Karera","473660","Shivpuri","Shivpuri","Madhya Pradesh"
"Karera Training Centre","473662","Shivpuri","Shivpuri","Madhya Pradesh"
"Karhi","451220","Dhar","Dhar","Madhya Pradesh"
"Karnawad","455221","Dewas","Karnawad","Madhya Pradesh"
"Karrapur","470337","Sagar","Sagar","Madhya Pradesh"
"Kasrawod","451228","West Nimar","Khargone","Madhya Pradesh"
"Kasturbagram","452020","Indore","Indore","Madhya Pradesh"
"Katangi","481445","Balaghat","Katangi","Madhya Pradesh"
"Katangi","483105","Jabalpur","Jabalpur","Madhya Pradesh"
"Kathaha","485778","Satna","Satna","Madhya Pradesh"
"Katni","483501","Jabalpur","Jabalpur","Madhya Pradesh"
"Katni Bazar","483501","Jabalpur","Jabalpur","Madhya Pradesh"
"Katni Cement Factory","483504","Jabalpur","Jabalpur","Madhya Pradesh"
"Katni New Yard","483501","Jabalpur","Jabalpur","Madhya Pradesh"
"Katni Purani Basti","483501","Jabalpur","Jabalpur","Madhya Pradesh"
"Katni R S","483501","Jabalpur","Jabalpur","Madhya Pradesh"
"Katni Rubber","483501","Jabalpur","Jabalpur","Madhya Pradesh"
"Kaudia","487555","Umaria","Umaria","Madhya Pradesh"
"Kaytha","456663","Ujjain","Ujjain","Madhya Pradesh"
"Keolari","480994","Seoni","Seoni","Madhya Pradesh"
"Kesli","470235","Sagar","Sagar","Madhya Pradesh"
"Kesuri","454667","Dhar","Dhar","Madhya Pradesh"
"Khachrod","456224","Ujjain","Ujjain","Madhya Pradesh"
"Khachrod R S","456224","Ujjain","Ujjain","Madhya Pradesh"
"Khachrod Town","456224","Ujjain","Ujjain","Madhya Pradesh"
"Khadi","466119","Sehore","Sehore","Madhya Pradesh"
"Khajuhakalan","486552","Rewa","Rewa","Madhya Pradesh"
"Khakhar","450332","East Nimar","Khandwa","Madhya Pradesh"
"Khalwa","450117","East Nimar","Khandwa","Madhya Pradesh"
"Khamkheda","464226","Vidisha","Vidisha","Madhya Pradesh"
"Khandwa","450001","East Nimar","Khandwa","Madhya Pradesh"
"Khandwa Anand Nagar","450001","East Nimar","Khandwa","Madhya Pradesh"
"Khandwa Ganesh Talai","450001","East Nimar","Khandwa","Madhya Pradesh"
"Khandwa Ghaspura","450001","East Nimar","Khandwa","Madhya Pradesh"
"Khandwa Padwa","450001","East Nimar","Khandwa","Madhya Pradesh"
"Khandwa Ratagarh","450006","East Nimar","Khandwa","Madhya Pradesh"
"Khandwa Tegor Colony","450001","East Nimar","Khandwa","Madhya Pradesh"
"Khandwa Vidhya Nagar","450001","East Nimar","Khandwa","Madhya Pradesh"
"Khaniadhana","473990","Shivpuri","Shivpuri","Madhya Pradesh"
"Kharagapur","472115","Tikamgarh","Tikamgarh","Madhya Pradesh"
"Khargaon","464671","Raisen","Raisen","Madhya Pradesh"
"Khargaone","451001","West Nimar","Khargone","Madhya Pradesh"
"Khargone Collectorate","451001","West Nimar","Khargone","Madhya Pradesh"
"Khargone Municipal Colony","451001","West Nimar","Khargone","Madhya Pradesh"
"Khargone Pahad Singhpura","451001","West Nimar","Khargone","Madhya Pradesh"
"Khargone Town Hall","451001","West Nimar","Khargone","Madhya Pradesh"
"Kharkalan","450051","East Nimar","Khandwa","Madhya Pradesh"
"Khat Khari","486343","Rewa","Rewa","Madhya Pradesh"
"Khategaon","455336","Dewas","Khategaon","Madhya Pradesh"
"Khathiwada","457885","Jhabua","Jhabua","Madhya Pradesh"
"Khatora","473583","Shivpuri","Shivpuri","Madhya Pradesh"
"Khawasa","480881","Seoni","Seoni","Madhya Pradesh"
"Khedi Saoligarh","460225","Betul","Betul","Madhya Pradesh"
"Khetia","451881","Seoni","Khetia","Madhya Pradesh"
"Khimlasa","470118","Sagar","Sagar","Madhya Pradesh"
"Khudel","453576","Indore","Indore","Madhya Pradesh"
"Khurai","470117","Sagar","Sagar","Madhya Pradesh"
"Khurai City","470117","Sagar","Sagar","Madhya Pradesh"
"Khurrampur","451663","West Nimar","Khargone","Madhya Pradesh"
"Kirnapur","481115","Balaghat","Balaghat","Madhya Pradesh"
"Kod","454669","Dhar","Dhar","Madhya Pradesh"
"Kohadar","450220","East Nimar","Khandwa","Madhya Pradesh"
"Kolaras","473770","Shivpuri","Shivpuri","Madhya Pradesh"
"Korai","480880","Seoni","Seoni","Madhya Pradesh"
"Kothi","485666","Katni","Katni","Madhya Pradesh"
"Kotma","484334","Shahdol","Shahdol","Madhya Pradesh"
"Kotma Colliery","484336","Shahdol","Shahdol","Madhya Pradesh"
"Kotri","466114","Sehore","Sehore","Madhya Pradesh"
"Kukreshwar","458116","Mandasur","Mandasur","Madhya Pradesh"
"Kukshi","454331","Dhar","Kukshi","Madhya Pradesh"
"Kundam","483110","Jabalpur","Jabalpur","Madhya Pradesh"
"Kundleshwar","472005","Tikamgarh","Tikamgarh","Madhya Pradesh"
"Kurwai State","464224","Vidisha","Vidisha","Madhya Pradesh"
"Lahar","477445","Bhind","Lahar","Madhya Pradesh"
"Lala Ka Bazar","474001","Gwalior","Gwalior","Madhya Pradesh"
"Lalaria","463111","Bhopal","Bhopal","Madhya Pradesh"
"Lalburra","481441","Balaghat","Balaghat","Madhya Pradesh"
"Lamta","481551","Balaghat","Balaghat","Madhya Pradesh"
"Lanji","481222","Balaghat","Balaghat","Madhya Pradesh"
"Lashkar","474001","Gwalior","Gwalior","Madhya Pradesh"
"Lateri","464114","Vidisha","Vidisha","Madhya Pradesh"
"Laundi","471515","West Nimar","Laundi","Madhya Pradesh"
"Laxmiganj","474001","Gwalior","Gwalior","Madhya Pradesh"
"Loni","450334","East Nimar","Khandwa","Madhya Pradesh"
"Madhoganj","474001","Gwalior","Gwalior","Madhya Pradesh"
"Madwas","486669","Sidhi","Sidhi","Madhya Pradesh"
"Magardha","464670","Raisen","Raisen","Madhya Pradesh"
"Magroni","473865","Shivpuri","Shivpuri","Madhya Pradesh"
"Mahajan Peth","450331","East Nimar","Khandwa","Madhya Pradesh"
"Maharajpur","471501","Chhatarpur","Maharajpur","Madhya Pradesh"
"Maharajpur","481665","Mandla","Mandla","Madhya Pradesh"
"Mahason","486536","Rewa","Rewa","Madhya Pradesh"
"Mahidpur","456443","Ujjain","Ujjain","Madhya Pradesh"
"Mahidpur Bazar","456443","Ujjain","Ujjain","Madhya Pradesh"
"Maihar","485771","Satna","Satna","Madhya Pradesh"
"Maina","466125","Sehore","Sehore","Madhya Pradesh"
"Majghawan","486444","Rewa","Rewa","Madhya Pradesh"
"Majghawan","485331","Satna","Satna","Madhya Pradesh"
"Majholi","486666","Sidhi","Majholi","Madhya Pradesh"
"Makdone","456668","Ujjain","Ujjain","Madhya Pradesh"
"Maksi","465106","Shajapur","Shajapur","Madhya Pradesh"
"Maksoodangarh","473287","Guna","Guna","Madhya Pradesh"
"Malanjkhand","481116","Balaghat","Balaghat","Madhya Pradesh"
"Malawar","473287","Guna","Guna","Madhya Pradesh"
"Malgarh","458113","Mandasur","Mandasur","Madhya Pradesh"
"Malhera","471311","Chhatarpur","Chhatarpur","Madhya Pradesh"
"Malthone","470441","Mandasur","Mandasur","Madhya Pradesh"
"Manasa","458110","Neemuch","Manasa","Madhya Pradesh"
"Manasa Bazar","458110","Neemuch","Manasa","Madhya Pradesh"
"Manawar","454446","Dhar","Manawar","Madhya Pradesh"
"Mandasur","458272","Mandasur","Mandasur","Madhya Pradesh"
"Mandasur","458330","Mandasur","Mandasur","Madhya Pradesh"
"Mandasur","458676","Mandasur","Mandasur","Madhya Pradesh"
"Mandasur","458990","Mandasur","Mandasur","Madhya Pradesh"
"Mandaun S R Tekri","458001","Mandasur","Mandasur","Madhya Pradesh"
"Mandhata","450554","East Nimar","Khandwa","Madhya Pradesh"
"Mandideep","462046","Bhopal","Mandideep","Madhya Pradesh"
"Mandla","481879","Mandla","Mandla","Madhya Pradesh"
"Mandla","481980","Mandla","Mandla","Madhya Pradesh"
"Mandla","481661","Mandla","Mandla","Madhya Pradesh"
"Mandla City","481661","Mandla","Mandla","Madhya Pradesh"
"Mandla Maharajpur","481665","Mandla","Mandla","Madhya Pradesh"
"Mandla Padae","481661","Mandla","Mandla","Madhya Pradesh"
"Mandleshwar","451221","Dhar","Mandleshwar","Madhya Pradesh"
"Mandsaur","458001","Mandasur","Mandasur","Madhya Pradesh"
"Mandsaur City","458002","Mandasur","Mandasur","Madhya Pradesh"
"Mandsaur Dharmashala","458001","Mandasur","Mandasur","Madhya Pradesh"
"Mandsaur Fort","458002","Mandasur","Mandasur","Madhya Pradesh"
"Mandsaur Jankipura","458002","Mandasur","Mandasur","Madhya Pradesh"
"Mandsaur Kilchipura","458002","Mandasur","Mandasur","Madhya Pradesh"
"Mandsaur Nai Abadi","458001","Mandasur","Mandasur","Madhya Pradesh"
"Mandsaur Sarafa","458002","Mandasur","Mandasur","Madhya Pradesh"
"Mandu","454010","Dhar","Dhar","Madhya Pradesh"
"Mandwada","451555","Barwani","Barwani","Madhya Pradesh"
"Mangawan","486111","Katni","Mangawan","Madhya Pradesh"
"Manikwar","486123","Rewa","Rewa","Madhya Pradesh"
"Manpur","453661","Indore","Manpur","Madhya Pradesh"
"Manpur","484665","Shahdol","Shahdol","Madhya Pradesh"
"Manpura","473670","Shivpuri","Shivpuri","Madhya Pradesh"
"Masod","460668","Betul","Betul","Madhya Pradesh"
"Mau","477222","Bhind","Mau","Madhya Pradesh"
"Mauganj","486331","Rewa","Mauganj","Madhya Pradesh"
"Mausahaniya","471202","Chhatarpur","Chhatarpur","Madhya Pradesh"
"Meghnagar","457779","Jhabua","Meghnagar","Madhya Pradesh"
"Meheshwar","451224","West Nimar","Khargone","Madhya Pradesh"
"Mehgaon","477557","Bhind","Mehgaon","Madhya Pradesh"
"Mehidpur Road","456440","Ujjain","Ujjain","Madhya Pradesh"
"Metwara","466118","Sehore","Sehore","Madhya Pradesh"
"Mhow","453441","Indore","Indore","Madhya Pradesh"
"Mhow Barrackes","453441","Indore","Indore","Madhya Pradesh"
"Mhow Bazar","453441","Indore","Indore","Madhya Pradesh"
"Mhow Cantt","453441","Indore","Indore","Madhya Pradesh"
"Mhow Is","453441","Indore","Indore","Madhya Pradesh"
"Mhow R S","453441","Indore","Indore","Madhya Pradesh"
"Mihona","477441","Bhind","Mihona","Madhya Pradesh"
"Mohana","465231","Shajapur","Shajapur","Madhya Pradesh"
"Mohangarh","472101","Tikamgarh","Tikamgarh","Madhya Pradesh"
"Mohgaon","480105","Chhindwara","Mohgaon","Madhya Pradesh"
"Mohgaon","481663","Mandla","Mandla","Madhya Pradesh"
"Mokhed","480228","Chhindwara","Chhindwara","Madhya Pradesh"
"Morar","474006","Gwalior","Gwalior","Madhya Pradesh"
"Morar Military Camp","474006","Gwalior","Gwalior","Madhya Pradesh"
"Morar Town","474006","Gwalior","Gwalior","Madhya Pradesh"
"Morena","476224","Morena","Morena","Madhya Pradesh"
"Morena","476337","Morena","Morena","Madhya Pradesh"
"Morena","476339","Morena","Morena","Madhya Pradesh"
"Morena","476345","Morena","Morena","Madhya Pradesh"
"Morena","476001","Morena","Morena","Madhya Pradesh"
"Morena Ambah Road","476001","Morena","Morena","Madhya Pradesh"
"Morena City","476001","Morena","Morena","Madhya Pradesh"
"Morena Gopalpura","476001","Morena","Morena","Madhya Pradesh"
"Morena Mandi","476001","Morena","Morena","Madhya Pradesh"
"Moyda","451695","Barwani","Barwani","Madhya Pradesh"
"Multai","460661","Betul","Multai","Madhya Pradesh"
"Multai Bazar","460661","Betul","Betul","Madhya Pradesh"
"Mundi","450112","East Nimar","Mundi","Madhya Pradesh"
"Mungaoli","473443","Guna","Mungaoli","Madhya Pradesh"
"Mungeli Bazar","473443","Guna","Mungaoli","Madhya Pradesh"
"Nadan","485774","Satna","Satna","Madhya Pradesh"
"Nagalwadi","451451","Dhar","Dhar","Madhya Pradesh"
"Nagarwada","481554","Balaghat","Balaghat","Madhya Pradesh"
"Nagda","456335","Ujjain","Ujjain","Madhya Pradesh"
"Nagda Town","456335","Ujjain","Ujjain","Madhya Pradesh"
"Nagod","485446","Satna","Satna","Madhya Pradesh"
"Nahargarh","458558","Mandasur","Mandasur","Madhya Pradesh"
"Naigarh","486340","Rewa","Rewa","Madhya Pradesh"
"Nainpur","481776","Mandla","Mandla","Madhya Pradesh"
"Naisarai","481776","Mandla","Mandla","Madhya Pradesh"
"Naizamin","477105","Bhind","Bhind","Madhya Pradesh"
"Nalkheda","465445","Shajapur","Shajapur","Madhya Pradesh"
"Namli","457222","Ratlam","Namli","Madhya Pradesh"
"Nandan","480554","Chhindwara","Chhindwara","Madhya Pradesh"
"Narayangarh","458553","Mandasur","Narayangarh","Madhya Pradesh"
"Narsinghgarh","470675","Damoh","Narsinghgarh","Madhya Pradesh"
"Narsinghpur","487001","Narasinghpur","Narasinghpur","Madhya Pradesh"
"Narsinghpur Basti","487001","Narasinghpur","Narasinghpur","Madhya Pradesh"
"Narsinghpur Itwara Bazar","487001","Narasinghpur","Narasinghpur","Madhya Pradesh"
"Narsinghpur Kandoli","487001","Narasinghpur","Narasinghpur","Madhya Pradesh"
"Narsinghpur R S","487001","Narasinghpur","Narasinghpur","Madhya Pradesh"
"Narsurlaganj Sudhama Puri","466331","Sehore","Sehore","Madhya Pradesh"
"Narwar","473880","Shivpuri","Shivpuri","Madhya Pradesh"
"Narwar","456664","Ujjain","Ujjain","Madhya Pradesh"
"Naryaoli","470122","Sagar","Sagar","Madhya Pradesh"
"Nasurlaganj","466331","Sehore","Sehore","Madhya Pradesh"
"Naya Bazar","474009","Gwalior","Gwalior","Madhya Pradesh"
"Naya Sarafa","474001","Gwalior","Gwalior","Madhya Pradesh"
"Nayagaon","485344","Satna","Satna","Madhya Pradesh"
"Nayagaon Cement Factory N","458468","Mandasur","Mandasur","Madhya Pradesh"
"Nazirabad","463120","Bhopal","Bhopal","Madhya Pradesh"
"Neemuch","458441","Neemuch","Neemuch","Madhya Pradesh"
"Neemuch Baghana","458441","Neemuch","Neemuch","Madhya Pradesh"
"Neemuch City","458441","Neemuch","Neemuch","Madhya Pradesh"
"Neemuch Ghataghar","458441","Neemuch","Neemuch","Madhya Pradesh"
"Neemuch Jawabarnagar","458441","Neemuch","Neemuch","Madhya Pradesh"
"Neemuch Mandi","458442","Neemuch","Neemuch","Madhya Pradesh"
"Nemawar","455339","Dewas","Dewas","Madhya Pradesh"
"Nepanagar","450221","East Nimar","Nepanagar","Madhya Pradesh"
"Nepanagar L C Lines","450221","East Nimar","Nepanagar","Madhya Pradesh"
"Newton Chikli","480557","Chhindwara","Chhindwara","Madhya Pradesh"
"Nimarkhedi","450551","East Nimar","Khandwa","Madhya Pradesh"
"Nimbola","450223","East Nimar","Khandwa","Madhya Pradesh"
"Nimrani","451659","West Nimar","Khargone","Madhya Pradesh"
"Niwali","451667","West Nimar","Khargone","Madhya Pradesh"
"Niwar","483442","Jabalpur","Jabalpur","Madhya Pradesh"
"Niwari","472442","Tikamgarh","Tikamgarh","Madhya Pradesh"
"Niwas","481885","Mandla","Mandla","Madhya Pradesh"
"Nowganj","471201","Chhatarpur","Chhatarpur","Madhya Pradesh"
"Nowganj Polytechic Colleg","471201","Chhatarpur","Chhatarpur","Madhya Pradesh"
"Nowrozabad","484555","Shahdol","Shahdol","Madhya Pradesh"
"Obaidullaganj","464993","Raisen","Raisen","Madhya Pradesh"
"Orchha","472246","Tikamgarh","Tikamgarh","Madhya Pradesh"
"Pachmarhi","461881","Hoshangabad","Hoshangabad","Madhya Pradesh"
"Pachmarhi Bazar","461881","Hoshangabad","Hoshangabad","Madhya Pradesh"
"Pachmarhi Cantt","461881","Hoshangabad","Pachmarhi Cantt","Madhya Pradesh"
"Pachore","465683","Raigarh","Pachore","Madhya Pradesh"
"Padaria Narayanganj","481662","Mandla","Mandla","Madhya Pradesh"
"Pahargarh","476228","Morena","Morena","Madhya Pradesh"
"Palera","472221","Tikamgarh","Tikamgarh","Madhya Pradesh"
"Palsud","451435","West Nimar","Khargone","Madhya Pradesh"
"Pandhana","450661","East Nimar","Pandhana","Madhya Pradesh"
"Pandurna","480334","Chhindwara","Chhindwara","Madhya Pradesh"
"Pandurna Gujri","480334","Chhindwara","Chhindwara","Madhya Pradesh"
"Panjra","464776","Raisen","Raisen","Madhya Pradesh"
"Panna","488001","Panna","Panna","Madhya Pradesh"
"Panna Bada Bazar","488001","Panna","Panna","Madhya Pradesh"
"Panna Baldeo Bazar","488001","Panna","Panna","Madhya Pradesh"
"Panna Collectorate","488001","Panna","Panna","Madhya Pradesh"
"Panna Gandhi Chowk","488001","Panna","Panna","Madhya Pradesh"
"Pansemal","451770","West Nimar","Pansemal","Madhya Pradesh"
"Paraswara","481556","Katni","Katni","Madhya Pradesh"
"Pat","456552","Ujjain","Ujjain","Madhya Pradesh"
"Patan","483113","Jabalpur","Patan","Madhya Pradesh"
"Patera","470772","Damoh","Damoh","Madhya Pradesh"
"Pathari","464337","Vidisha","Vidisha","Madhya Pradesh"
"Patharia","470666","Damoh","Patharia","Madhya Pradesh"
"Patharkheda","460449","Betul","Betul","Madhya Pradesh"
"Pathrot Kalan","451239","West Nimar","Khargone","Madhya Pradesh"
"Pati","451661","Katni","Katni","Madhya Pradesh"
"Phalka Bazar","474001","Gwalior","Gwalior","Madhya Pradesh"
"Piploda Bagla","456337","Ujjain","Ujjain","Madhya Pradesh"
"Piprai","473440","Guna","Guna","Madhya Pradesh"
"Pohri","473775","Shivpuri","Shivpuri","Madhya Pradesh"
"Polai Kalan","465116","Shajapur","Shajapur","Madhya Pradesh"
"Porsa","476115","Morena","Porsa","Madhya Pradesh"
"Powarkheda","461110","Hoshangabad","Hoshangabad","Madhya Pradesh"
"Prabhat Pattan","460665","Betul","Betul","Madhya Pradesh"
"Prithvipur","472336","Tikamgarh","Tikamgarh","Madhya Pradesh"
"Punasa","450114","East Nimar","Khandwa","Madhya Pradesh"
"R B Colony","474002","Gwalior","Gwalior","Madhya Pradesh"
"R K Puri","474006","Gwalior","Gwalior","Madhya Pradesh"
"Raghogarh","473226","Guna","Guna","Madhya Pradesh"
"Raghunathganj","486338","Rewa","Rewa","Madhya Pradesh"
"Rahatgaon","461251","Hoshangabad","Hoshangabad","Madhya Pradesh"
"Rahatgarh","470119","Sagar","Sagar","Madhya Pradesh"
"Rai Amla","460666","Betul","Betul","Madhya Pradesh"
"Raigarh","465670","Raigarh","Raigarh","Madhya Pradesh"
"Raipur","457775","Jhabua","Jhabua","Madhya Pradesh"
"Raisen","464551","Raisen","Raisen","Madhya Pradesh"
"Raisen Arjun Nagar","464556","Raisen","Raisen","Madhya Pradesh"
"Rajendragram","484881","Shahdol","Shahdol","Madhya Pradesh"
"Rajgarh","454116","Dhar","Rajgarh","Madhya Pradesh"
"Rajgarh","465661","Raigarh","Raigarh","Madhya Pradesh"
"Rajnagar","471625","Chhatarpur","Rajnagar","Madhya Pradesh"
"Rajod","454648","Dhar","Dhar","Madhya Pradesh"
"Rajpur","451447","West Nimar","Rajpur","Madhya Pradesh"
"Ramnagar","485881","Rewa","Rewa","Madhya Pradesh"
"Rampaili","481335","Balaghat","Balaghat","Madhya Pradesh"
"Rampur Baghelan","485115","Satna","Satna","Madhya Pradesh"
"Rampur Kalan","476235","Morena","Morena","Madhya Pradesh"
"Rampur Naikin","486775","Sidhi","Sidhi","Madhya Pradesh"
"Rampura Bara Bazar","458118","Mandasur","Mandasur","Madhya Pradesh"
"Rampure","458118","Mandasur","Mandasur","Madhya Pradesh"
"Ramvan","485111","Satna","Satna","Madhya Pradesh"
"Ranapur","457993","Jhabua","Ranapur","Madhya Pradesh"
"Rannod","473781","Shivpuri","Shivpuri","Madhya Pradesh"
"Rao","453331","Indore","Indore","Madhya Pradesh"
"Raoti","457769","Ratlam","Ratlam","Madhya Pradesh"
"Rasalpura","453446","Indore","Indore","Madhya Pradesh"
"Ratangarh","458226","Mandasur","Ratangarh","Madhya Pradesh"
"Ratlam","457552","Ratlam","Ratlam","Madhya Pradesh"
"Ratlam","457001","Ratlam","Ratlam","Madhya Pradesh"
"Ratlam","457001","Ratlam","Ratlam","Madhya Pradesh"
"Ratlam Bajajkha","457001","Ratlam","Ratlam","Madhya Pradesh"
"Ratlam Choumukni","457001","Ratlam","Ratlam","Madhya Pradesh"
"Ratlam City","457001","Ratlam","Ratlam","Madhya Pradesh"
"Ratlam Collectorate","457001","Ratlam","Ratlam","Madhya Pradesh"
"Ratlam Dhanmandi","457001","Ratlam","Ratlam","Madhya Pradesh"
"Ratlam Ghatla Colony","457001","Ratlam","Ratlam","Madhya Pradesh"
"Ratlam Hat Ki Chouki","457001","Ratlam","Ratlam","Madhya Pradesh"
"Ratlam Kase Babazar","457001","Ratlam","Ratlam","Madhya Pradesh"
"Ratlam Nahapura","457001","Ratlam","Ratlam","Madhya Pradesh"
"Ratlam New Road","457001","Ratlam","Ratlam","Madhya Pradesh"
"Ratlam Rly Colony","457001","Ratlam","Ratlam","Madhya Pradesh"
"Ratlam Stand Road","457001","Ratlam","Ratlam","Madhya Pradesh"
"Rawn","477335","Bhind","Bhind","Madhya Pradesh"
"Rehli","470227","Sagar","Sagar","Madhya Pradesh"
"Rehti","466446","Sehore","Sehore","Madhya Pradesh"
"Rewa","486004","Rewa","Rewa","Madhya Pradesh"
"Rewa","486006","Rewa","Rewa","Madhya Pradesh"
"Rewa","486342","Rewa","Rewa","Madhya Pradesh"
"Rewa","486449","Rewa","Rewa","Madhya Pradesh"
"Rewa","486556","Rewa","Rewa","Madhya Pradesh"
"Rewa","486001","Rewa","Rewa","Madhya Pradesh"
"Rewa Bichhia Road","486001","Rewa","Rewa","Madhya Pradesh"
"Rewa Engineering College","486002","Rewa","Rewa","Madhya Pradesh"
"Rewa Sagar Colony","486001","Rewa","Rewa","Madhya Pradesh"
"Ringnod","457336","Ratlam","Ratlam","Madhya Pradesh"
"Rithi","483990","Jabalpur","Jabalpur","Madhya Pradesh"
"Runija","456776","Ujjain","Ujjain","Madhya Pradesh"
"Rustampur","450337","East Nimar","Khandwa","Madhya Pradesh"
"Ruthiyari","473110","Guna","Guna","Madhya Pradesh"
"S K Chhaoni","474009","Gwalior","Gwalior","Madhya Pradesh"
"Sabalgarh","476229","Morena","Sabalgarh","Madhya Pradesh"
"Sabalgarh Mandi","476229","Morena","Morena","Madhya Pradesh"
"Sabha","462003","Bhopal","Bhopal","Madhya Pradesh"
"Sadalpur","454666","Dhar","Dhar","Madhya Pradesh"
"Sadhora","473330","Guna","Guna","Madhya Pradesh"
"Sagar","470230","Sagar","Sagar","Madhya Pradesh"
"Sagar B I Bazar","470001","Sagar","Sagar","Madhya Pradesh"
"Sagar Bada Bazar","470002","Sagar","Sagar","Madhya Pradesh"
"Sagar Cantt","470001","Sagar","Sagar","Madhya Pradesh"
"Sagar Cavalary Hills","470001","Sagar","Sagar","Madhya Pradesh"
"Sagar City","470002","Sagar","Sagar","Madhya Pradesh"
"Sagar Collectorate","470001","Sagar","Sagar","Madhya Pradesh"
"Sagar Galla Mandi","470002","Sagar","Sagar","Madhya Pradesh"
"Sagar Gopalganj","470001","Sagar","Sagar","Madhya Pradesh"
"Sagar Purbiau Tori","470002","Sagar","Sagar","Madhya Pradesh"
"Sagar Sadar Bazar","470002","Sagar","Sagar","Madhya Pradesh"
"Sagar Sanichari","470002","Sagar","Sagar","Madhya Pradesh"
"Sagar Tilli","470005","Sagar","Sagar","Madhya Pradesh"
"Sagar University","470003","Sagar","Sagar","Madhya Pradesh"
"Sagra","477333","Bhind","Bhind","Madhya Pradesh"
"Sahagi","486228","Rewa","Rewa","Madhya Pradesh"
"Saikheda","460557","Betul","Betul","Madhya Pradesh"
"Sailana","457550","Ratlam","Sailana","Madhya Pradesh"
"Salamatpur Mandi","464651","Raisen","Raisen","Madhya Pradesh"
"Salichauka Road","487881","Narasinghpur","Narasinghpur","Madhya Pradesh"
"Salon B","475336","Gwalior","Gwalior","Madhya Pradesh"
"Salslai","465221","Shajapur","Shajapur","Madhya Pradesh"
"Samnapur","481778","Mandla","Mandla","Madhya Pradesh"
"Sanavad","451111","West Nimar","Khargone","Madhya Pradesh"
"Sanavad Sadar Bazar","451111","West Nimar","Khargone","Madhya Pradesh"
"Sanchi","464661","Raisen","Sanchi","Madhya Pradesh"
"Sandhara","458588","Mandasur","Mandasur","Madhya Pradesh"
"Sangar Laxmipura","470002","Sagar","Sagar","Madhya Pradesh"
"Sanowara","450331","East Nimar","Khandwa","Madhya Pradesh"
"Santa","485001","Satna","Satna","Madhya Pradesh"
"Saori Bazar","480331","Chhindwara","Chhindwara","Madhya Pradesh"
"Sarangpur","465697","Katni","Sarangpur","Madhya Pradesh"
"Sarangpur Mandi","465697","Raigarh","Raigarh","Madhya Pradesh"
"Sardarpur","454111","Dhar","Sardarpur","Madhya Pradesh"
"Sarni","460447","Betul","Sarni","Madhya Pradesh"
"Saroli Majhgawan","483334","Jabalpur","Jabalpur","Madhya Pradesh"
"Sarwan","457551","Ratlam","Ratlam","Madhya Pradesh"
"Sarwana","458220","Mandasur","Mandasur","Madhya Pradesh"
"Satia","471408","Chhatarpur","Chhatarpur","Madhya Pradesh"
"Satna Birla Colony","485005","Satna","Satna","Madhya Pradesh"
"Satna City","485001","Satna","Satna","Madhya Pradesh"
"Satna Civil Lines","485001","Satna","Satna","Madhya Pradesh"
"Satna Jawahar Nagar","485002","Satna","Satna","Madhya Pradesh"
"Satna Malivanagar","485001","Satna","Satna","Madhya Pradesh"
"Satna Mukhtiarganj","485001","Satna","Satna","Madhya Pradesh"
"Satna Semana Chowk","485001","Satna","Satna","Madhya Pradesh"
"Satwas","455459","Dewas","Satwas","Madhya Pradesh"
"Sausar","480106","Chhindwara","Sausar","Madhya Pradesh"
"Sawer","453551","Indore","Sawer","Madhya Pradesh"
"Segamaniya","485114","Satna","Satna","Madhya Pradesh"
"Segaon","451442","West Nimar","Khargone","Madhya Pradesh"
"Sehore","466002","Sehore","Sehore","Madhya Pradesh"
"Sehore","466003","Sehore","Sehore","Madhya Pradesh"
"Sehore","473664","Sehore","Sehore","Madhya Pradesh"
"Sehore","466001","Sehore","Sehore","Madhya Pradesh"
"Semai","475677","Datia","Datia","Madhya Pradesh"
"Semaria","486445","Rewa","Rewa","Madhya Pradesh"
"Sendhwa","451666","West Nimar","Sendhwa","Madhya Pradesh"
"Sendri","472446","Tikamgarh","Tikamgarh","Madhya Pradesh"
"Seoni","480661","Seoni","Seoni","Madhya Pradesh"
"Seoni Barapathar","480661","Seoni","Seoni","Madhya Pradesh"
"Seoni Bharoganj","480661","Seoni","Seoni","Madhya Pradesh"
"Seoni Budhwan Bazar","480661","Seoni","Seoni","Madhya Pradesh"
"Seoni City","480661","Seoni","Seoni","Madhya Pradesh"
"Seoni Malwa","461223","Hoshangabad","Seoni Malwa","Madhya Pradesh"
"Seoni Sausar","480337","Chhindwara","Chhindwara","Madhya Pradesh"
"Seponi Mathward","480661","Seoni","Seoni","Madhya Pradesh"
"Shadol","484001","Shahdol","Shahdol","Madhya Pradesh"
"Shah Bazar Peth","450331","East Nimar","Khandwa","Madhya Pradesh"
"Shahdol B S","484001","Shahdol","Shahdol","Madhya Pradesh"
"Shahdol Charolla","484001","Shahdol","Shahdol","Madhya Pradesh"
"Shahdol G G","484001","Shahdol","Shahdol","Madhya Pradesh"
"Shahdol P B","484001","Shahdol","Shahdol","Madhya Pradesh"
"Shahdol R S","484001","Shahdol","Shahdol","Madhya Pradesh"
"Shahganj","466554","Sehore","Sehore","Madhya Pradesh"
"Shahgarh","470339","Sagar","Sagar","Madhya Pradesh"
"Shahpura","460440","Dindori","Shahpura","Madhya Pradesh"
"Shahpura","483119","Dindori","Shahpura","Madhya Pradesh"
"Shahpura","481990","Dindori","Dindori","Madhya Pradesh"
"Shahpura Magrone","470669","Sagar","Sagar","Madhya Pradesh"
"Shajapur","465418","Shajapur","Shajapur","Madhya Pradesh"
"Shajapur","465672","Shajapur","Shajapur","Madhya Pradesh"
"Shajapur","465001","Shajapur","Shajapur","Madhya Pradesh"
"Shajapur","465001","Shajapur","Shajapur","Madhya Pradesh"
"Shajapur City","465331","Shajapur","Shajapur","Madhya Pradesh"
"Shajapur Kutcheri","465001","Shajapur","Shajapur","Madhya Pradesh"
"Shajapur Town","465001","Shajapur","Shajapur","Madhya Pradesh"
"Shaktingar","474002","Gwalior","Gwalior","Madhya Pradesh"
"Shamshabad","464111","Vidisha","Vidisha","Madhya Pradesh"
"Shipra","455048","Dewas","Dewas","Madhya Pradesh"
"Shivpur Anandpur","473338","Guna","Guna","Madhya Pradesh"
"Shivpur Kamlaganj","473551","Shivpuri","Shivpuri","Madhya Pradesh"
"Shivpuri","473551","Shivpuri","Shivpuri","Madhya Pradesh"
"Shivpuri C B","473551","Shivpuri","Shivpuri","Madhya Pradesh"
"Shivpuri City","473551","Shivpuri","Shivpuri","Madhya Pradesh"
"Shivpuri Collectorate","473551","Shivpuri","Shivpuri","Madhya Pradesh"
"Shivpuri Itbp College","473551","Shivpuri","Shivpuri","Madhya Pradesh"
"Shivpuri P B","473551","Shivpuri","Shivpuri","Madhya Pradesh"
"Shivpuri V R Colony","473551","Shivpuri","Shivpuri","Madhya Pradesh"
"Shobhapur","461772","Hoshangabad","Hoshangabad","Madhya Pradesh"
"Shujalpur City","465331","Shajapur","Shajapur","Madhya Pradesh"
"Shujalpur Mandi","465333","Shajapur","Shajapur","Madhya Pradesh"
"Shujalpur Station Rd","465333","Shajapur","Shajapur","Madhya Pradesh"
"Shyampur","466651","Sehore","Sehore","Madhya Pradesh"
"Siddi","486661","Sidhi","Sidhi","Madhya Pradesh"
"Sidhi Bus Stand","486661","Sidhi","Sidhi","Madhya Pradesh"
"Sidhi Collectorate","486661","Sidhi","Sidhi","Madhya Pradesh"
"Sihora","483225","Jabalpur","Sihora","Madhya Pradesh"
"Sihora","487441","Narasinghpur","Narasinghpur","Madhya Pradesh"
"Sihora","470120","Sagar","Sagar","Madhya Pradesh"
"Sihora Khitola Bazar","483225","Jabalpur","Jabalpur","Madhya Pradesh"
"Sihuda","472567","Tikamgarh","Tikamgarh","Madhya Pradesh"
"Sikandar Kampoo","474001","Gwalior","Gwalior","Madhya Pradesh"
"Silawad","451552","Barwani","Barwani","Madhya Pradesh"
"Simariya","488442","Panna","Panna","Madhya Pradesh"
"Singali","458228","Mandasur","Mandasur","Madhya Pradesh"
"Singhana","454345","Dhar","Dhar","Madhya Pradesh"
"Singhpur","487110","Narasinghpur","Narasinghpur","Madhya Pradesh"
"Singhpur","485447","Satna","Satna","Madhya Pradesh"
"Singodi","480223","Chhindwara","Chhindwara","Madhya Pradesh"
"Singraoli Collery","486889","Sidhi","Sidhi","Madhya Pradesh"
"Sirmaur","486448","Rewa","Rewa","Madhya Pradesh"
"Sironj","464228","Vidisha","Vidisha","Madhya Pradesh"
"Sironj City","464228","Vidisha","Vidisha","Madhya Pradesh"
"Sitapur","475693","Datia","Datia","Madhya Pradesh"
"Sivali","461335","Hoshangabad","Hoshangabad","Madhya Pradesh"
"Sleemnabad","483440","Katni","Katni","Madhya Pradesh"
"Sohagpur","461771","Hoshangabad","Sohagpur","Madhya Pradesh"
"Sohagpur R S","461771","Hoshangabad","Sohagpur","Madhya Pradesh"
"Sohawal","485441","Satna","Satna","Madhya Pradesh"
"Solsinda","453562","Indore","Indore","Madhya Pradesh"
"Sonketch","455118","Dewas","Dewas","Madhya Pradesh"
"Soyat Kalan","465449","Shajapur","Shajapur","Madhya Pradesh"
"Station Road","465001","Shajapur","Shajapur","Madhya Pradesh"
"Suaner","465447","Shajapur","Shajapur","Madhya Pradesh"
"Sukheda","457333","Ratlam","Ratlam","Madhya Pradesh"
"Sukhi","470221","Sagar","Sagar","Madhya Pradesh"
"Sultanpur","464986","Raisen","Sultanpur","Madhya Pradesh"
"Sumerkheda","456673","Ujjain","Ujjain","Madhya Pradesh"
"Sundersi","465113","Shajapur","Shajapur","Madhya Pradesh"
"Sundrel","454554","Dhar","Dhar","Madhya Pradesh"
"Susari","454333","Dhar","Dhar","Madhya Pradesh"
"Suthalia","465677","Raigarh","Raigarh","Madhya Pradesh"
"Tajpur","456661","Ujjain","Ujjain","Madhya Pradesh"
"Tal","457118","Ratlam","Tal","Madhya Pradesh"
"Talwada Buzurg","451557","Barwani","Barwani","Madhya Pradesh"
"Tamia","480559","Chhindwara","Chhindwara","Madhya Pradesh"
"Tanda","454276","Dhar","Dhar","Madhya Pradesh"
"Tarana","456665","Ujjain","Ujjain","Madhya Pradesh"
"Tarana Town","456665","Ujjain","Ujjain","Madhya Pradesh"
"Tarichor Kalan","472445","Tikamgarh","Tikamgarh","Madhya Pradesh"
"Tawa Nagar","461551","Hoshangabad","Hoshangabad","Madhya Pradesh"
"Teegaon","480338","Chhindwara","Chhindwara","Madhya Pradesh"
"Teharaka","472447","Tikamgarh","Tikamgarh","Madhya Pradesh"
"Tekanpur","475005","Gwalior","Tekanpur","Madhya Pradesh"
"Tendukheda","470880","Damoh","Damoh","Madhya Pradesh"
"Teoni","486112","Rewa","Rewa","Madhya Pradesh"
"Teonthar","486220","Rewa","Rewa","Madhya Pradesh"
"Thandla","457777","Jhabua","Thandla","Madhya Pradesh"
"Tharet","475673","Datia","Datia","Madhya Pradesh"
"Thibgaon","451563","West Nimar","Khargone","Madhya Pradesh"
"Thikri","451660","Barwani","Barwani","Madhya Pradesh"
"Tikamgagh Collectorate","472001","Tikamgarh","Tikamgarh","Madhya Pradesh"
"Tikamgarh","476133","Tikamgarh","Tikamgarh","Madhya Pradesh"
"Tikamgarh","472001","Tikamgarh","Tikamgarh","Madhya Pradesh"
"Tikamgarh City","472001","Tikamgarh","Tikamgarh","Madhya Pradesh"
"Tikamgarh Civil Lines","472001","Tikamgarh","Tikamgarh","Madhya Pradesh"
"Tilaknagar","474001","Gwalior","Gwalior","Madhya Pradesh"
"Tilaknagar","452001","Indore","Indore","Madhya Pradesh"
"Tilkhan","486442","Rewa","Rewa","Madhya Pradesh"
"Tirla","454129","Dhar","Dhar","Madhya Pradesh"
"Tirodi","481449","Balaghat","Tirodi","Madhya Pradesh"
"Tonk Kalan","455117","Dewas","Dewas","Madhya Pradesh"
"Tonk Khurd","455116","Dewas","Dewas","Madhya Pradesh"
"Tukaithed","450327","East Nimar","Khandwa","Madhya Pradesh"
"Udaipura","464770","Raisen","Udaipura","Madhya Pradesh"
"Ugli","480996","Seoni","Seoni","Madhya Pradesh"
"Ujjain","456001","Ujjain","Ujjain","Madhya Pradesh"
"Ujjain","456010","Ujjain","Ujjain","Madhya Pradesh"
"Ujjain Begampura","456006","Ujjain","Ujjain","Madhya Pradesh"
"Ujjain Bined Mills","456001","Ujjain","Ujjain","Madhya Pradesh"
"Ujjain Budhwaria","456006","Ujjain","Ujjain","Madhya Pradesh"
"Ujjain Chhota Sarafa","456006","Ujjain","Ujjain","Madhya Pradesh"
"Ujjain City","456006","Ujjain","Ujjain","Madhya Pradesh"
"Ujjain Danigate","456006","Ujjain","Ujjain","Madhya Pradesh"
"Ujjain Daulatganj","456001","Ujjain","Ujjain","Madhya Pradesh"
"Ujjain Desainagar","456001","Ujjain","Ujjain","Madhya Pradesh"
"Ujjain Factory","456006","Ujjain","Ujjain","Madhya Pradesh"
"Ujjain Gaughat Railway Co","456010","Ujjain","Ujjain","Madhya Pradesh"
"Ujjain Govt Engineering C","456009","Ujjain","Ujjain","Madhya Pradesh"
"Ujjain Gujarati Samaj","456006","Ujjain","Ujjain","Madhya Pradesh"
"Ujjain Industrial Area","456001","Ujjain","Ujjain","Madhya Pradesh"
"Ujjain Kothi","456010","Ujjain","Ujjain","Madhya Pradesh"
"Ujjain Kothi Road","456010","Ujjain","Ujjain","Madhya Pradesh"
"Ujjain Madhonagar","456001","Ujjain","Ujjain","Madhya Pradesh"
"Ujjain Moti Lal Nehru Nag","456010","Ujjain","Ujjain","Madhya Pradesh"
"Ujjain Nagjhiri","456010","Ujjain","Ujjain","Madhya Pradesh"
"Ujjain Nayapura","456006","Ujjain","Ujjain","Madhya Pradesh"
"Ujjain Pandanba","456006","Ujjain","Ujjain","Madhya Pradesh"
"Ujjain Qamari Marg","456006","Ujjain","Ujjain","Madhya Pradesh"
"Ujjain Rishinagar","456008","Ujjain","Ujjain","Madhya Pradesh"
"Ujjain Shri Mahakal","456006","Ujjain","Ujjain","Madhya Pradesh"
"Ujjain Sindhi Colony","456010","Ujjain","Ujjain","Madhya Pradesh"
"Ujjan Bherongarh","456003","Ujjain","Ujjain","Madhya Pradesh"
"Ukwa","481105","Balaghat","Ukwa","Madhya Pradesh"
"Umaria","484661","Shahdol","Shahdol","Madhya Pradesh"
"Umariapan","483332","Jabalpur","Jabalpur","Madhya Pradesh"
"Umarnala","480107","Chhindwara","Chhindwara","Madhya Pradesh"
"Umri","477331","Bhind","Bhind","Madhya Pradesh"
"Un","451440","West Nimar","Khargone","Madhya Pradesh"
"Unchehra","485661","Satna","Satna","Madhya Pradesh"
"Unhel","456221","Ujjain","Ujjain","Madhya Pradesh"
"University","456010","Ujjain","Ujjain","Madhya Pradesh"
"Unnao","475671","Datia","Datia","Madhya Pradesh"
"Upaj Mandi","464002","Vidisha","Vidisha","Madhya Pradesh"
"Usha Colony","474009","Gwalior","Gwalior","Madhya Pradesh"
"V N Marg","474001","Gwalior","Gwalior","Madhya Pradesh"
"Venkatnagar","484113","Shahdol","Shahdol","Madhya Pradesh"
"Vidisha","464676","Vidisha","Vidisha","Madhya Pradesh"
"Vidisha","464001","Vidisha","Vidisha","Madhya Pradesh"
"Vidisha Bazaria","464001","Vidisha","Vidisha","Madhya Pradesh"
"Vidisha Collectorate","464001","Vidisha","Vidisha","Madhya Pradesh"
"Vidisha Fort","464001","Vidisha","Vidisha","Madhya Pradesh"
"Vidisha Krishi","464002","Vidisha","Vidisha","Madhya Pradesh"
"Vidisha Mandi","464002","Vidisha","Vidisha","Madhya Pradesh"
"Vidisha Sati","464002","Vidisha","Vidisha","Madhya Pradesh"
"Vidisha Station","464002","Vidisha","Vidisha","Madhya Pradesh"
"Vijaiganj Mandi","456666","Ujjain","Ujjain","Madhya Pradesh"
"Waidhan","486886","Sidhi","Sidhi","Madhya Pradesh"
"Zopali","451664","West Nimar","Khargone","Madhya Pradesh"
"A B Nair Marg","400049","Mumbai","Mumbai","Maharashtra"
"A D Project","440021","Nagpur","Nagpur","Maharashtra"
"A G Pawar X Lane No 1&2","400027","Mumbai","Mumbai","Maharashtra"
"A H Wadia Marg","400070","Mumbai","Mumbai","Maharashtra"
"A K Marg","400036","Mumbai","Mumbai","Maharashtra"
"A M Colony","400065","Mumbai","Mumbai","Maharashtra"
"A S D Mello Road Fuller Marg","400001","Mumbai","Mumbai","Maharashtra"
"Aamraoti Rukhmininagar","444601","Amraoti","Amraoti","Maharashtra"
"Aapdhup","414301","Ahmednagar","Ahmednagar","Maharashtra"
"Aarey Colony Road","400065","Mumbai","Mumbai","Maharashtra"
"Aarey Milk Colony","400065","Mumbai","Mumbai","Maharashtra"
"Aarey Road","400062","Mumbai","Mumbai","Maharashtra"
"Aarey Road","400065","Mumbai","Mumbai","Maharashtra"
"Aarey Road","400065","Mumbai","Mumbai","Maharashtra"
"Aatit","415519","Satara","Satara","Maharashtra"
"Aba Govind Marg Wadi","400010","Mumbai","Mumbai","Maharashtra"
"Abdul Hamid Ansari Chowk","400027","Mumbai","Mumbai","Maharashtra"
"Abdul Rehman St","400003","Mumbai","Mumbai","Maharashtra"
"Abheechand D. Gandhi Marg","400003","Mumbai","Mumbai","Maharashtra"
"Abhinavnagar","400066","Mumbai","Mumbai","Maharashtra"
"Abhona","423502","Nashik","Nashik","Maharashtra"
"Abhvudaya Nagar","400033","Mumbai","Mumbai","Maharashtra"
"Abldi","415726","Ratnagiri","Ratnagiri","Maharashtra"
"Abmedabad Exp Highway Andheri","400069","Mumbai","Mumbai","Maharashtra"
"Abmedabad Exp Highway Bandra","400051","Mumbai","Mumbai","Maharashtra"
"Abmedabad Exp Highway Jogeshw","400060","Mumbai","Mumbai","Maharashtra"
"Abmedabad Exp Highway M.I.D.C","400093","Mumbai","Mumbai","Maharashtra"
"Abrawadi","400028","Mumbai","Mumbai","Maharashtra"
"Abubakkar Zopadpati","400058","Mumbai","Mumbai","Maharashtra"
"Accomodation Road","400039","Mumbai","Mumbai","Maharashtra"
"Achalpur Cotton Market","444806","Amraoti","Amraoti","Maharashtra"
"Acharya Arre Chowk","400018","Mumbai","Mumbai","Maharashtra"
"Acharya Atre Nagar","400037","Mumbai","Mumbai","Maharashtra"
"Acharya Donde Marg K.E.Rd","400015","Mumbai","Mumbai","Maharashtra"
"Acharya P.K.A.Road Warli","400018","Mumbai","Mumbai","Maharashtra"
"Acharya Vinoba Bhave Marg","400070","Mumbai","Mumbai","Maharashtra"
"Adam Mistry Lane","400012","Mumbai","Mumbai","Maharashtra"
"Adam Siddique Lane","400008","Mumbai","Mumbai","Maharashtra"
"Adam Stores","400001","Mumbai","Mumbai","Maharashtra"
"Adamji Pccibhoy Market","400002","Mumbai","Mumbai","Maharashtra"
"Adarsha Co-Op Housing Society","400028","Mumbai","Mumbai","Maharashtra"
"Adarsha Housing Society Road","400064","Mumbai","Mumbai","Maharashtra"
"Adarsha Nagar","400025","Mumbai","Mumbai","Maharashtra"
"Adarsha Nagar","400066","Mumbai","Mumbai","Maharashtra"
"Adem Street","400001","Mumbai","Mumbai","Maharashtra"
"Adenwala Compound","400012","Mumbai","Mumbai","Maharashtra"
"Adenwala Lane","400070","Mumbai","Mumbai","Maharashtra"
"Adenwala Road","400019","Mumbai","Mumbai","Maharashtra"
"Adenwalabaug","400007","Mumbai","Mumbai","Maharashtra"
"Aderi","442705","Chandrapur","Chandrapur","Maharashtra"
"Adgaon","422108","Nashik","Nashik","Maharashtra"
"Adgaon B K","444126","Akola","Akola","Maharashtra"
"Adgaon Jalgaon","425127","Jalgaon","Jalgaon","Maharashtra"
"Adhyuru Industrial Estate","400013","Mumbai","Mumbai","Maharashtra"
"Adi Shankaracharya Marg","400078","Mumbai","Mumbai","Maharashtra"
"Adiabad Estate","400049","Mumbai","Mumbai","Maharashtra"
"Adinath Co-Op Housing Society","400037","Mumbai","Mumbai","Maharashtra"
"Adivasi Janata Colony","400022","Mumbai","Mumbai","Maharashtra"
"Adivasi Quarters","400065","Mumbai","Mumbai","Maharashtra"
"Adivri","416707","Ratnagiri","Ratnagiri","Maharashtra"
"Adumba","416320","Sangli","Sangli","Maharashtra"
"Adur","415705","Ratnagiri","Ratnagiri","Maharashtra"
"Advad","425303","Jalgaon","Jalgaon","Maharashtra"
"Advent","400021","Mumbai","Mumbai","Maharashtra"
"Adyar","441903","Bhandara","Bhandara","Maharashtra"
"Afgan Church","400005","Mumbai","Mumbai","Maharashtra"
"Afuwala Lane","400070","Mumbai","Mumbai","Maharashtra"
"Aga Hall Compound","400010","Mumbai","Mumbai","Maharashtra"
"Aga Khan Compound","400008","Mumbai","Mumbai","Maharashtra"
"Agadi Industrial Estate","400060","Mumbai","Mumbai","Maharashtra"
"Agalgaon","413409","Sholapur","Sholapur","Maharashtra"
"Agar Bazar","400028","Mumbai","Mumbai","Maharashtra"
"Agar Bazar Road","400028","Mumbai","Mumbai","Maharashtra"
"Agar Wadi Man Khurd","400088","Mumbai","Mumbai","Maharashtra"
"Agarwal Estate","400068","Mumbai","Mumbai","Maharashtra"
"Agashe Lane","400057","Mumbai","Mumbai","Maharashtra"
"Agashi","401301","Thane","Thane","Maharashtra"
"Agasli Lane","400060","Mumbai","Mumbai","Maharashtra"
"Agaswadi","400017","Mumbai","Mumbai","Maharashtra"
"Aghar B K","423211","Nashik","Nashik","Maharashtra"
"Agiari Cross Lane","400003","Mumbai","Mumbai","Maharashtra"
"Agiari Lane 1St","400003","Mumbai","Mumbai","Maharashtra"
"Agiari Lane 1St 29 To 35","400002","Mumbai","Mumbai","Maharashtra"
"Agiari Lane 2Nd 31 To 33","400003","Mumbai","Mumbai","Maharashtra"
"Agiari Lane 3Rd","400003","Mumbai","Mumbai","Maharashtra"
"Agra Rd Plot No 16 To 304","400070","Mumbai","Mumbai","Maharashtra"
"Agra Road","400022","Mumbai","Mumbai","Maharashtra"
"Agra Road","400078","Mumbai","Mumbai","Maharashtra"
"Agra Road","400080","Mumbai","Mumbai","Maharashtra"
"Agra Road","400082","Mumbai","Mumbai","Maharashtra"
"Agra Road","400083","Mumbai","Mumbai","Maharashtra"
"Agripada","400011","Mumbai","Mumbai","Maharashtra"
"Agripada Jacob Circle","400011","Mumbai","Mumbai","Maharashtra"
"Agripada Khar","400052","Mumbai","Mumbai","Maharashtra"
"Agriwada","400015","Mumbai","Mumbai","Maharashtra"
"Ahastri Nagar Goregaon","400062","Mumbai","Mumbai","Maharashtra"
"Ahmed Oomer Lane","400008","Mumbai","Mumbai","Maharashtra"
"Ahmedabad Exp Hwy Kandiva","400067","Mumbai","Mumbai","Maharashtra"
"Ahmedabad Exp Hwy Malad","400064","Mumbai","Mumbai","Maharashtra"
"Ahmedabad Exp Hwy S.Cruz","400055","Mumbai","Mumbai","Maharashtra"
"Ahmedabad Street","400009","Mumbai","Mumbai","Maharashtra"
"Ahmednagar","414001","Ahmednagar","Ahmednagar","Maharashtra"
"Ahmednagar Camp","414001","Ahmednagar","Ahmednagar","Maharashtra"
"Ahmednagar Camp","414002","Ahmednagar","Ahmednagar","Maharashtra"
"Ahmednagar City","414001","Ahmednagar","Ahmednagar","Maharashtra"
"Ahmednagar Estate","414001","Ahmednagar","Ahmednagar","Maharashtra"
"Ahmednagar H O","414001","Ahmednagar","Ahmednagar","Maharashtra"
"Ahmednagar M I D C","414111","Ahmednagar","Ahmednagar","Maharashtra"
"Ahmednagar Maliwada","414001","Ahmednagar","Ahmednagar","Maharashtra"
"Ahmednagar R S","414001","Ahmednagar","Ahmednagar","Maharashtra"
"Ahmednagar R S","414005","Ahmednagar","Ahmednagar","Maharashtra"
"Ahmedpur","413515","Osmanabad","Osmanabad","Maharashtra"
"Ahrikant Pilekar Marg Son","400002","Mumbai","Mumbai","Maharashtra"
"Aimai Merwanji Street","400012","Mumbai","Mumbai","Maharashtra"
"Aimai Wadi","400014","Mumbai","Mumbai","Maharashtra"
"Ainpur","425509","Jalgaon","Jalgaon","Maharashtra"
"Air Complex","400105","Mumbai","Mumbai","Maharashtra"
"Air India Building","400024","Mumbai","Mumbai","Maharashtra"
"Air India Staff Colony","400029","Mumbai","Mumbai","Maharashtra"
"Air Port Bombay","400099","Mumbai","Mumbai","Maharashtra"
"Air Port Nagpur","440005","Nagpur","Nagpur","Maharashtra"
"Air Port New Quarters","400099","Mumbai","Mumbai","Maharashtra"
"Air View Building","400055","Mumbai","Mumbai","Maharashtra"
"Air Workers India","400029","Mumbai","Mumbai","Maharashtra"
"Aitwade Budruk","415401","Sangli","Sangli","Maharashtra"
"Ajagarali Compound","400055","Mumbai","Mumbai","Maharashtra"
"Ajamal Road","400057","Mumbai","Mumbai","Maharashtra"
"Ajanta Caves","431138","Aurangabad","Aurangabad","Maharashtra"
"Ajay Nagar","400062","Mumbai","Mumbai","Maharashtra"
"Ajgaon","416538","Sindhudurg","Oras","Maharashtra"
"Ajintha","431117","Jalgaon","Jalgaon","Maharashtra"
"Ajni","440003","Nagpur","Nagpur","Maharashtra"
"Ajra","416505","Kolhapur","Ajra","Maharashtra"
"Akarpatti","401505","Thane","Thane","Maharashtra"
"Akash Lane","400070","Mumbai","Mumbai","Maharashtra"
"Akhada Balapur","431701","Parbhani","Parbhani","Maharashtra"
"Akka Lkuwa","425415","Dhule","Dhule","Maharashtra"
"Akkalkot","413216","Sholapur","Akkalkot","Maharashtra"
"Akkolkot Lane 1 To 3","400004","Mumbai","Mumbai","Maharashtra"
"Akli Pilli Wadi","400017","Mumbai","Mumbai","Maharashtra"
"Akluj","413101","Sholapur","Sholapur","Maharashtra"
"Akluj Azad Chowk","413101","Sholapur","Sholapur","Maharashtra"
"Akola","422601","Ahmednagar","Akola","Maharashtra"
"Akola Bazar","444001","Akola","Akola","Maharashtra"
"Akola Bazar","444109","Akola","Akola","Maharashtra"
"Akola City","444002","Akola","Akola","Maharashtra"
"Akola H O","444001","Akola","Akola","Maharashtra"
"Akola Ramdas Peth","444001","Akola","Akola","Maharashtra"
"Akola Tajna Peth","444001","Akola","Akola","Maharashtra"
"Akola Tilak Rd","444001","Akola","Akola","Maharashtra"
"Akola Wadi","400019","Mumbai","Mumbai","Maharashtra"
"Akot","444101","Akola","Akot","Maharashtra"
"Akot Kutchery","444101","Akola","Akola","Maharashtra"
"Aksa Village","400064","Mumbai","Mumbai","Maharashtra"
"Akshikar Street","400028","Mumbai","Mumbai","Maharashtra"
"Akulkheda","425108","Jalgaon","Jalgaon","Maharashtra"
"Akurdi","411035","Pune","Pune","Maharashtra"
"Akurli Cross Road","400101","Mumbai","Mumbai","Maharashtra"
"Akurli Road","400101","Mumbai","Mumbai","Maharashtra"
"Ala","412411","Pune","Pune","Maharashtra"
"Alandi Devachi","412105","Pune","Pune","Maharashtra"
"Alankar Cinema","400004","Mumbai","Mumbai","Maharashtra"
"Albert Society","400058","Mumbai","Mumbai","Maharashtra"
"Alcock Ashdownvard","400010","Mumbai","Mumbai","Maharashtra"
"Alegaon","444511","Akola","Akola","Maharashtra"
"Alexander Graham Bell Mag","400006","Mumbai","Mumbai","Maharashtra"
"Ali Umar St","400008","Mumbai","Mumbai","Maharashtra"
"Alibag H O","402201","Raigarh","Alibag","Maharashtra"
"Alibhai Premji Marg","400007","Mumbai","Mumbai","Maharashtra"
"Aliyavar Jung Road","400068","Mumbai","Mumbai","Maharashtra"
"Alkuti","414305","Ahmednagar","Ahmednagar","Maharashtra"
"Allali Bohra Kalasathan","400068","Mumbai","Mumbai","Maharashtra"
"Allapalli","442703","Gadchiroli","Gadchiroli","Maharashtra"
"Allarkha Ibrahim Patel Marg","400008","Mumbai","Mumbai","Maharashtra"
"Allipur","442304","Wardha","Wardha","Maharashtra"
"Alore","415603","Ratnagiri","Ratnagiri","Maharashtra"
"Alsi Patia","400002","Mumbai","Mumbai","Maharashtra"
"Aluminium Quarters","400018","Mumbai","Mumbai","Maharashtra"
"Amalgaon","425420","Jalgaon","Jalgaon","Maharashtra"
"Amalner","425401","Jalgaon","Amalner","Maharashtra"
"Amalner","413207","Sholapur","Amalner","Maharashtra"
"Amand Road","400064","Mumbai","Mumbai","Maharashtra"
"Amar Gull Pathan Chowk","400052","Mumbai","Mumbai","Maharashtra"
"Amar Hills","400072","Mumbai","Mumbai","Maharashtra"
"Amar Mahal","400089","Mumbai","Mumbai","Maharashtra"
"Amar Nagar","400025","Mumbai","Mumbai","Maharashtra"
"Amar Wadi","400004","Mumbai","Mumbai","Maharashtra"
"Amarsi Road","400064","Mumbai","Mumbai","Maharashtra"
"Amba Sakhar","431523","Beed","Beed","Maharashtra"
"Ambad","431204","Jalgaon","Ambad","Maharashtra"
"Ambad Bazar","431204","Jalgaon","Jalgaon","Maharashtra"
"Ambad Ind Complex","422010","Nashik","Nashik","Maharashtra"
"Ambalal Doshi Marg H. St.","400023","Mumbai","Mumbai","Maharashtra"
"Ambat","402101","Raigarh","Alibag","Maharashtra"
"Ambawadi","400004","Mumbai","Mumbai","Maharashtra"
"Ambawadi","400064","Mumbai","Mumbai","Maharashtra"
"Ambawadi","400078","Mumbai","Mumbai","Maharashtra"
"Ambazari Deb Project","440021","Nagpur","Nagpur","Maharashtra"
"Ambedebadrak","415637","Ratnagiri","Ratnagiri","Maharashtra"
"Ambedkar Chowk","400070","Mumbai","Mumbai","Maharashtra"
"Ambedkar Housing Colony","400052","Mumbai","Mumbai","Maharashtra"
"Ambedkar Nagar","400018","Mumbai","Mumbai","Maharashtra"
"Ambedkar Nagar","400079","Mumbai","Mumbai","Maharashtra"
"Ambedkar Nagar","400099","Mumbai","Mumbai","Maharashtra"
"Ambedkar Road","400012","Mumbai","Mumbai","Maharashtra"
"Ambedkar Road","400052","Mumbai","Mumbai","Maharashtra"
"Ambedkar Road","400080","Mumbai","Mumbai","Maharashtra"
"Ambedkar Street","400009","Mumbai","Mumbai","Maharashtra"
"Ambegaon Manchar","412407","Pune","Pune","Maharashtra"
"Ambejogai","431517","Beed","Ambejogai","Maharashtra"
"Ambejogai Mandi Bazar","431517","Beed","Beed","Maharashtra"
"Ambernath","421501","Thane","Thane","Maharashtra"
"Ambernath South","421501","Thane","Thane","Maharashtra"
"Ambewadi","416227","Kolhapur","Kolhapur","Maharashtra"
"Ambewadi","400006","Mumbai","Mumbai","Maharashtra"
"Ambewadi","400010","Mumbai","Mumbai","Maharashtra"
"Ambewadi","400099","Mumbai","Mumbai","Maharashtra"
"Ambewadi Popat Shets Chaw","400033","Mumbai","Mumbai","Maharashtra"
"Ambika Nagar","400022","Mumbai","Mumbai","Maharashtra"
"Ambika Nagar","400060","Mumbai","Mumbai","Maharashtra"
"Ambikawadi","400028","Mumbai","Mumbai","Maharashtra"
"Amboli","416532","Sindhudurg","Oras","Maharashtra"
"Amboli Hill Road","400058","Mumbai","Mumbai","Maharashtra"
"Ambrad","416628","Sindhudurg","Oras","Maharashtra"
"Ameeta","400021","Mumbai","Mumbai","Maharashtra"
"Amgaon","441902","Bhandara","Bhandara","Maharashtra"
"Amgaon Dighori","441922","Bhandara","Bhandara","Maharashtra"
"Amirbang","400089","Mumbai","Mumbai","Maharashtra"
"Amnoli Pada Hill","400058","Mumbai","Mumbai","Maharashtra"
"Amode","425522","Dhule","Dhule","Maharashtra"
"Amraoti Ambapeth","444601","Amraoti","Amraoti","Maharashtra"
"Amraoti Bhajibazar","444601","Amraoti","Amraoti","Maharashtra"
"Amraoti Camp","444602","Amraoti","Amraoti","Maharashtra"
"Amraoti Cotton Market","444601","Amraoti","Amraoti","Maharashtra"
"Amraoti H O","444601","Amraoti","Amraoti","Maharashtra"
"Amraoti New Cotton Mkt","444601","Amraoti","Amraoti","Maharashtra"
"Amraoti Rajapeth","444601","Amraoti","Amraoti","Maharashtra"
"Amraoti Shivaji Nagar","443305","Buldhana","Buldhana","Maharashtra"
"Amraoti Takhatmal Estate","443305","Buldhana","Buldhana","Maharashtra"
"Amraoti Walgaon Road","443305","Buldhana","Buldhana","Maharashtra"
"Amrapur","444301","Buldhana","Buldhana","Maharashtra"
"Amroli Church","400004","Mumbai","Mumbai","Maharashtra"
"Amrut Co-Op. Housing Soc","400052","Mumbai","Mumbai","Maharashtra"
"Amrut Keslav Naik Marg","400001","Mumbai","Mumbai","Maharashtra"
"Amrut Nagar","400051","Mumbai","Mumbai","Maharashtra"
"Amrut Nagar","400067","Mumbai","Mumbai","Maharashtra"
"Amrut Nagar","400086","Mumbai","Mumbai","Maharashtra"
"Amrut Nagar","400093","Mumbai","Mumbai","Maharashtra"
"Amrutwadi","400004","Mumbai","Mumbai","Maharashtra"
"Ananaji Lane","400077","Mumbai","Mumbai","Maharashtra"
"Anand Nagar","400022","Mumbai","Mumbai","Maharashtra"
"Anand Nagar","400037","Mumbai","Mumbai","Maharashtra"
"Anand Nagar","400060","Mumbai","Mumbai","Maharashtra"
"Anand Nagar","411051","Pune","Pune","Maharashtra"
"Anand Vihar Housing Soc","400002","Mumbai","Mumbai","Maharashtra"
"Anandashram","400007","Mumbai","Mumbai","Maharashtra"
"Anandi Bazar","414001","Ahmednagar","Ahmednagar","Maharashtra"
"Anandibai Keskar M. Park","400057","Mumbai","Mumbai","Maharashtra"
"Anandilai Podar Mg 2To116","400002","Mumbai","Mumbai","Maharashtra"
"Anandilal Podar Road","400064","Mumbai","Mumbai","Maharashtra"
"Anandnagm","400055","Mumbai","Mumbai","Maharashtra"
"Anandwadi","400002","Mumbai","Ashti","Maharashtra"
"Anandwan","442914","Chandrapur","Chandrapur","Maharashtra"
"Anant Ganpat Pawar Lane","400064","Mumbai","Mumbai","Maharashtra"
"Anant Malvankar Path","400012","Mumbai","Mumbai","Maharashtra"
"Anant Patil Road","400028","Mumbai","Mumbai","Maharashtra"
"Anantwadi","400002","Mumbai","Deoni","Maharashtra"
"Anantwadi","400012","Mumbai","Mumbai","Maharashtra"
"Anantwadi","400028","Mumbai","Deoni","Maharashtra"
"Andarsal","423402","Nashik","Nashik","Maharashtra"
"Andhalgaon","441914","Bhandara","Bhandara","Maharashtra"
"Andhar Society","400058","Mumbai","Mumbai","Maharashtra"
"Andhargalli","400010","Mumbai","Mumbai","Maharashtra"
"Andhari","431151","Jalgaon","Jalgaon","Maharashtra"
"Andheri Azad Nagar","400058","Mumbai","Mumbai","Maharashtra"
"Andheri East Marol Bazar","400069","Mumbai","Mumbai","Maharashtra"
"Andheri H M P School","400058","Mumbai","Mumbai","Maharashtra"
"Andheri Market","400058","Mumbai","Mumbai","Maharashtra"
"Andheri Plot","400058","Mumbai","Mumbai","Maharashtra"
"Andheri Rly Station","400058","Mumbai","Mumbai","Maharashtra"
"Andheri Rs","400058","Mumbai","Mumbai","Maharashtra"
"Andheri Sahar Road","400057","Mumbai","Mumbai","Maharashtra"
"Andheri West","400058","Mumbai","Mumbai","Maharashtra"
"Andhonchiwadi","400058","Mumbai","Mumbai","Maharashtra"
"Andora","413603","Osmanabad","Osmanabad","Maharashtra"
"Andrews Road","400054","Mumbai","Mumbai","Maharashtra"
"Angapur","415019","Satara","Satara","Maharashtra"
"Angar","413214","Sholapur","Sholapur","Maharashtra"
"Angir Wadi","400010","Mumbai","Mumbai","Maharashtra"
"Angre Wada","400002","Mumbai","Mumbai","Maharashtra"
"Angrewadi","400004","Mumbai","Mumbai","Maharashtra"
"Anik Village","400074","Mumbai","Mumbai","Maharashtra"
"Anjangaon","444705","Amraoti","Anjangaon","Maharashtra"
"Anjangaon Bari","444727","Amraoti","Amraoti","Maharashtra"
"Anjani B K","443305","Buldhana","Buldhana","Maharashtra"
"Anjarla","415714","Ratnagiri","Ratnagiri","Maharashtra"
"Anji","442103","Wardha","Wardha","Maharashtra"
"Anjir Shopping Centre","400054","Mumbai","Mumbai","Maharashtra"
"Ankalkhop","416316","Sangli","Sangli","Maharashtra"
"Anna Ind. Estate","400072","Mumbai","Mumbai","Maharashtra"
"Annasaheh Shinde Marg","400004","Mumbai","Mumbai","Maharashtra"
"Ansari Moholla","400058","Mumbai","Mumbai","Maharashtra"
"Ansari Road","400056","Mumbai","Mumbai","Maharashtra"
"Ansing","444507","Akola","Akola","Maharashtra"
"Anthoney Road","400050","Mumbai","Mumbai","Maharashtra"
"Antop Hill","400031","Mumbai","Mumbai","Maharashtra"
"Antop Hill","400037","Mumbai","Mumbai","Maharashtra"
"Antop Hill B P T Colony","400037","Mumbai","Mumbai","Maharashtra"
"Antop Hill Road","400037","Mumbai","Mumbai","Maharashtra"
"Anupam Industrial Estate","400080","Mumbai","Mumbai","Maharashtra"
"Anur Plastics","400068","Mumbai","Mumbai","Maharashtra"
"Anushakti Nagar","400094","Mumbai","Mumbai","Maharashtra"
"Anxilium Convent Road","400050","Mumbai","Mumbai","Maharashtra"
"Apollo Reclamation","400039","Mumbai","Mumbai","Maharashtra"
"Appasaheb Marathe Marg","400025","Mumbai","Mumbai","Maharashtra"
"Approach Road","400034","Mumbai","Mumbai","Maharashtra"
"Apshinge","415518","Satara","Satara","Maharashtra"
"Apte Wadi","400028","Mumbai","Mumbai","Maharashtra"
"Arab Bunglow 95 Nm Cr Rd","400014","Mumbai","Mumbai","Maharashtra"
"Arab Tabela","400008","Mumbai","Mumbai","Maharashtra"
"Aradhana Hotel","400004","Mumbai","Mumbai","Maharashtra"
"Aradhana Society","400058","Mumbai","Mumbai","Maharashtra"
"Arag","416401","Sangli","Sangli","Maharashtra"
"Aram Co-Op Housing Soc","400055","Mumbai","Mumbai","Maharashtra"
"Aram Nagar","400061","Mumbai","Mumbai","Maharashtra"
"Arar Wada","400022","Mumbai","Mumbai","Maharashtra"
"Aravti","416537","Sindhudurg","Oras","Maharashtra"
"Ardeshir Dady Cr. Lane","400004","Mumbai","Mumbai","Maharashtra"
"Ardeshir Dady Street","400009","Mumbai","Mumbai","Maharashtra"
"Ardhapur","431704","Nanded","Nanded","Maharashtra"
"Areadia","400021","Mumbai","Mumbai","Maharashtra"
"Argyle Cr. Street","400009","Mumbai","Mumbai","Maharashtra"
"Arjun Khot Wadi","400028","Mumbai","Mumbai","Maharashtra"
"Arjuni Moregaon","441701","Gondia","Bhandara","Maharashtra"
"Armament","411021","Pune","Pune","Maharashtra"
"Armori","441208","Gadchiroli","Gadchiroli","Maharashtra"
"Arnala","401302","Thane","Thane","Maharashtra"
"Arni","445103","Yeotamal","Yeotamal","Maharashtra"
"Aronda","416513","Sindhudurg","Oras","Maharashtra"
"Arthur Bandar Raod","400005","Mumbai","Mumbai","Maharashtra"
"Arthur Road Prison","400011","Mumbai","Mumbai","Maharashtra"
"Arun Bazar","400054","Mumbai","Mumbai","Maharashtra"
"Arunodaya Colony","400012","Mumbai","Mumbai","Maharashtra"
"Arvi","412401","Pune","Arvi","Maharashtra"
"Arvi","442201","Wardha","Wardha","Maharashtra"
"Arvindnagar","400029","Mumbai","Mumbai","Maharashtra"
"Arya Chanakya Nagar","400101","Mumbai","Mumbai","Maharashtra"
"Arya Nagar","400034","Mumbai","Mumbai","Maharashtra"
"Asalpha Village","400084","Mumbai","Mumbai","Maharashtra"
"Asegaon","444409","Akola","Akola","Maharashtra"
"Asegaon","444827","Amraoti","Amraoti","Maharashtra"
"Asgaon","441919","Bhandara","Bhandara","Maharashtra"
"Ash Lane","400023","Mumbai","Mumbai","Maharashtra"
"Asha Colony","400049","Mumbai","Mumbai","Maharashtra"
"Asha Usha Mills Compound","400079","Mumbai","Mumbai","Maharashtra"
"Asha Wadi","400058","Mumbai","Mumbai","Maharashtra"
"Ashirwad Ind. Estate","400062","Mumbai","Mumbai","Maharashtra"
"Ashirwadi","400069","Mumbai","Mumbai","Maharashtra"
"Ashok Nagar","444003","Akola","Akola","Maharashtra"
"Ashok Nagar","400049","Mumbai","Dhamangaon Railway","Maharashtra"
"Ashok Nagar","400055","Mumbai","Mumbai","Maharashtra"
"Ashok Nagar","400062","Mumbai","Mumbai","Maharashtra"
"Ashok Nagar","400070","Mumbai","Dhamangaon Railway","Maharashtra"
"Ashok Nagar","400072","Mumbai","Dhamangaon Railway","Maharashtra"
"Ashok Nagar","400078","Mumbai","Mumbai","Maharashtra"
"Ashok Nagar","400101","Mumbai","Dhamangaon Railway","Maharashtra"
"Ashok Nagar Society","400074","Mumbai","Mumbai","Maharashtra"
"Ashok Wadi","400028","Mumbai","Mumbai","Maharashtra"
"Ashte","416301","Sangli","Sangli","Maharashtra"
"Ashti","414203","Beed","Beed","Maharashtra"
"Ashti","431507","Latur","Latur","Maharashtra"
"Ashti","413303","Sholapur","Sholapur","Maharashtra"
"Ashti","442202","Wardha","Wardha","Maharashtra"
"Ashvi","413714","Ahmednagar","Ahmednagar","Maharashtra"
"Asoda","425101","Jalgaon","Jalgaon","Maharashtra"
"Aspali Colony","400025","Mumbai","Mumbai","Maharashtra"
"Assembly Lane","400002","Mumbai","Mumbai","Maharashtra"
"Atlanta","400021","Mumbai","Mumbai","Maharashtra"
"Atlas Mill Compound","400010","Mumbai","Mumbai","Maharashtra"
"Atlas Mills","400037","Mumbai","Mumbai","Maharashtra"
"Atmaram Kawilwadi","400028","Mumbai","Mumbai","Maharashtra"
"Atmaram Mhatre Road","400068","Mumbai","Mumbai","Maharashtra"
"Atpadi","415301","Sangli","Sangli","Maharashtra"
"Attar Gulli","400003","Mumbai","Mumbai","Maharashtra"
"August Kranti Maidan","400036","Mumbai","Mumbai","Maharashtra"
"August Kranti Marg Rest","400036","Mumbai","Mumbai","Maharashtra"
"August Kranti Mrg 8 To 19","400007","Mumbai","Mumbai","Maharashtra"
"Augustin Wadi","400055","Mumbai","Mumbai","Maharashtra"
"Aundh","415510","Satara","Satara","Maharashtra"
"Aundh Camp","411027","Pune","Pune","Maharashtra"
"Aundha Nagnath","431705","Parbhani","Parbhani","Maharashtra"
"Aurad Shahajani","413522","Osmanabad","Osmanabad","Maharashtra"
"Aurangabad","415570","Aurangabad","Aurangabad","Maharashtra"
"Aurangabad","415510","Satara","Satara","Maharashtra"
"Aurangabad Cantt","431002","Aurangabad","Aurangabad","Maharashtra"
"Aurangabad City","415510","Satara","Satara","Maharashtra"
"Aurangabad H O","431001","Aurangabad","Aurangabad","Maharashtra"
"Aurangabad R S","415510","Satara","Satara","Maharashtra"
"Aurangabad Sarafa","415570","Aurangabad","Aurangabad","Maharashtra"
"Avas","402205","Raigarh","Alibag","Maharashtra"
"Avenue Road","400033","Mumbai","Mumbai","Maharashtra"
"Avinash Housing Society","400058","Mumbai","Mumbai","Maharashtra"
"Avsari Budruk","412405","Pune","Pune","Maharashtra"
"Awabai Kashinath Road","400034","Mumbai","Mumbai","Maharashtra"
"Awabai Petit Street","400007","Mumbai","Mumbai","Maharashtra"
"Awachitpada","400008","Mumbai","Mumbai","Maharashtra"
"Awantikabai Gokhale St.","400004","Mumbai","Mumbai","Maharashtra"
"Awsa","413520","Latur","Latur","Maharashtra"
"Ayakar Bhavan","400020","Mumbai","Mumbai","Maharashtra"
"Ayodhya Nagar","440024","Nagpur","Nagpur","Maharashtra"
"Azad Housing Society","400050","Mumbai","Mumbai","Maharashtra"
"Azad Lane","400058","Mumbai","Mumbai","Maharashtra"
"Azad Maidan","400001","Mumbai","Mumbai","Maharashtra"
"Azad Nagar","400005","Mumbai","Mumbai","Maharashtra"
"Azad Nagar","400015","Mumbai","Mumbai","Maharashtra"
"Azad Nagar","400031","Mumbai","Mumbai","Maharashtra"
"Azad Nagar","400058","Mumbai","Mumbai","Maharashtra"
"Azad Nagar","400078","Mumbai","Mumbai","Maharashtra"
"Azad Nagar Ghatkopar West","400086","Mumbai","Mumbai","Maharashtra"
"Azad Road Andheri East","400069","Mumbai","Mumbai","Maharashtra"
"Azad Road Andheri Wast","400058","Mumbai","Mumbai","Maharashtra"
"Azad Road Chakala M.I.D.C","400093","Mumbai","Mumbai","Maharashtra"
"Azad Stores","400068","Mumbai","Mumbai","Maharashtra"
"Aziz Baug","400074","Mumbai","Mumbai","Maharashtra"
"B A R C Bombay","400085","Mumbai","Mumbai","Maharashtra"
"B S K Madhukarnagar Patas","441206","Chandrapur","Chandrapur","Maharashtra"
"B.A.R.C. Quarters","400071","Mumbai","Mumbai","Maharashtra"
"B.D.D. Chawls No 1 To 23","400014","Mumbai","Mumbai","Maharashtra"
"B.D.D. Chawls No. 5 To 16","400015","Mumbai","Mumbai","Maharashtra"
"B.D.D.Chawl C.Rd.1 To 121","400018","Mumbai","Mumbai","Maharashtra"
"B.D.D.Chawl Road","400018","Mumbai","Mumbai","Maharashtra"
"B.E.S.T. Nagar","400082","Mumbai","Mumbai","Maharashtra"
"B.E.S.T. Quarters","400055","Mumbai","Mumbai","Maharashtra"
"B.G. Kher Marg Ridge Road","400006","Mumbai","Mumbai","Maharashtra"
"B.G. Kher Road","400018","Mumbai","Mumbai","Maharashtra"
"B.G. Mahajani Path","400031","Mumbai","Mumbai","Maharashtra"
"B.I.T. Blocks 1 To 16","400010","Mumbai","Mumbai","Maharashtra"
"B.I.T. Chawls 1,2,3","400010","Mumbai","Mumbai","Maharashtra"
"B.J. Devrukhkar Road","400014","Mumbai","Mumbai","Maharashtra"
"B.K. Dhuru Wadi","400025","Mumbai","Mumbai","Maharashtra"
"B.M.C. Compound","400058","Mumbai","Mumbai","Maharashtra"
"B.N. Maheshwari Udyan","400019","Mumbai","Mumbai","Maharashtra"
"B.P.T Colony","400025","Mumbai","Mumbai","Maharashtra"
"B.P.T. Chawls Reay Road","400010","Mumbai","Mumbai","Maharashtra"
"B.P.T. Chawls W.Br. 1 To6","400010","Mumbai","Mumbai","Maharashtra"
"B.P.T. Rly. Quarters","400015","Mumbai","Mumbai","Maharashtra"
"B.R. Nagar","400060","Mumbai","Mumbai","Maharashtra"
"B.S.R. Colony","400074","Mumbai","Mumbai","Maharashtra"
"Baba Saheb Dahanukar Marg","400026","Mumbai","Mumbai","Maharashtra"
"Baba Saheb Worlikar Chowk","400018","Mumbai","Mumbai","Maharashtra"
"Baba Shet Wadi","400078","Mumbai","Mumbai","Maharashtra"
"Babachi Wadi","400015","Mumbai","Mumbai","Maharashtra"
"Babasaheb Abdr. Rd. Cr.Ln","400012","Mumbai","Mumbai","Maharashtra"
"Babhai","400092","Mumbai","Mumbai","Maharashtra"
"Babhaleshwer","413737","Ahmednagar","Ahmednagar","Maharashtra"
"Babhuigaon","445101","Yeotamal","Yeotamal","Maharashtra"
"Babu Genu Road Hanu. Kane","400002","Mumbai","Mumbai","Maharashtra"
"Babula Tank Cross Lane","400009","Mumbai","Mumbai","Maharashtra"
"Babulnath Cr. Lane","400007","Mumbai","Mumbai","Maharashtra"
"Babulnath Road","400007","Mumbai","Mumbai","Maharashtra"
"Baburao Bobade Road","400009","Mumbai","Mumbai","Maharashtra"
"Baburao Jagtap Marg","400027","Mumbai","Mumbai","Maharashtra"
"Baburao Parulekar Marg","400028","Mumbai","Mumbai","Maharashtra"
"Bachani Nagar","400004","Mumbai","Mumbai","Maharashtra"
"Bachoo Ali Road","400009","Mumbai","Mumbai","Maharashtra"
"Bada Mandir","400002","Mumbai","Mumbai","Maharashtra"
"Badam Wadi","400004","Mumbai","Mumbai","Maharashtra"
"Badam Wadi","400050","Mumbai","Mumbai","Maharashtra"
"Badamwadi","400002","Mumbai","Mumbai","Maharashtra"
"Badar Baug","400007","Mumbai","Mumbai","Maharashtra"
"Badba Da","431733","Nanded","Nanded","Maharashtra"
"Badhubali","416110","Kolhapur","Kolhapur","Maharashtra"
"Badlapur","421504","Thane","Badlapur","Maharashtra"
"Badlu Rangari Street","400008","Mumbai","Mumbai","Maharashtra"
"Badnapur","431202","Jalgaon","Jalgaon","Maharashtra"
"Badnera","444701","Amraoti","Amraoti","Maharashtra"
"Badod Bazar","431134","Jalgaon","Jalgaon","Maharashtra"
"Badra East","400051","Mumbai","Mumbai","Maharashtra"
"Bagadgani","440008","Nagpur","Nagpur","Maharashtra"
"Bagdka Marg Bamanpuri Rd","400059","Mumbai","Mumbai","Maharashtra"
"Baghad Road","400005","Mumbai","Mumbai","Maharashtra"
"Bagladganj","440008","Nagpur","Nagpur","Maharashtra"
"Bagmandla","402114","Raigarh","Alibag","Maharashtra"
"Bagni","416302","Sangli","Sangli","Maharashtra"
"Bagpti Road","400062","Mumbai","Mumbai","Maharashtra"
"Bahadarpur","425113","Jalgaon","Jalgaon","Maharashtra"
"Bahubali","416110","Kolhapur","Kolhapur","Maharashtra"
"Bahule","415209","Satara","Satara","Maharashtra"
"Bai Awabai Petit Street","400007","Mumbai","Mumbai","Maharashtra"
"Bai Dinabai Petiti Street","400007","Mumbai","Mumbai","Maharashtra"
"Bai Padmabai Thakkar Road","400016","Mumbai","Mumbai","Maharashtra"
"Bai Padmabai Thakkar Road","400028","Mumbai","Mumbai","Maharashtra"
"Bai Padmabai Wadi","400028","Mumbai","Mumbai","Maharashtra"
"Bail Bazar","400070","Mumbai","Mumbai","Maharashtra"
"Bajaj Bhavan","400021","Mumbai","Mumbai","Maharashtra"
"Bajaj Cross Road","400056","Mumbai","Mumbai","Maharashtra"
"Bajaj Road","400021","Mumbai","Mumbai","Maharashtra"
"Bajaj Road","400056","Mumbai","Mumbai","Maharashtra"
"Bajaj Road","400067","Mumbai","Mumbai","Maharashtra"
"Bajaj Road Co-Op. Hg. Society","400056","Mumbai","Mumbai","Maharashtra"
"Bajaj Wadi","400054","Mumbai","Mumbai","Maharashtra"
"Baji Paslkar Marg S.V.Rd.","400072","Mumbai","Mumbai","Maharashtra"
"Baker Lane","400010","Mumbai","Mumbai","Maharashtra"
"Bakery Lane","400005","Mumbai","Mumbai","Maharashtra"
"Bakul Co-Op. Housing Society","400058","Mumbai","Mumbai","Maharashtra"
"Bal Gangadhar Kher Marg","400006","Mumbai","Mumbai","Maharashtra"
"Bal Govind Road","400028","Mumbai","Mumbai","Maharashtra"
"Bal Govinddas Road","400016","Mumbai","Mumbai","Maharashtra"
"Bal Govinddas Wadi","400016","Mumbai","Mumbai","Maharashtra"
"Bal Mandir Marg","400049","Mumbai","Mumbai","Maharashtra"
"Balaji Mandir Marg","400070","Mumbai","Mumbai","Maharashtra"
"Balam Takli","414504","Ahmednagar","Ahmednagar","Maharashtra"
"Balamiya Lane","400011","Mumbai","Mumbai","Maharashtra"
"Balapur","444302","Akola","Balapur","Maharashtra"
"Balaram Street","400007","Mumbai","Mumbai","Maharashtra"
"Balaram Wadi","400007","Mumbai","Mumbai","Maharashtra"
"Bale Wadi","400028","Mumbai","Mumbai","Maharashtra"
"Balika Vidyalaya Marg","400067","Mumbai","Mumbai","Maharashtra"
"Baliwala Hill","400058","Mumbai","Mumbai","Maharashtra"
"Baliwala Road","400012","Mumbai","Mumbai","Maharashtra"
"Balkrishna Tawde Marg","400062","Mumbai","Mumbai","Maharashtra"
"Balkum","400603","Thane","Thane","Maharashtra"
"Ballard Estate","400038","Mumbai","Mumbai","Maharashtra"
"Ballard Pier","400038","Mumbai","Mumbai","Maharashtra"
"Ballarpur","442701","Chandrapur","Ballarpur","Maharashtra"
"Ballarpur Paper Mills","442901","Chandrapur","Chandrapur","Maharashtra"
"Ballur","431526","Parbhani","Parbhani","Maharashtra"
"Balpur","444302","Akola","Akola","Maharashtra"
"Balshet Madurkar Mg","400013","Mumbai","Mumbai","Maharashtra"
"Balu Changu Patil Marg","400009","Mumbai","Mumbai","Maharashtra"
"Balwant Sing Dodi Marg","400010","Mumbai","Mumbai","Maharashtra"
"Baman Wada","400099","Mumbai","Mumbai","Maharashtra"
"Baman Wada Hill","400099","Mumbai","Mumbai","Maharashtra"
"Bamanji Master Rd Sild Br","400002","Mumbai","Mumbai","Maharashtra"
"Bamanpuri Village","400059","Mumbai","Mumbai","Maharashtra"
"Bambavade","416213","Kolhapur","Kolhapur","Maharashtra"
"Banaji Cross Lane","400001","Mumbai","Mumbai","Maharashtra"
"Banaji Street","400001","Mumbai","Mumbai","Maharashtra"
"Band Of Baroda Staff Qts","400099","Mumbai","Mumbai","Maharashtra"
"Band Quarters","400006","Mumbai","Mumbai","Maharashtra"
"Band Stand","400021","Mumbai","Mumbai","Maharashtra"
"Band Stand","400050","Mumbai","Mumbai","Maharashtra"
"Band Stand","400050","Mumbai","Mumbai","Maharashtra"
"Bandar Pakhadi Road","400067","Mumbai","Mumbai","Maharashtra"
"Bandar Wadi","400050","Mumbai","Mumbai","Maharashtra"
"Bandnera","444701","Amraoti","Amraoti","Maharashtra"
"Bandongri","400064","Mumbai","Mumbai","Maharashtra"
"Bandongri Road","400067","Mumbai","Mumbai","Maharashtra"
"Bandra Bazar","400050","Mumbai","Mumbai","Maharashtra"
"Bandra Hill","400050","Mumbai","Mumbai","Maharashtra"
"Bandra Plot","400060","Mumbai","Mumbai","Maharashtra"
"Bandra Roads","400050","Mumbai","Mumbai","Maharashtra"
"Bandra Stn Road","400051","Mumbai","Mumbai","Maharashtra"
"Bandrekar Wadi","400060","Mumbai","Mumbai","Maharashtra"
"Bandu Alias Keshav Gore","400062","Mumbai","Mumbai","Maharashtra"
"Bandu Baug","400025","Mumbai","Mumbai","Maharashtra"
"Bandu Gokhale Marg Cow Le","400004","Mumbai","Mumbai","Maharashtra"
"Bangad Wadi","400004","Mumbai","Mumbai","Maharashtra"
"Bangal Wadi","400017","Mumbai","Mumbai","Maharashtra"
"Banganga Cross Lane","400006","Mumbai","Mumbai","Maharashtra"
"Banganga Road","400006","Mumbai","Mumbai","Maharashtra"
"Bangdi Bazar","400003","Mumbai","Mumbai","Maharashtra"
"Bangmnagar","400090","Mumbai","Mumbai","Maharashtra"
"Bangur Nagar","400090","Mumbai","Mumbai","Maharashtra"
"Banjibhai Rathod Road","400034","Mumbai","Mumbai","Maharashtra"
"Bank Of India Colony","400058","Mumbai","Mumbai","Maharashtra"
"Bank Street","400023","Mumbai","Mumbai","Maharashtra"
"Bankot","415201","Ratnagiri","Ratnagiri","Maharashtra"
"Banoti","431150","Jalgaon","Jalgaon","Maharashtra"
"Bapat Marg","400016","Mumbai","Mumbai","Maharashtra"
"Bapatla H O","422101","Nashik","Nashik","Maharashtra"
"Baptista Road","400056","Mumbai","Mumbai","Maharashtra"
"Bapty Road South","400003","Mumbai","Mumbai","Maharashtra"
"Bapu Hajam Mohalla","400003","Mumbai","Mumbai","Maharashtra"
"Bapu Khote Cross Lane","400003","Mumbai","Mumbai","Maharashtra"
"Bapu Khote Street Jamli","400003","Mumbai","Mumbai","Maharashtra"
"Bapupeth","442403","Chandrapur","Chandrapur","Maharashtra"
"Bapurao Jagtap Coly. Road","400011","Mumbai","Mumbai","Maharashtra"
"Bapurao Jagtap Marg M.Brg","400034","Mumbai","Mumbai","Maharashtra"
"Bapusaheb Bagwe Road","400068","Mumbai","Mumbai","Maharashtra"
"Bara Chawls","400013","Mumbai","Mumbai","Maharashtra"
"Bara Imam Road","400003","Mumbai","Mumbai","Maharashtra"
"Barad","425442","Dhule","Dhule","Maharashtra"
"Barad","431745","Nanded","Nanded","Maharashtra"
"Barafwala Lane","400016","Mumbai","Mumbai","Maharashtra"
"Baramati","413102","Pune","Baramati","Maharashtra"
"Baramati Bazar","413102","Pune","Pune","Maharashtra"
"Baramati Kasba","413102","Pune","Pune","Maharashtra"
"Baramati West","413102","Pune","Pune","Maharashtra"
"Barbhai Mohalla","400003","Mumbai","Mumbai","Maharashtra"
"Barbiwala Marg","400058","Mumbai","Mumbai","Maharashtra"
"Bardangalli","400003","Mumbai","Mumbai","Maharashtra"
"Barfuwala Marg Juhu Lane","400049","Mumbai","Mumbai","Maharashtra"
"Bargaon","415413","Sangli","Sangli","Maharashtra"
"Barister Nath Pai Marg","400010","Mumbai","Mumbai","Maharashtra"
"Barister Nath Pai Mg R.Rd","400033","Mumbai","Mumbai","Maharashtra"
"Barkat Ali Darga Salt Pan","400037","Mumbai","Mumbai","Maharashtra"
"Barkat Ali Virahi Marg","400008","Mumbai","Mumbai","Maharashtra"
"Barkat Wadi","400025","Mumbai","Mumbai","Maharashtra"
"Baroda Street","400009","Mumbai","Mumbai","Maharashtra"
"Barrack Road","400020","Mumbai","Mumbai","Maharashtra"
"Barrow Road","400039","Mumbai","Mumbai","Maharashtra"
"Barshi","413401","Sholapur","Barshi","Maharashtra"
"Barshi Ada Bazar","413401","Sholapur","Sholapur","Maharashtra"
"Barshi Market Yard","413401","Sholapur","Sholapur","Maharashtra"
"Barsi Takli","444401","Akola","Akola","Maharashtra"
"Barul","431746","Nanded","Nanded","Maharashtra"
"Barvenagar","400084","Mumbai","Mumbai","Maharashtra"
"Barvenagar Colony","400084","Mumbai","Mumbai","Maharashtra"
"Barvenagar Road 1 To 6","400084","Mumbai","Mumbai","Maharashtra"
"Basmata Nagar","431512","Parbhani","Parbhani","Maharashtra"
"Bassein","401201","Thane","Thane","Maharashtra"
"Bassein Road","401202","Thane","Thane","Maharashtra"
"Batliwala Road","400012","Mumbai","Mumbai","Maharashtra"
"Battery Street","400039","Mumbai","Mumbai","Maharashtra"
"Bava Pradyumna Singh Road","400080","Mumbai","Mumbai","Maharashtra"
"Bavada","413103","Pune","Pune","Maharashtra"
"Bavdapur","431528","Beed","Beed","Maharashtra"
"Bavdhan","412804","Satara","Satara","Maharashtra"
"Bavi","413571","Osmanabad","Osmanabad","Maharashtra"
"Bawan Chawls","400025","Mumbai","Mumbai","Maharashtra"
"Bawan Khani","400007","Mumbai","Mumbai","Maharashtra"
"Bawla Wadi","400012","Mumbai","Mumbai","Maharashtra"
"Bazar Galli","400011","Mumbai","Mumbai","Maharashtra"
"Bazar Road Mulund Colony","400082","Mumbai","Mumbai","Maharashtra"
"Beach House Wadi","400025","Mumbai","Mumbai","Maharashtra"
"Beach Road","400025","Mumbai","Mumbai","Maharashtra"
"Beasant Road","400056","Mumbai","Mumbai","Maharashtra"
"Beasant Street","400054","Mumbai","Mumbai","Maharashtra"
"Becon","400021","Mumbai","Mumbai","Maharashtra"
"Beduk Bawdi Road","400068","Mumbai","Mumbai","Maharashtra"
"Beggrs Home","400071","Mumbai","Mumbai","Maharashtra"
"Begum Bazar","415510","Satara","Satara","Maharashtra"
"Behoda","444812","Amraoti","Amraoti","Maharashtra"
"Behram Baug","400002","Mumbai","Mumbai","Maharashtra"
"Behram Nagar","400050","Mumbai","Mumbai","Maharashtra"
"Behram Pada","400051","Mumbai","Mumbai","Maharashtra"
"Behram Pada Road","400051","Mumbai","Mumbai","Maharashtra"
"Bela","441115","Nagpur","Nagpur","Maharashtra"
"Belanki","416428","Sangli","Sangli","Maharashtra"
"Belapur","413715","Ahmednagar","Ahmednagar","Maharashtra"
"Belapur","400611","Thane","Thane","Maharashtra"
"Belapur Node Sectot Iii","400615","Thane","Thane","Maharashtra"
"Belganga Sahakari","400615","Thane","Thane","Maharashtra"
"Belgram Road","400070","Mumbai","Mumbai","Maharashtra"
"Belha","412410","Pune","Pune","Maharashtra"
"Bell Lane","400023","Mumbai","Mumbai","Maharashtra"
"Bellasis Chawls Road","400008","Mumbai","Mumbai","Maharashtra"
"Belora","444718","Amraoti","Amraoti","Maharashtra"
"Belpukur","411125","Pune","Pune","Maharashtra"
"Belvandi","413702","Ahmednagar","Ahmednagar","Maharashtra"
"Belwalkar Wadi","400062","Mumbai","Mumbai","Maharashtra"
"Bembli","413506","Sholapur","Sholapur","Maharashtra"
"Ben Nevis Compound","400036","Mumbai","Mumbai","Maharashtra"
"Bengalipura","400003","Mumbai","Mumbai","Maharashtra"
"Benham Hall Cross Lane","400004","Mumbai","Mumbai","Maharashtra"
"Berkley Place","400008","Mumbai","Mumbai","Maharashtra"
"Bezonabaugh","440004","Nagpur","Nagpur","Maharashtra"
"Bhabha Road","400050","Mumbai","Mumbai","Maharashtra"
"Bhadgaon","424105","Jalgaon","Jalgaon","Maharashtra"
"Bhadli","425102","Jalgaon","Jalgaon","Maharashtra"
"Bhadra Wadi Road","400058","Mumbai","Mumbai","Maharashtra"
"Bhadram Nagar","400064","Mumbai","Mumbai","Maharashtra"
"Bhadravati","442902","Chandrapur","Bhadravati","Maharashtra"
"Bhaganari Coop Housing Society","400016","Mumbai","Mumbai","Maharashtra"
"Bhagapati Wadi","400062","Mumbai","Mumbai","Maharashtra"
"Bhagat Galli","400016","Mumbai","Mumbai","Maharashtra"
"Bhagat Singh Colony","400059","Mumbai","Mumbai","Maharashtra"
"Bhagat Singh Nagar","400062","Mumbai","Mumbai","Maharashtra"
"Bhagat Singh Road","400056","Mumbai","Mumbai","Maharashtra"
"Bhagli Pada","400068","Mumbai","Mumbai","Maharashtra"
"Bhagoji Deer Marg P C Rd","400016","Mumbai","Mumbai","Maharashtra"
"Bhagoji Waglunare Marg","400018","Mumbai","Mumbai","Maharashtra"
"Bhagur","422502","Nashik","Bhagur","Maharashtra"
"Bhagwan Kalyan Wadi","400002","Mumbai","Mumbai","Maharashtra"
"Bhagwan Raja Nagar","400060","Mumbai","Mumbai","Maharashtra"
"Bhagwandas Indrajit Road","400006","Mumbai","Mumbai","Maharashtra"
"Bhagwandas Wadi","400025","Mumbai","Mumbai","Maharashtra"
"Bhagwansing Coop.Hsg Society","400016","Mumbai","Mumbai","Maharashtra"
"Bhagwantrao Parelkar Road","400012","Mumbai","Mumbai","Maharashtra"
"Bhagwati Co-Op.Housing Society","400016","Mumbai","Mumbai","Maharashtra"
"Bhagwati Wadi","400057","Mumbai","Mumbai","Maharashtra"
"Bhagya Nagar Co-Op Hsg Society","400016","Mumbai","Mumbai","Maharashtra"
"Bhai Jivanji Lane","400002","Mumbai","Mumbai","Maharashtra"
"Bhaji Galli","400007","Mumbai","Mumbai","Maharashtra"
"Bhajipala Lane","400003","Mumbai","Mumbai","Maharashtra"
"Bhajipala Wadi","400025","Mumbai","Mumbai","Maharashtra"
"Bhaktakavi Shivaji Bhai D","400071","Mumbai","Mumbai","Maharashtra"
"Bhaktawar","400021","Mumbai","Mumbai","Maharashtra"
"Bhalekars Adda","400012","Mumbai","Mumbai","Maharashtra"
"Bhalod","425304","Jalgaon","Jalgaon","Maharashtra"
"Bhan Park","400060","Mumbai","Mumbai","Maharashtra"
"Bhanadi","431113","Jalgaon","Jalgaon","Maharashtra"
"Bhandara H O","441904","Bhandara","Bhandara","Maharashtra"
"Bhandara Ordinance Fact","441905","Bhandara","Bhandara","Maharashtra"
"Bhandara Road","441905","Bhandara","Bhandara","Maharashtra"
"Bhandara Town","441904","Bhandara","Bhandara","Maharashtra"
"Bhandari Bridge Latif Bld","400009","Mumbai","Mumbai","Maharashtra"
"Bhandari Cross Lane","400003","Mumbai","Mumbai","Maharashtra"
"Bhandari Cross Le Girgaon","400004","Mumbai","Mumbai","Maharashtra"
"Bhandarkar Road","400019","Mumbai","Mumbai","Maharashtra"
"Bhandarkar Road","400068","Mumbai","Mumbai","Maharashtra"
"Bhandarkar Wadi","400068","Mumbai","Mumbai","Maharashtra"
"Bhandarwada","400004","Mumbai","Mumbai","Maharashtra"
"Bhandarwada","400022","Mumbai","Mumbai","Maharashtra"
"Bhandarwada","400059","Mumbai","Mumbai","Maharashtra"
"Bhandarwada","400064","Mumbai","Mumbai","Maharashtra"
"Bhandarwada Reservoir","400010","Mumbai","Mumbai","Maharashtra"
"Bhandarwada Road","400028","Mumbai","Mumbai","Maharashtra"
"Bhandarwadi","400028","Mumbai","Mumbai","Maharashtra"
"Bhandishegaon","413316","Sholapur","Sholapur","Maharashtra"
"Bhandup","400078","Mumbai","Mumbai","Maharashtra"
"Bhandup Complex","400078","Mumbai","Mumbai","Maharashtra"
"Bhandup Complex","400082","Mumbai","Mumbai","Maharashtra"
"Bhandup Industrial Estate","400078","Mumbai","Mumbai","Maharashtra"
"Bhandup Jangal","400078","Mumbai","Mumbai","Maharashtra"
"Bhandup Pawai","400078","Mumbai","Mumbai","Maharashtra"
"Bhandup Street","400009","Mumbai","Mumbai","Maharashtra"
"Bhandup Usha Nagar","400078","Mumbai","Mumbai","Maharashtra"
"Bhandup Village","400078","Mumbai","Mumbai","Maharashtra"
"Bhandup Village Road","400078","Mumbai","Mumbai","Maharashtra"
"Bhang Wadi","400002","Mumbai","Mumbai","Maharashtra"
"Bhangi Galli","400004","Mumbai","Mumbai","Maharashtra"
"Bhangi Wada","400070","Mumbai","Mumbai","Maharashtra"
"Bhangur Wadi","400062","Mumbai","Mumbai","Maharashtra"
"Bhanosi Pada","400080","Mumbai","Mumbai","Maharashtra"
"Bhansali Wadi","400057","Mumbai","Mumbai","Maharashtra"
"Bhanushali Wadi","400077","Mumbai","Mumbai","Maharashtra"
"Bharada Wadi","400058","Mumbai","Mumbai","Maharashtra"
"Bharat Baug","400092","Mumbai","Mumbai","Maharashtra"
"Bharat Lokhand Bazar","400008","Mumbai","Mumbai","Maharashtra"
"Bharat Nagar","400007","Mumbai","Mumbai","Maharashtra"
"Bharatiya Nagar","400089","Mumbai","Mumbai","Maharashtra"
"Bharne","415621","Ratnagiri","Ratnagiri","Maharashtra"
"Bharucha Road","400068","Mumbai","Mumbai","Maharashtra"
"Bhaskar Bhau Lane","400007","Mumbai","Mumbai","Maharashtra"
"Bhaskar Bhopi Marg","400061","Mumbai","Mumbai","Maharashtra"
"Bhaskar Lane","400002","Mumbai","Mumbai","Maharashtra"
"Bhaskar Patil Wadi","400016","Mumbai","Mumbai","Maharashtra"
"Bhat Bazar","400009","Mumbai","Mumbai","Maharashtra"
"Bhat Nagar","400025","Mumbai","Mumbai","Maharashtra"
"Bhatachi Wadi","400028","Mumbai","Mumbai","Maharashtra"
"Bhatia Co-Op Hsing Socety","400002","Mumbai","Mumbai","Maharashtra"
"Bhatia Co-Op Hsing Socety","400016","Mumbai","Mumbai","Maharashtra"
"Bhatia Glass Coumpound","400055","Mumbai","Mumbai","Maharashtra"
"Bhatia Mahaian Wadi","400002","Mumbai","Mumbai","Maharashtra"
"Bhatia Nagar","400027","Mumbai","Mumbai","Maharashtra"
"Bhatia Nagar","400067","Mumbai","Mumbai","Maharashtra"
"Bhatkuli","444721","Amraoti","Amraoti","Maharashtra"
"Bhatsa Nagar","421603","Thane","Thane","Maharashtra"
"Bhatt Lane","400067","Mumbai","Mumbai","Maharashtra"
"Bhatti Pada Road","400078","Mumbai","Mumbai","Maharashtra"
"Bhatwadedar Wadi","400004","Mumbai","Mumbai","Maharashtra"
"Bhatwadi","400084","Mumbai","Mumbai","Maharashtra"
"Bhatwadi Lane 1St&2Nd","400004","Mumbai","Mumbai","Maharashtra"
"Bhatwadikar Wadi","400028","Mumbai","Mumbai","Maharashtra"
"Bhau Bhaskar Wadi","400007","Mumbai","Mumbai","Maharashtra"
"Bhau Daji Cross Road","400019","Mumbai","Mumbai","Maharashtra"
"Bhau Daji Road","400019","Mumbai","Mumbai","Maharashtra"
"Bhau Saheb Desai Wadi","400018","Mumbai","Mumbai","Maharashtra"
"Bhau Saheb Hife Marg Mrpr","400006","Mumbai","Mumbai","Maharashtra"
"Bhau Saheb Parab Marg","400068","Mumbai","Mumbai","Maharashtra"
"Bhau Saheb Surve Marg","400009","Mumbai","Mumbai","Maharashtra"
"Bhaucha Dhakka Ferry","400001","Mumbai","Mumbai","Maharashtra"
"Bhausahed Nagar","422301","Nashik","Nashik","Maharashtra"
"Bhavan","400086","Mumbai","Mumbai","Maharashtra"
"Bhavani Gokhale Road","400028","Mumbai","Mumbai","Maharashtra"
"Bhavani N S Bureau","400028","Mumbai","Mumbai","Maharashtra"
"Bhavani Nagar","415302","Sangli","Sangli","Maharashtra"
"Bhavani Nagar Hpune)","413104","Pune","Pune","Maharashtra"
"Bhavani Ranade Road","400028","Mumbai","Mumbai","Maharashtra"
"Bhavani Road","400028","Mumbai","Mumbai","Maharashtra"
"Bhavani Sawarkar Marg","400028","Mumbai","Mumbai","Maharashtra"
"Bhavani Shankar","400028","Mumbai","Mumbai","Maharashtra"
"Bhavani Shankar Road","400028","Mumbai","Mumbai","Maharashtra"
"Bhavani Shankar Roadnorth","400028","Mumbai","Mumbai","Maharashtra"
"Bhavani Shankar Vara Road","400060","Mumbai","Mumbai","Maharashtra"
"Bhavani Shivaji Park","400028","Mumbai","Mumbai","Maharashtra"
"Bhavanji Arjun Khimiji M","400019","Mumbai","Mumbai","Maharashtra"
"Bhavisha Nidhi Bhavan","400051","Mumbai","Mumbai","Maharashtra"
"Bhavnagari Mohalla81To120","400009","Mumbai","Mumbai","Maharashtra"
"Bhavsa Wadi","400058","Mumbai","Mumbai","Maharashtra"
"Bhayandar East","401105","Thane","Thane","Maharashtra"
"Bhedshi","416530","Sindhudurg","Oras","Maharashtra"
"Bhende S K","414605","Ahmednagar","Ahmednagar","Maharashtra"
"Bhendi Galli","400007","Mumbai","Mumbai","Maharashtra"
"Bhha Baiwadi","400028","Mumbai","Mumbai","Maharashtra"
"Bhhnnagar","400026","Mumbai","Mumbai","Maharashtra"
"Bhigwan","413130","Pune","Pune","Maharashtra"
"Bhigwan R S","413105","Pune","Pune","Maharashtra"
"Bhik Bazar","400008","Mumbai","Mumbai","Maharashtra"
"Bhikaji Damji Patil Marg","400071","Mumbai","Mumbai","Maharashtra"
"Bhikaji Lad Road","400068","Mumbai","Mumbai","Maharashtra"
"Bhikoba Waman Pathare M","400028","Mumbai","Mumbai","Maharashtra"
"Bhilwadi","416303","Sangli","Sangli","Maharashtra"
"Bhimanagar","413212","Sholapur","Sholapur","Maharashtra"
"Bhimanji Street","400009","Mumbai","Mumbai","Maharashtra"
"Bhimpora Dongri Street","400009","Mumbai","Mumbai","Maharashtra"
"Bhimrao Wadi","400062","Mumbai","Mumbai","Maharashtra"
"Bhimwadi","400037","Mumbai","Mumbai","Maharashtra"
"Bhingar Ves","414001","Ahmednagar","Ahmednagar","Maharashtra"
"Bhir","431122","Beed","Beed","Maharashtra"
"Bhir H O","431122","Beed","Beed","Maharashtra"
"Bhir Market Yard","431122","Beed","Beed","Maharashtra"
"Bhir Mehboobgunj","431122","Beed","Beed","Maharashtra"
"Bhir Rajuri Ves","431122","Beed","Beed","Maharashtra"
"Bhisi","442913","Chandrapur","Chandrapur","Maharashtra"
"Bhisil Mohalla","400009","Mumbai","Mumbai","Maharashtra"
"Bhivandkar Wadi","400016","Mumbai","Mumbai","Maharashtra"
"Bhiwandi","421302","Thane","Bhiwandi","Maharashtra"
"Bhiwapur","441201","Nagpur","Nagpur","Maharashtra"
"Bhodkewadi","400080","Mumbai","Mumbai","Maharashtra"
"Bhogilal Falia Marg","400067","Mumbai","Mumbai","Maharashtra"
"Bhoiwada Hindu C","400015","Mumbai","Mumbai","Maharashtra"
"Bhoiwada I Ii And Iii","400002","Mumbai","Mumbai","Maharashtra"
"Bhoiwada Kurla","400070","Mumbai","Mumbai","Maharashtra"
"Bhoiwada Parel","400012","Mumbai","Mumbai","Maharashtra"
"Bhoiwada Road 1 To 6","400014","Mumbai","Mumbai","Maharashtra"
"Bhoiwada Road 7 To 60","400012","Mumbai","Mumbai","Maharashtra"
"Bhokar","431801","Nanded","Nanded","Maharashtra"
"Bhokardan","431114","Jalgaon","Bhokardan","Maharashtra"
"Bhoom","413504","Osmanabad","Osmanabad","Maharashtra"
"Bhor","412206","Pune","Bhor","Maharashtra"
"Bhora Street","400005","Mumbai","Mumbai","Maharashtra"
"Bhosari I E","411026","Pune","Pune","Maharashtra"
"Bhosarigaon","411039","Pune","Pune","Maharashtra"
"Bhose","416422","Sangli","Sangli","Maharashtra"
"Bhoslewadi","400022","Mumbai","Mumbai","Maharashtra"
"Bhud Colony Road","400067","Mumbai","Mumbai","Maharashtra"
"Bhuddha Temple Street","400009","Mumbai","Mumbai","Maharashtra"
"Bhuinj","415515","Satara","Satara","Maharashtra"
"Bhujpujria Plot","400028","Mumbai","Mumbai","Maharashtra"
"Bhujwadi Mohalla Z M S","400009","Mumbai","Mumbai","Maharashtra"
"Bhulabhai Desai Road","400026","Mumbai","Mumbai","Maharashtra"
"Bhulabhai Desai Road","400036","Mumbai","Mumbai","Maharashtra"
"Bhulabhai Desai Road Kvli","400067","Mumbai","Mumbai","Maharashtra"
"Bhuleshwar Road","400004","Mumbai","Mumbai","Maharashtra"
"Bhuleshwar Road Market","400002","Mumbai","Mumbai","Maharashtra"
"Bhuleswar Road","400002","Mumbai","Mumbai","Maharashtra"
"Bhusari Mohalla","400008","Mumbai","Mumbai","Maharashtra"
"Bhusawal Ath Awale Bazar","425201","Jalgaon","Jalgaon","Maharashtra"
"Bhusawal H O","425201","Jalgaon","Jalgaon","Maharashtra"
"Bhusawal Kutchery","425201","Jalgaon","Jalgaon","Maharashtra"
"Bhusawal Shivaijinagar","425201","Jalgaon","Jalgaon","Maharashtra"
"Bhutelo Camp","400005","Mumbai","Mumbai","Maharashtra"
"Bibi","443209","Buldhana","Buldhana","Maharashtra"
"Bibijan Street","400003","Mumbai","Mumbai","Maharashtra"
"Bid Kingaon","431105","Aurangabad","Aurangabad","Maharashtra"
"Bidiye Wadi","400016","Mumbai","Mumbai","Maharashtra"
"Bidri","416208","Kolhapur","Kolhapur","Maharashtra"
"Bihari Baug","400002","Mumbai","Mumbai","Maharashtra"
"Bihmanwa","431137","Aurangabad","Aurangabad","Maharashtra"
"Bijli Co Op Housing Society","400029","Mumbai","Mumbai","Maharashtra"
"Bilashi","415402","Sangli","Sangli","Maharashtra"
"Bimlesh Compound","400055","Mumbai","Mumbai","Maharashtra"
"Bindu Shopping Center","400054","Mumbai","Mumbai","Maharashtra"
"Birlawadi Juhu","400054","Mumbai","Mumbai","Maharashtra"
"Bisharatganj","443302","Buldhana","Buldhana","Maharashtra"
"Boadhawadi","400059","Mumbai","Mumbai","Maharashtra"
"Boat Hard Road Mazgaon","400010","Mumbai","Mumbai","Maharashtra"
"Boat Hard Road Tank Road","400033","Mumbai","Mumbai","Maharashtra"
"Body Guard Lines","400034","Mumbai","Mumbai","Maharashtra"
"Bohara Colony","400059","Mumbai","Mumbai","Maharashtra"
"Bohara Masjid Lane","400002","Mumbai","Mumbai","Maharashtra"
"Bohara Masjid Street","400001","Mumbai","Mumbai","Maharashtra"
"Bohara Street","400003","Mumbai","Mumbai","Maharashtra"
"Bohari Compound","400008","Mumbai","Mumbai","Maharashtra"
"Bolewadi","400028","Mumbai","Mumbai","Maharashtra"
"Bomani Baug","400029","Mumbai","Mumbai","Maharashtra"
"Bomani Lane","400001","Mumbai","Mumbai","Maharashtra"
"Bomani Master Road","400002","Mumbai","Mumbai","Maharashtra"
"Bomani Park Road","400036","Mumbai","Mumbai","Maharashtra"
"Bombay Ahmedabad Road","400069","Mumbai","Mumbai","Maharashtra"
"Bombay Ahmedabad Road","400093","Mumbai","Mumbai","Maharashtra"
"Bombay Co Op Housing Soty","400022","Mumbai","Mumbai","Maharashtra"
"Bombay Collage Co Op Soty","400054","Mumbai","Mumbai","Maharashtra"
"Bombay Conon Mill Estate","400033","Mumbai","Mumbai","Maharashtra"
"Bombay Cycle","400023","Mumbai","Mumbai","Maharashtra"
"Bombay Drug House","400101","Mumbai","Mumbai","Maharashtra"
"Bombay Flying Club","400054","Mumbai","Mumbai","Maharashtra"
"Bombay Maulana Azad Marg","400008","Mumbai","Mumbai","Maharashtra"
"Bombay Navjivan","400008","Mumbai","Mumbai","Maharashtra"
"Bombay New Nag Pada","400008","Mumbai","Mumbai","Maharashtra"
"Bombay Samachar Marg","400023","Mumbai","Mumbai","Maharashtra"
"Bombay University Campus","400098","Mumbai","Mumbai","Maharashtra"
"Bonanza Industrial Estate","400101","Mumbai","Mumbai","Maharashtra"
"Bonv Vista","400021","Mumbai","Mumbai","Maharashtra"
"Bora Bazar Street","400021","Mumbai","Mumbai","Maharashtra"
"Boradi","425448","Dhule","Dhule","Maharashtra"
"Boral","413575","Sholapur","Sholapur","Maharashtra"
"Boran Road","400050","Mumbai","Mumbai","Maharashtra"
"Bordi","401701","Thane","Thane","Maharashtra"
"Borgaon","413511","Osmanabad","Osmanabad","Maharashtra"
"Borgaon Manju","444102","Akola","Akola","Maharashtra"
"Bori","413543","Gadchiroli","Gadchiroli","Maharashtra"
"Bori","431508","Parbhani","Parbhani","Maharashtra"
"Bori Arab","445201","Yeotamal","Yeotamal","Maharashtra"
"Bori Bunder Bombay V T","400001","Mumbai","Mumbai","Maharashtra"
"Bori Compound","400007","Mumbai","Mumbai","Maharashtra"
"Borival Rajendra Nagar","400066","Mumbai","Mumbai","Maharashtra"
"Borival Shirikrishnanagar","400066","Mumbai","Mumbai","Maharashtra"
"Borivali","400092","Mumbai","Mumbai","Maharashtra"
"Borivali East","400066","Mumbai","Mumbai","Maharashtra"
"Borivli Daulatnagar","400066","Mumbai","Mumbai","Maharashtra"
"Borkar Wadi","400028","Mumbai","Mumbai","Maharashtra"
"Borla Koliwada Road","400074","Mumbai","Mumbai","Maharashtra"
"Borla Village","400071","Mumbai","Mumbai","Maharashtra"
"Borlai Panchayatan","402403","Raigarh","Alibag","Maharashtra"
"Borsa Padi","400067","Mumbai","Mumbai","Maharashtra"
"Bozis","424313","Dhule","Dhule","Maharashtra"
"Bradys Flat","400005","Mumbai","Mumbai","Maharashtra"
"Brahampuri","441206","Chandrapur","Chandrapur","Maharashtra"
"Brahmadeshwar Mandir Marg","400080","Mumbai","Mumbai","Maharashtra"
"Brahman Wada","400019","Mumbai","Mumbai","Maharashtra"
"Brahman Wadi","400010","Mumbai","Mumbai","Maharashtra"
"Brahmanwadi Pipe Road","400070","Mumbai","Mumbai","Maharashtra"
"Bramhanacharya Akhada","400006","Mumbai","Mumbai","Maharashtra"
"Bramhangaon","423209","Nashik","Nashik","Maharashtra"
"Bread Market Lane","400001","Mumbai","Mumbai","Maharashtra"
"Brick Bunder","400033","Mumbai","Mumbai","Maharashtra"
"Brigadiar Usman Marg E R","400003","Mumbai","Mumbai","Maharashtra"
"British Hotel Lane","400001","Mumbai","Mumbai","Maharashtra"
"Britto Beni Wadi","400028","Mumbai","Mumbai","Maharashtra"
"Buddha Chritianwadi","400028","Mumbai","Mumbai","Maharashtra"
"Buddha Nagar","400078","Mumbai","Mumbai","Maharashtra"
"Buddha Temple","400012","Mumbai","Mumbai","Maharashtra"
"Bude Wadi","400028","Mumbai","Mumbai","Maharashtra"
"Budh","415503","Satara","Satara","Maharashtra"
"Budhgaon","416304","Sangli","Budhgaon","Maharashtra"
"Budhwar Park R O Colony","400005","Mumbai","Mumbai","Maharashtra"
"Buldana H O","443001","Buldhana","Buldhana","Maharashtra"
"Bullock Road","400050","Mumbai","Mumbai","Maharashtra"
"Bulsory Road","400055","Mumbai","Mumbai","Maharashtra"
"Bulsory Wadi Colony","400055","Mumbai","Mumbai","Maharashtra"
"Bunder Lane","400016","Mumbai","Mumbai","Maharashtra"
"Bunder Pakhadi","400067","Mumbai","Mumbai","Maharashtra"
"Bunder Road","400015","Mumbai","Mumbai","Maharashtra"
"Bunder Road","400064","Mumbai","Mumbai","Maharashtra"
"Burjori Baug","400078","Mumbai","Mumbai","Maharashtra"
"Burjorji Bharucha Marg","400023","Mumbai","Mumbai","Maharashtra"
"Burmah Shell Yard","400015","Mumbai","Mumbai","Maharashtra"
"Burondi","415720","Ratnagiri","Ratnagiri","Maharashtra"
"Butcher Island","400001","Mumbai","Mumbai","Maharashtra"
"Buti Bari","441103","Nagpur","Nagpur","Maharashtra"
"Byculla Club Compound","400008","Mumbai","Mumbai","Maharashtra"
"Byculla District Jail","400008","Mumbai","Mumbai","Maharashtra"
"Byramji Gamadia Road","400026","Mumbai","Mumbai","Maharashtra"
"Byramji Jijibhoy Road","400050","Mumbai","Mumbai","Maharashtra"
"C B Road Rose Cottage Rd","400010","Mumbai","Mumbai","Maharashtra"
"C B V Marg","400007","Mumbai","Mumbai","Maharashtra"
"C G Ganacharya Chowk","400011","Mumbai","Mumbai","Maharashtra"
"C M E Pune","411031","Pune","Pune","Maharashtra"
"C O D Kandivli","400067","Mumbai","Mumbai","Maharashtra"
"C P S Compound Proctor R","400007","Mumbai","Mumbai","Maharashtra"
"C P W D Quarters","400057","Mumbai","Mumbai","Maharashtra"
"C R P Comp","400071","Mumbai","Mumbai","Maharashtra"
"C R Path","400001","Mumbai","Mumbai","Maharashtra"
"C Rly Workshop","400012","Mumbai","Mumbai","Maharashtra"
"C Rly Workshop","400019","Mumbai","Mumbai","Maharashtra"
"C Road","400020","Mumbai","Mumbai","Maharashtra"
"C S D Estate","400086","Mumbai","Mumbai","Maharashtra"
"C S M Road","400039","Mumbai","Mumbai","Maharashtra"
"C S T Road 297To Surve 14","400070","Mumbai","Mumbai","Maharashtra"
"C V Patel Marg","400007","Mumbai","Mumbai","Maharashtra"
"C W","400028","Mumbai","Mumbai","Maharashtra"
"Calcuttawala Compound","400008","Mumbai","Mumbai","Maharashtra"
"Calf Farm","400065","Mumbai","Mumbai","Maharashtra"
"Calicut Street","400038","Mumbai","Mumbai","Maharashtra"
"Cama Cross Lane","400086","Mumbai","Mumbai","Maharashtra"
"Cama Lane","400086","Mumbai","Mumbai","Maharashtra"
"Cama Road Andheri","400058","Mumbai","Mumbai","Maharashtra"
"Campbell Park","400001","Mumbai","Mumbai","Maharashtra"
"Cane Road","400050","Mumbai","Mumbai","Maharashtra"
"Cannon Road","400001","Mumbai","Mumbai","Maharashtra"
"Captains Colony","400084","Mumbai","Mumbai","Maharashtra"
"Carmi Road","400050","Mumbai","Mumbai","Maharashtra"
"Carnac Bridge","400001","Mumbai","Mumbai","Maharashtra"
"Carnac Bunder","400001","Mumbai","Mumbai","Maharashtra"
"Carnesy Road","400001","Mumbai","Mumbai","Maharashtra"
"Carpenter Street 1St&2Nd","400004","Mumbai","Mumbai","Maharashtra"
"Carpenter Street 1St&2Nd","400010","Mumbai","Mumbai","Maharashtra"
"Carter Cross Road","400050","Mumbai","Mumbai","Maharashtra"
"Carter Road","400050","Mumbai","Mumbai","Maharashtra"
"Carter Road","400052","Mumbai","Mumbai","Maharashtra"
"Casac Siding Road","400009","Mumbai","Mumbai","Maharashtra"
"Catholic Colony Road","400071","Mumbai","Mumbai","Maharashtra"
"Cattle Pound","400004","Mumbai","Mumbai","Maharashtra"
"Cause Court","400002","Mumbai","Mumbai","Maharashtra"
"Causeway Colaba","400039","Mumbai","Mumbai","Maharashtra"
"Causeway Mahim","400016","Mumbai","Mumbai","Maharashtra"
"Causeway Road","400022","Mumbai","Mumbai","Maharashtra"
"Cavel Cross Lane","400002","Mumbai","Mumbai","Maharashtra"
"Caves Road","400060","Mumbai","Mumbai","Maharashtra"
"Cawasji Dhanti Baug","400062","Mumbai","Mumbai","Maharashtra"
"Cawasji Harmasji Street","400002","Mumbai","Mumbai","Maharashtra"
"Cawasji Patel Street","400001","Mumbai","Mumbai","Maharashtra"
"Cawasji Road","400005","Mumbai","Mumbai","Maharashtra"
"Ceaser Road 1To40","400058","Mumbai","Mumbai","Maharashtra"
"Cement Nagar","442502","Chandrapur","Chandrapur","Maharashtra"
"Central Avenue","400054","Mumbai","Mumbai","Maharashtra"
"Central Avenue Road","440018","Nagpur","Nagpur","Maharashtra"
"Central Bldg","415510","Satara","Satara","Maharashtra"
"Central Co Op Hsg Society","400028","Mumbai","Mumbai","Maharashtra"
"Central Excise Quarters","400074","Mumbai","Mumbai","Maharashtra"
"Central Govt Staff Colony","400037","Mumbai","Mumbai","Maharashtra"
"Central Govt Staff Colony","400086","Mumbai","Mumbai","Maharashtra"
"Central Govt Ware House","400037","Mumbai","Mumbai","Maharashtra"
"Central Labour Institute","400022","Mumbai","Mumbai","Maharashtra"
"Central Railway New Block","400012","Mumbai","Mumbai","Maharashtra"
"Central Railway Quarters","400014","Mumbai","Mumbai","Maharashtra"
"Central Railway Quarters","400071","Mumbai","Mumbai","Maharashtra"
"Central Railway Staff Co","400008","Mumbai","Mumbai","Maharashtra"
"Central Ralway Chawls","400010","Mumbai","Mumbai","Maharashtra"
"Central Road","400005","Mumbai","Mumbai","Maharashtra"
"Central Salset Trunk Road","400029","Mumbai","Mumbai","Maharashtra"
"Central Training Institute","400022","Mumbai","Mumbai","Maharashtra"
"Centuary Mills New Chawls","400025","Mumbai","Mumbai","Maharashtra"
"Chacha Nagar","400058","Mumbai","Mumbai","Maharashtra"
"Chacha Nagar","400060","Mumbai","Mumbai","Maharashtra"
"Chackala Village","400099","Mumbai","Mumbai","Maharashtra"
"Chafegalli","400070","Mumbai","Mumbai","Maharashtra"
"Chahardi","425434","Jalgaon","Jalgaon","Maharashtra"
"Chak Sahebachi Wadi","400052","Mumbai","Mumbai","Maharashtra"
"Chakala Midc","400093","Mumbai","Mumbai","Maharashtra"
"Chakala Rd","400069","Mumbai","Mumbai","Maharashtra"
"Chakala Rd","400099","Mumbai","Mumbai","Maharashtra"
"Chakan","410501","Pune","Chakan","Maharashtra"
"Chakla Street Cross Lane","400003","Mumbai","Mumbai","Maharashtra"
"Chakravarti Road","400101","Mumbai","Mumbai","Maharashtra"
"Chakur","413513","Latur","Latur","Maharashtra"
"Chalisgaon Bazar","424101","Jalgaon","Jalgaon","Maharashtra"
"Chalisgaon H O","424101","Jalgaon","Jalgaon","Maharashtra"
"Chalisgaon Town","424117","Jalgaon","Jalgaon","Maharashtra"
"Chamar Bang","400012","Mumbai","Mumbai","Maharashtra"
"Chamar Baug","400012","Mumbai","Mumbai","Maharashtra"
"Chamda Bazar","400017","Mumbai","Mumbai","Maharashtra"
"Chamorshi","442603","Chandrapur","Chandrapur","Maharashtra"
"Champagalli","400002","Mumbai","Mumbai","Maharashtra"
"Champawadi","400025","Mumbai","Mumbai","Maharashtra"
"Chana Street","400001","Mumbai","Mumbai","Maharashtra"
"Chanda","414606","Ahmednagar","Ahmednagar","Maharashtra"
"Chandan Wadi","400002","Mumbai","Mumbai","Maharashtra"
"Chandan Wadi","400002","Mumbai","Mumbai","Maharashtra"
"Chandani N","400037","Mumbai","Mumbai","Maharashtra"
"Chandarpur","442401","Chandrapur","Chandrapur","Maharashtra"
"Chandawakar Cross Lane","400019","Mumbai","Mumbai","Maharashtra"
"Chandawakar Road","400019","Mumbai","Mumbai","Maharashtra"
"Chandewadi","400004","Mumbai","Mumbai","Maharashtra"
"Chandgad","416509","Kolhapur","Kolhapur","Maharashtra"
"Chandhari Wadi","400028","Mumbai","Mumbai","Maharashtra"
"Chandi Bazar","400027","Mumbai","Mumbai","Maharashtra"
"Chandivli Road","400072","Mumbai","Mumbai","Maharashtra"
"Chandivli Village","400072","Mumbai","Mumbai","Maharashtra"
"Chandori","442201","Wardha","Wardha","Maharashtra"
"Chandra Chawk Lane 1To 8","400002","Mumbai","Mumbai","Maharashtra"
"Chandra Nagar","400078","Mumbai","Mumbai","Maharashtra"
"Chandrabala Estate","400050","Mumbai","Mumbai","Maharashtra"
"Chandrakant Dhuru Wadi","400028","Mumbai","Mumbai","Maharashtra"
"Chandrapur","442401","Chandrapur","Chandrapur","Maharashtra"
"Chandrapur Bapu Peth","442403","Chandrapur","Chandrapur","Maharashtra"
"Chandrapur City","442402","Chandrapur","Chandrapur","Maharashtra"
"Chandrapur Civil Lines","442401","Chandrapur","Chandrapur","Maharashtra"
"Chandrapur H O","442401","Chandrapur","Chandrapur","Maharashtra"
"Chandrapur Ordinance","423101","Nashik","Nashik","Maharashtra"
"Chandrawadi","400028","Mumbai","Mumbai","Maharashtra"
"Chandur","442908","Chandrapur","Chandrapur","Maharashtra"
"Chandur Bazar","444704","Amraoti","Amraoti","Maharashtra"
"Chandur Biswa","443401","Buldhana","Buldhana","Maharashtra"
"Chandur Vattikodu","444904","Amraoti","Amraoti","Maharashtra"
"Chandwad","423101","Nashik","Nashik","Maharashtra"
"Chandwarkar Lane","400092","Mumbai","Mumbai","Maharashtra"
"Changdeo","425315","Jalgaon","Jalgaon","Maharashtra"
"Changdev Nagar","413723","Ahmednagar","Ahmednagar","Maharashtra"
"Chankhamba","400070","Mumbai","Mumbai","Maharashtra"
"Chansala","431126","Beed","Beed","Maharashtra"
"Chapalgaon","413226","Sholapur","Sholapur","Maharashtra"
"Chapel Lane","400054","Mumbai","Mumbai","Maharashtra"
"Chapel Road","400050","Mumbai","Mumbai","Maharashtra"
"Chaphal","415520","Satara","Satara","Maharashtra"
"Chapra Chawl","400002","Mumbai","Mumbai","Maharashtra"
"Chapsi Dharsiwadi","400025","Mumbai","Mumbai","Maharashtra"
"Char Banglow","400058","Mumbai","Mumbai","Maharashtra"
"Char Coap","400067","Mumbai","Mumbai","Maharashtra"
"Char Coap Road","400067","Mumbai","Mumbai","Maharashtra"
"Char Lane","400012","Mumbai","Mumbai","Maharashtra"
"Charai","400071","Mumbai","Mumbai","Maharashtra"
"Charigaon","415120","Satara","Satara","Maharashtra"
"Charkoli B K","412112","Pune","Pune","Maharashtra"
"Chasnali","423604","Ahmednagar","Ahmednagar","Maharashtra"
"Chatni Mohalla","400004","Mumbai","Mumbai","Maharashtra"
"Chaubal Lane","400004","Mumbai","Mumbai","Maharashtra"
"Chaul","402203","Raigarh","Alibag","Maharashtra"
"Chaupati Market","400007","Mumbai","Mumbai","Maharashtra"
"Chaupati Sea Face","400007","Mumbai","Mumbai","Maharashtra"
"Chavri Galli","400052","Mumbai","Mumbai","Maharashtra"
"Check Naka","400065","Mumbai","Mumbai","Maharashtra"
"Check Naka","400068","Mumbai","Mumbai","Maharashtra"
"Chembur","400071","Mumbai","Mumbai","Maharashtra"
"Chembur Camp","400074","Mumbai","Mumbai","Maharashtra"
"Chembur Colony Buildings","400074","Mumbai","Mumbai","Maharashtra"
"Chembur Municipal Colony","400071","Mumbai","Mumbai","Maharashtra"
"Chembur Road","400070","Mumbai","Mumbai","Maharashtra"
"Chembur Road","400071","Mumbai","Mumbai","Maharashtra"
"Chemburkarwadi","400057","Mumbai","Mumbai","Maharashtra"
"Chenduphali Wadi","400071","Mumbai","Mumbai","Maharashtra"
"Chewool Wadi","400002","Mumbai","Mumbai","Maharashtra"
"Chhabildas Road","400028","Mumbai","Mumbai","Maharashtra"
"Chhabri Nagar","400067","Mumbai","Mumbai","Maharashtra"
"Chhaktewadi","400034","Mumbai","Mumbai","Maharashtra"
"Chhas Mohalla Kambekarstr","400003","Mumbai","Mumbai","Maharashtra"
"Chhatrapati Shivaji Mrj M","400057","Mumbai","Mumbai","Maharashtra"
"Chhatrapati Shivaji Road","400068","Mumbai","Mumbai","Maharashtra"
"Chhipi Chawl","400002","Mumbai","Mumbai","Maharashtra"
"Chhitabhai Patel Road","400101","Mumbai","Mumbai","Maharashtra"
"Chhota Sonapur","400008","Mumbai","Mumbai","Maharashtra"
"Chichondi Patil","414201","Ahmednagar","Ahmednagar","Maharashtra"
"Chikha Thana","431139","Aurangabad","Aurangabad","Maharashtra"
"Chikhaldara","444807","Amraoti","Chikhaldara","Maharashtra"
"Chikhali","416222","Kolhapur","Kolhapur","Maharashtra"
"Chikhalpada","400008","Mumbai","Mumbai","Maharashtra"
"Chikhalthana","431201","Aurangabad","Aurangabad","Maharashtra"
"Chikhalthana I A","431210","Aurangabad","Aurangabad","Maharashtra"
"Chikhalthana Indl","431201","Aurangabad","Aurangabad","Maharashtra"
"Chikhalwadi","400002","Mumbai","Mumbai","Maharashtra"
"Chikhda","441921","Bhandara","Bhandara","Maharashtra"
"Chikhli Buldana","443201","Buldhana","Buldhana","Maharashtra"
"Chikkuwadi","400069","Mumbai","Mumbai","Maharashtra"
"Chikurde","415412","Sangli","Sangli","Maharashtra"
"Chimatpada","400059","Mumbai","Mumbai","Maharashtra"
"Chimatpada Lane","400059","Mumbai","Mumbai","Maharashtra"
"Chimbai","400050","Mumbai","Mumbai","Maharashtra"
"Chimbhare","415213","Raigarh","Alibag","Maharashtra"
"Chimbharle","414702","Ahmednagar","Ahmednagar","Maharashtra"
"Chimna Butcher Street","400003","Mumbai","Mumbai","Maharashtra"
"Chimnabaiwadi","400025","Mumbai","Mumbai","Maharashtra"
"Chimnaji Ranoji Lane","400010","Mumbai","Mumbai","Maharashtra"
"Chimpur","442903","Chandrapur","Chandrapur","Maharashtra"
"Chimthan","425407","Dhule","Dhule","Maharashtra"
"Chin Atpatpada Road","400059","Mumbai","Mumbai","Maharashtra"
"China Compound","400008","Mumbai","Mumbai","Maharashtra"
"Chinaval","425505","Jalgaon","Jalgaon","Maharashtra"
"Chinch Bunder H O","400009","Mumbai","Mumbai","Maharashtra"
"Chinch Pada","400029","Mumbai","Mumbai","Maharashtra"
"Chinch Wadi","400050","Mumbai","Mumbai","Maharashtra"
"Chinch Wadi","400052","Mumbai","Mumbai","Maharashtra"
"Chinchani","401503","Thane","Chinchani","Maharashtra"
"Chincholi","400064","Mumbai","Mumbai","Maharashtra"
"Chincholi","413569","Osmanabad","Osmanabad","Maharashtra"
"Chincholi Limbaji","431147","Aurangabad","Aurangabad","Maharashtra"
"Chinchpada","425417","Dhule","Dhule","Maharashtra"
"Chinchpokli","400011","Mumbai","Mumbai","Maharashtra"
"Chinchpokli West","400011","Mumbai","Mumbai","Maharashtra"
"Chinchwad East","411019","Pune","Pune","Maharashtra"
"Chinchwadagaon","411033","Pune","Pune","Maharashtra"
"Chinchwadngaon","411033","Pune","Pune","Maharashtra"
"Chindi Bazar","400003","Mumbai","Mumbai","Maharashtra"
"Chiniwadi","400017","Mumbai","Mumbai","Maharashtra"
"Chinoy Colony","400049","Mumbai","Mumbai","Maharashtra"
"Chiplun Bazar","415605","Ratnagiri","Ratnagiri","Maharashtra"
"Chiplun H O","415605","Ratnagiri","Ratnagiri","Maharashtra"
"Chira Bazar","400002","Mumbai","Mumbai","Maharashtra"
"Chira Bazar Market","400002","Mumbai","Mumbai","Maharashtra"
"Chirner","410210","Raigarh","Alibag","Maharashtra"
"Chitra Camp A & B","400074","Mumbai","Mumbai","Maharashtra"
"Chitrakar Dhurandhar Marg","400052","Mumbai","Mumbai","Maharashtra"
"Chittaranjan","400057","Mumbai","Mumbai","Maharashtra"
"Chittaranjan Nagar","400077","Mumbai","Mumbai","Maharashtra"
"Chittaranjan Nagar","400077","Mumbai","Mumbai","Maharashtra"
"Chohotta","444125","Akola","Akola","Maharashtra"
"Choksi Bazar","400002","Mumbai","Mumbai","Maharashtra"
"Choksi Compound","400008","Mumbai","Mumbai","Maharashtra"
"Chonkar Wadi","400028","Mumbai","Mumbai","Maharashtra"
"Chonke","416605","Sindhudurg","Oras","Maharashtra"
"Chopada","425107","Jalgaon","Jalgaon","Maharashtra"
"Chor Bazar","400003","Mumbai","Mumbai","Maharashtra"
"Chor Lane","400012","Mumbai","Mumbai","Maharashtra"
"Chor Wadi","400011","Mumbai","Mumbai","Maharashtra"
"Chouki Mohalla","400008","Mumbai","Mumbai","Maharashtra"
"Christ Church Road","400008","Mumbai","Mumbai","Maharashtra"
"Christian Colony","400071","Mumbai","Mumbai","Maharashtra"
"Chuim Village","400052","Mumbai","Mumbai","Maharashtra"
"Chuma Bhatti","400016","Mumbai","Mumbai","Maharashtra"
"Chuna Bander","400010","Mumbai","Mumbai","Maharashtra"
"Chuna Bhatti","400008","Mumbai","Mumbai","Maharashtra"
"Chuna Bhatti","400017","Mumbai","Mumbai","Maharashtra"
"Chuna Bhatti","400033","Mumbai","Mumbai","Maharashtra"
"Chuna Bhatti","400054","Mumbai","Mumbai","Maharashtra"
"Chuna Bhatti","400068","Mumbai","Mumbai","Maharashtra"
"Chuna Bhatti","400070","Mumbai","Mumbai","Maharashtra"
"Chunam Lane","400007","Mumbai","Mumbai","Maharashtra"
"Chunarethi Bunder","400010","Mumbai","Mumbai","Maharashtra"
"Chunawala","400058","Mumbai","Mumbai","Maharashtra"
"Chunilal Giridharlal Road","400064","Mumbai","Mumbai","Maharashtra"
"Church Avenue","400054","Mumbai","Mumbai","Maharashtra"
"Church Gate","400020","Mumbai","Mumbai","Maharashtra"
"Church Gate Central Buildings","400020","Mumbai","Mumbai","Maharashtra"
"Church Gate Reclamation","400020","Mumbai","Mumbai","Maharashtra"
"Church Pakhadi","400057","Mumbai","Mumbai","Maharashtra"
"Church Road","400050","Mumbai","Mumbai","Maharashtra"
"Church Road","400056","Mumbai","Mumbai","Maharashtra"
"Church Road","400059","Mumbai","Mumbai","Maharashtra"
"Church Road","400070","Mumbai","Mumbai","Maharashtra"
"Church Street","400010","Mumbai","Mumbai","Maharashtra"
"Churi Wadi","400028","Mumbai","Mumbai","Maharashtra"
"Churu Wadi","400062","Mumbai","Mumbai","Maharashtra"
"Cidco Colony","441103","Nagpur","Nagpur","Maharashtra"
"Cinema Rd 4Th&5Th Rajawad","400086","Mumbai","Mumbai","Maharashtra"
"Cinema Road","400020","Mumbai","Mumbai","Maharashtra"
"Citizen Co Op Housing Society","400016","Mumbai","Mumbai","Maharashtra"
"Clarke Bunder Road","400010","Mumbai","Mumbai","Maharashtra"
"Clieda Nagar","400089","Mumbai","Mumbai","Maharashtra"
"Clive Cross Lane","400009","Mumbai","Mumbai","Maharashtra"
"Clive Road","400009","Mumbai","Mumbai","Maharashtra"
"Coal Bunder","400010","Mumbai","Mumbai","Maharashtra"
"Coal Bunder","400033","Mumbai","Mumbai","Maharashtra"
"Coal Dongri","400069","Mumbai","Mumbai","Maharashtra"
"Cochin Street","400038","Mumbai","Mumbai","Maharashtra"
"Coelho Wadi","400049","Mumbai","Mumbai","Maharashtra"
"Colaba","400005","Mumbai","Mumbai","Maharashtra"
"Colaba Ashwini","400005","Mumbai","Mumbai","Maharashtra"
"Colaba Bazar","400005","Mumbai","Mumbai","Maharashtra"
"Colaba Cross Lane","400005","Mumbai","Mumbai","Maharashtra"
"Colaba Dandi Rd Crosslane","400005","Mumbai","Mumbai","Maharashtra"
"Colaba Dandi Road","400005","Mumbai","Mumbai","Maharashtra"
"Colaba Dandi Road","400005","Mumbai","Mumbai","Maharashtra"
"Colaba Holiday Camp","400005","Mumbai","Mumbai","Maharashtra"
"Colaba Plot","400060","Mumbai","Mumbai","Maharashtra"
"Colaba South","400005","Mumbai","Mumbai","Maharashtra"
"Collavery Village Road","400029","Mumbai","Mumbai","Maharashtra"
"Collectors Chawl","400099","Mumbai","Mumbai","Maharashtra"
"Collectors Colony","400074","Mumbai","Mumbai","Maharashtra"
"Collectors Compound","400064","Mumbai","Mumbai","Maharashtra"
"College Lane","400028","Mumbai","Mumbai","Maharashtra"
"College Road Jogeshwari","400060","Mumbai","Mumbai","Maharashtra"
"College Wadi","400028","Mumbai","Mumbai","Maharashtra"
"Coly 1St To 5Th Lane","400005","Mumbai","Mumbai","Maharashtra"
"Coly 5Th Cross Lane","400005","Mumbai","Mumbai","Maharashtra"
"Commerce Centre","400034","Mumbai","Mumbai","Maharashtra"
"Comrade Harbanslal Marg","400022","Mumbai","Mumbai","Maharashtra"
"Congress House","400004","Mumbai","Mumbai","Maharashtra"
"Connaught Barracks","400005","Mumbai","Mumbai","Maharashtra"
"Convent Avenue","400054","Mumbai","Mumbai","Maharashtra"
"Convent Road","400050","Mumbai","Mumbai","Maharashtra"
"Convent Street","400039","Mumbai","Mumbai","Maharashtra"
"Cooper Compound","400004","Mumbai","Mumbai","Maharashtra"
"Cooper Street","400003","Mumbai","Mumbai","Maharashtra"
"Cooperage","400039","Mumbai","Mumbai","Maharashtra"
"Cooperage Football Ground","400021","Mumbai","Mumbai","Maharashtra"
"Cooperage Telephone Excha","400021","Mumbai","Mumbai","Maharashtra"
"Copper Smith Street","400010","Mumbai","Mumbai","Maharashtra"
"Cork Road","400027","Mumbai","Mumbai","Maharashtra"
"Corner Of Grant Road","400007","Mumbai","Mumbai","Maharashtra"
"Cottage Lane","400054","Mumbai","Mumbai","Maharashtra"
"Cotton Exchange","400033","Mumbai","Mumbai","Maharashtra"
"Cotton Green","400033","Mumbai","Mumbai","Maharashtra"
"Council Hall","400039","Mumbai","Mumbai","Maharashtra"
"Cplaba","400005","Mumbai","Mumbai","Maharashtra"
"Cpt Prakash Pethe Marg","400005","Mumbai","Mumbai","Maharashtra"
"Croft Lane","400054","Mumbai","Mumbai","Maharashtra"
"Cross Madian","400020","Mumbai","Mumbai","Maharashtra"
"Cross Madian Cross Rd No3","400020","Mumbai","Mumbai","Maharashtra"
"Cross Madian Cross Rd No4","400020","Mumbai","Mumbai","Maharashtra"
"Cumballa Hill Road","400026","Mumbai","Mumbai","Maharashtra"
"Cumballa Sea Face","400036","Mumbai","Mumbai","Maharashtra"
"Cumbatta Hill","400026","Mumbai","Mumbai","Maharashtra"
"Currimbhoy Road","400038","Mumbai","Mumbai","Maharashtra"
"Cusrow Baug","400039","Mumbai","Mumbai","Maharashtra"
"Custom Quarters","400019","Mumbai","Mumbai","Maharashtra"
"Custom Quarters","400074","Mumbai","Mumbai","Maharashtra"
"Cutchi Lohanwadi","400019","Mumbai","Mumbai","Maharashtra"
"Cutchi Memon Mohalla","400003","Mumbai","Mumbai","Maharashtra"
"Cutlery Bazar","400003","Mumbai","Mumbai","Maharashtra"
"Cutlery Bazar 226 Onwards","400002","Mumbai","Mumbai","Maharashtra"
"D D Thakarwadi","400028","Mumbai","Mumbai","Maharashtra"
"D G M P Sewri Wadala Esta","400015","Mumbai","Mumbai","Maharashtra"
"D Galli Panchayat Wadi","400002","Mumbai","Mumbai","Maharashtra"
"D Gopalkrishna Gokhale Road","400080","Mumbai","Mumbai","Maharashtra"
"D J Industrial Estate","400062","Mumbai","Mumbai","Maharashtra"
"D K C M Sussex Rd Towards","400027","Mumbai","Mumbai","Maharashtra"
"D K C Rd Aister Road","400027","Mumbai","Mumbai","Maharashtra"
"D K Marg","400027","Mumbai","Mumbai","Maharashtra"
"D L Vaidya Road","400028","Mumbai","Mumbai","Maharashtra"
"D M C","400016","Mumbai","Mumbai","Maharashtra"
"D M Nishaanpada Rdno1To69","400009","Mumbai","Mumbai","Maharashtra"
"D P Co Operative Hous Soc","400057","Mumbai","Mumbai","Maharashtra"
"D Road","400020","Mumbai","Mumbai","Maharashtra"
"D S B M Ash Lane Dadar Jo","400028","Mumbai","Mumbai","Maharashtra"
"D S High School","400022","Mumbai","Mumbai","Maharashtra"
"D S K A M Koldongri Rdno2","400069","Mumbai","Mumbai","Maharashtra"
"D S Lane","400002","Mumbai","Mumbai","Maharashtra"
"D V Pradhan Road","400019","Mumbai","Mumbai","Maharashtra"
"D Vachanalaya M Library Road","400028","Mumbai","Mumbai","Maharashtra"
"Dabda Galli Khadakstreet","400009","Mumbai","Mumbai","Maharashtra"
"Dabhadi","423201","Nashik","Nashik","Maharashtra"
"Dabhol","415706","Ratnagiri","Ratnagiri","Maharashtra"
"Dabholkar Wadi","400002","Mumbai","Mumbai","Maharashtra"
"Dabholkar Wadi","400050","Mumbai","Mumbai","Maharashtra"
"Dabholkar Wadi","400057","Mumbai","Mumbai","Maharashtra"
"Dabul","400052","Mumbai","Mumbai","Maharashtra"
"Dada Marg","416512","Sindhudurg","Oras","Maharashtra"
"Dadabhoy Chamarbagwala Rd","400012","Mumbai","Mumbai","Maharashtra"
"Dadabhoy Cross Lane","400054","Mumbai","Mumbai","Maharashtra"
"Dadabhoy Cross Road","400056","Mumbai","Mumbai","Maharashtra"
"Dadabhoy Navrojinagar","400058","Mumbai","Mumbai","Maharashtra"
"Dadabhoy Navrojinagar Rd","400058","Mumbai","Mumbai","Maharashtra"
"Dadabhoy Road","400056","Mumbai","Mumbai","Maharashtra"
"Dadabhoy Road","400058","Mumbai","Mumbai","Maharashtra"
"Dadaji Haraji Street","400028","Mumbai","Mumbai","Maharashtra"
"Dadar","402124","Raigarh","Alibag","Maharashtra"
"Dadar Colony","400014","Mumbai","Mumbai","Maharashtra"
"Dadar Cross Rd Compound","400028","Mumbai","Mumbai","Maharashtra"
"Dadar Dadasaheb","400014","Mumbai","Mumbai","Maharashtra"
"Dadar Gully","400002","Mumbai","Mumbai","Maharashtra"
"Dadar H O","400014","Mumbai","Mumbai","Maharashtra"
"Dadar Sorting Lane","400028","Mumbai","Mumbai","Maharashtra"
"Dadasaheb P Rd Dadar Main","400014","Mumbai","Mumbai","Maharashtra"
"Dadasaheb Parulekar Marg","400028","Mumbai","Mumbai","Maharashtra"
"Dadasaheb R Nagar","400066","Mumbai","Mumbai","Maharashtra"
"Dadhalpur","416402","Sangli","Sangli","Maharashtra"
"Dadi Industrial Estate","400068","Mumbai","Mumbai","Maharashtra"
"Dadishet Road","400064","Mumbai","Mumbai","Maharashtra"
"Dadoji Kondadeo Nagar","400099","Mumbai","Mumbai","Maharashtra"
"Dadv Sheth Agiary Lane","400002","Mumbai","Mumbai","Maharashtra"
"Dadv Sheth Agiary Lane","400006","Mumbai","Mumbai","Maharashtra"
"Dadv Sheth Road","400007","Mumbai","Mumbai","Maharashtra"
"Dady Santok Lane Chinabaz","400002","Mumbai","Mumbai","Maharashtra"
"Dady Sheth Agiary","400001","Mumbai","Mumbai","Maharashtra"
"Dady Sheth Cross Lane","400007","Mumbai","Mumbai","Maharashtra"
"Dady Sheth Hill","400036","Mumbai","Mumbai","Maharashtra"
"Dady Sheth Lane","400007","Mumbai","Mumbai","Maharashtra"
"Daftary Road","400064","Mumbai","Mumbai","Maharashtra"
"Dagdi Wadi","400028","Mumbai","Mumbai","Maharashtra"
"Dagina Bazar","400002","Mumbai","Mumbai","Maharashtra"
"Dahanu","401601","Thane","Dahanu","Maharashtra"
"Dahanu Road","401602","Thane","Thane","Maharashtra"
"Dahanukar Colony","400067","Mumbai","Mumbai","Maharashtra"
"Dahanukar Wadi","400067","Mumbai","Mumbai","Maharashtra"
"Dahegaon Gosavi","442110","Wardha","Wardha","Maharashtra"
"Dahigaon","425323","Jalgaon","Jalgaon","Maharashtra"
"Dahigaon","413122","Solapur","Solapur","Maharashtra"
"Dahihanda","444111","Amraoti","Amraoti","Maharashtra"
"Dahisar","400068","Mumbai","Mumbai","Maharashtra"
"Dahiwad","423116","Nashik","Nashik","Maharashtra"
"Dahiwadi","425438","Dhule","Dhule","Maharashtra"
"Dahiwadi","415508","Satara","Satara","Maharashtra"
"Dahiwalkar Wadi","400014","Mumbai","Mumbai","Maharashtra"
"Dairy Hill Road","400065","Mumbai","Mumbai","Maharashtra"
"Dajipeth","413005","Sholapur","Sholapur","Maharashtra"
"Dalal Estate","400008","Mumbai","Mumbai","Maharashtra"
"Dalal Street","400023","Mumbai","Mumbai","Maharashtra"
"Dalimb","413606","Osmanabad","Osmanabad","Maharashtra"
"Dalit Hitavardak Hsg Society","400051","Mumbai","Mumbai","Maharashtra"
"Dalmal Park","400005","Mumbai","Mumbai","Maharashtra"
"Dalvi Road","400068","Mumbai","Mumbai","Maharashtra"
"Dalvi Wadi","400063","Mumbai","Mumbai","Maharashtra"
"Dambar Cross Lane","400007","Mumbai","Mumbai","Maharashtra"
"Dambar Lane","400007","Mumbai","Mumbai","Maharashtra"
"Damber Gulli","400009","Mumbai","Mumbai","Maharashtra"
"Damodai Karanwadi","400028","Mumbai","Mumbai","Maharashtra"
"Damodar Mhatre Road","400067","Mumbai","Mumbai","Maharashtra"
"Damodar Thakersey Hall","400012","Mumbai","Mumbai","Maharashtra"
"Damodar Wadi","400028","Mumbai","Mumbai","Maharashtra"
"Damu Pada","400101","Mumbai","Mumbai","Maharashtra"
"Dana Bunder","400009","Mumbai","Mumbai","Maharashtra"
"Danda Koliwada","400052","Mumbai","Mumbai","Maharashtra"
"Danda Kotpada","400052","Mumbai","Mumbai","Maharashtra"
"Danda Madhlapada","400052","Mumbai","Mumbai","Maharashtra"
"Danda Road","400052","Mumbai","Mumbai","Maharashtra"
"Danda Varinapda","400052","Mumbai","Mumbai","Maharashtra"
"Danda Village","400052","Mumbai","Mumbai","Maharashtra"
"Dandapada Village","400052","Mumbai","Mumbai","Maharashtra"
"Dandi Colaba","400005","Mumbai","Mumbai","Maharashtra"
"Dangaon","444712","Amraoti","Amraoti","Maharashtra"
"Dapcheri","401610","Thane","Thane","Maharashtra"
"Dapodi","411012","Pune","Pune","Maharashtra"
"Dapoli","415712","Ratnagiri","Ratnagiri","Maharashtra"
"Darabshow Road","400036","Mumbai","Mumbai","Maharashtra"
"Darabshow Road Old Dubhas","400004","Mumbai","Mumbai","Maharashtra"
"Darakhi Road","400078","Mumbai","Mumbai","Maharashtra"
"Darapur","444814","Amraoti","Amraoti","Maharashtra"
"Dargah Mohalla","400016","Mumbai","Mumbai","Maharashtra"
"Dargah Street","400016","Mumbai","Mumbai","Maharashtra"
"Darukhana Lanes","400010","Mumbai","Mumbai","Maharashtra"
"Daruwalla Compound","400008","Mumbai","Mumbai","Maharashtra"
"Daruwalla Compound","400064","Mumbai","Mumbai","Maharashtra"
"Darwha","445202","Yeotamal","Darwha","Maharashtra"
"Darya Mohalla","400016","Mumbai","Mumbai","Maharashtra"
"Daryapur","444803","Amraoti","Amraoti","Maharashtra"
"Daryastan Galli","400003","Mumbai","Mumbai","Maharashtra"
"Dasgaon","402102","Raigarh","Alibag","Maharashtra"
"Dashrathlal Joshi Road Juhu","400056","Mumbai","Mumbai","Maharashtra"
"Datala","443102","Buldhana","Buldhana","Maharashtra"
"Datar Colony Road","400078","Mumbai","Mumbai","Maharashtra"
"Dathi Narayan Mhatre Road","400092","Mumbai","Mumbai","Maharashtra"
"Datta Apte Bldg 1 To 4","400052","Mumbai","Mumbai","Maharashtra"
"Datta Mandir Road Bhandup","400078","Mumbai","Mumbai","Maharashtra"
"Datta Mandir Road Malad","400064","Mumbai","Mumbai","Maharashtra"
"Datta Mandir Road Vakola","400055","Mumbai","Mumbai","Maharashtra"
"Datta Nagar","416120","Kolhapur","Kolhapur","Maharashtra"
"Datta Pada","400066","Mumbai","Mumbai","Maharashtra"
"Datta Tekdi","400060","Mumbai","Mumbai","Maharashtra"
"Datta Temple Road","400067","Mumbai","Mumbai","Maharashtra"
"Datta Wadi","400028","Mumbai","Mumbai","Maharashtra"
"Dattapada Road","400066","Mumbai","Mumbai","Maharashtra"
"Dattaram Lad Marg Hindmat","400012","Mumbai","Mumbai","Maharashtra"
"Dattaram Lad Path Kalecho","400033","Mumbai","Mumbai","Maharashtra"
"Dattaraya Krishna Sandu","400071","Mumbai","Mumbai","Maharashtra"
"Dattaraya Nagar","400086","Mumbai","Mumbai","Maharashtra"
"Dattatraya Road","400054","Mumbai","Mumbai","Maharashtra"
"Dattawad","416107","Kolhapur","Kolhapur","Maharashtra"
"Daulat Nagar","415211","Satara","Satara","Maharashtra"
"Daund","413801","Pune","Daund","Maharashtra"
"Dauri Nagar","400055","Mumbai","Mumbai","Maharashtra"
"Davaniwada","441604","Bhandara","Bhandara","Maharashtra"
"Dawood Baug","400008","Mumbai","Mumbai","Maharashtra"
"Dawood Baug","400058","Mumbai","Mumbai","Maharashtra"
"Dawood Baug Road","400058","Mumbai","Mumbai","Maharashtra"
"Dawood Ismail Compound","400010","Mumbai","Mumbai","Maharashtra"
"Dayabhai Compound","400064","Mumbai","Mumbai","Maharashtra"
"Dayaldas Road","400057","Mumbai","Mumbai","Maharashtra"
"Dayapur Town","444803","Amraoti","Amraoti","Maharashtra"
"Decca Film Institute","411004","Pune","Pune","Maharashtra"
"Deccan Ex-Service Men Col","411004","Pune","Pune","Maharashtra"
"Deccan Gymkhana","411004","Pune","Pune","Maharashtra"
"Ded Gaon","443306","Buldhana","Buldhana","Maharashtra"
"Deep Nagar","425307","Jalgaon","Jalgaon","Maharashtra"
"Deep Narayan Road","400068","Mumbai","Mumbai","Maharashtra"
"Degloor","431717","Nanded","Nanded","Maharashtra"
"Dehu Road","412109","Pune","Pune","Maharashtra"
"Dehu Road","412113","Pune","Pune","Maharashtra"
"Dehu Road Cantt","412101","Pune","Pune","Maharashtra"
"Delima Colony","400099","Mumbai","Mumbai","Maharashtra"
"Delisle Ephinstone Road","400013","Mumbai","Mumbai","Maharashtra"
"Delisle Road","400013","Mumbai","Mumbai","Maharashtra"
"Denkavliwadi","400028","Mumbai","Mumbai","Maharashtra"
"Deodhar Road","400019","Mumbai","Mumbai","Maharashtra"
"Deodhe","416712","Ratnagiri","Ratnagiri","Maharashtra"
"Deogaon","422307","Nashik","Nashik","Maharashtra"
"Deogaon","413243","Sholapur","Sholapur","Maharashtra"
"Deogaon Ranian","431115","Aurangabad","Aurangabad","Maharashtra"
"Deolali","422401","Nashik","Deolali","Maharashtra"
"Deolali Air Force","422501","Nashik","Nashik","Maharashtra"
"Deolali Bazar","422501","Nashik","Nashik","Maharashtra"
"Deolali School Artilary","422501","Nashik","Nashik","Maharashtra"
"Deolapur","441408","Nagpur","Nagpur","Maharashtra"
"Deole","415807","Ratnagiri","Ratnagiri","Maharashtra"
"Deolgaon Raja","443204","Buldhana","Buldhana","Maharashtra"
"Deoli","442101","Wardha","Deoli","Maharashtra"
"Deoni","413519","Latur","Latur","Maharashtra"
"Deori","441901","Bhandara","Bhandara","Maharashtra"
"Desaigunj","441207","Chandrapur","Chandrapur","Maharashtra"
"Deshmukhwadi","400081","Mumbai","Chalisgaon","Maharashtra"
"Deul Gaon Ghai","443105","Buldhana","Buldhana","Maharashtra"
"Deul Gaon Mahi","443206","Buldhana","Buldhana","Maharashtra"
"Deulgaon Mali","443306","Buldhana","Buldhana","Maharashtra"
"Deulwada Nerur","416525","Sindhudurg","Oras","Maharashtra"
"Devache Gothane","416710","Ratnagiri","Ratnagiri","Maharashtra"
"Deval Pada","400066","Mumbai","Mumbai","Maharashtra"
"Devashar Lane","400077","Mumbai","Mumbai","Maharashtra"
"Devchand Nagar","400064","Mumbai","Mumbai","Maharashtra"
"Devgad","416613","Sindhudurg","Oras","Maharashtra"
"Devgaon","425112","Jalgaon","Jalgaon","Maharashtra"
"Devi Ahilyabai Holkarchow","400020","Mumbai","Mumbai","Maharashtra"
"Devidas Lane","400103","Mumbai","Mumbai","Maharashtra"
"Devidayal Compound","400010","Mumbai","Mumbai","Maharashtra"
"Devidayal Road","400080","Mumbai","Mumbai","Maharashtra"
"Devipada","400092","Mumbai","Mumbai","Maharashtra"
"Devji Bhirji Road","400067","Mumbai","Mumbai","Maharashtra"
"Devji Dharshiwadi","400025","Mumbai","Mumbai","Maharashtra"
"Devji Ratansi Marg Baorch","400009","Mumbai","Mumbai","Maharashtra"
"Devkaran Nanji Wadi","400002","Mumbai","Mumbai","Maharashtra"
"Devkulewadi","400028","Mumbai","Mumbai","Maharashtra"
"Devla","423102","Nashik","Nashik","Maharashtra"
"Devlai Pravara","413716","Ahmednagar","Ahmednagar","Maharashtra"
"Devlpada","400066","Mumbai","Mumbai","Maharashtra"
"Devnar Lane","400077","Mumbai","Mumbai","Maharashtra"
"Devnar Muncipal Chawls","400074","Mumbai","Mumbai","Maharashtra"
"Devnar Village","400074","Mumbai","Mumbai","Maharashtra"
"Devrashtra","415303","Sangli","Sangli","Maharashtra"
"Devrukh","415804","Ratnagiri","Ratnagiri","Maharashtra"
"Dhad","443106","Buldhana","Buldhana","Maharashtra"
"Dhalgaon","416403","Sangli","Sangli","Maharashtra"
"Dhamanand","415718","Ratnagiri","Ratnagiri","Maharashtra"
"Dhamangaon","444717","Amraoti","Amraoti","Maharashtra"
"Dhamangaon Bada","443104","Buldhana","Buldhana","Maharashtra"
"Dhamangaon R S","444709","Amraoti","Amraoti","Maharashtra"
"Dhamari","423607","Ahmednagar","Ahmednagar","Maharashtra"
"Dhamni","410508","Pune","Pune","Maharashtra"
"Dhanara","425450","Dhule","Dhule","Maharashtra"
"Dhandalphal","422603","Ahmednagar","Ahmednagar","Maharashtra"
"Dhandipura","431122","Beed","Beed","Maharashtra"
"Dhank Wadi","411043","Pune","Pune","Maharashtra"
"Dhanki","445207","Yeotamal","Yeotamal","Maharashtra"
"Dhapewada","441503","Nagpur","Nagpur","Maharashtra"
"Dharangaon","443112","Buldhana","Dharangaon","Maharashtra"
"Dharangaon","425105","Jalgaon","Jalgaon","Maharashtra"
"Dharavi","400017","Mumbai","Mumbai","Maharashtra"
"Dharavi Koliwada","400017","Mumbai","Mumbai","Maharashtra"
"Dharavi Road","400017","Mumbai","Mumbai","Maharashtra"
"Dharmabad","431809","Nanded","Dharmabad","Maharashtra"
"Dharni","444702","Amraoti","Amraoti","Maharashtra"
"Dhasai","421402","Thane","Thane","Maharashtra"
"Dhebewadi","415112","Satara","Satara","Maharashtra"
"Dhoki","413508","Osmanabad","Osmanabad","Maharashtra"
"Dhondopant Ramji Vavaskar","400050","Mumbai","Mumbai","Maharashtra"
"Dhorwadi","400017","Mumbai","Mumbai","Maharashtra"
"Dhosabhai","400010","Mumbai","Mumbai","Maharashtra"
"Dhule","424004","Dhule","Dhule","Maharashtra"
"Dhule Chaini Road","424001","Dhule","Dhule","Maharashtra"
"Dhule City","424001","Dhule","Dhule","Maharashtra"
"Dhule Collectorate","424001","Dhule","Dhule","Maharashtra"
"Dhule Devpur","424002","Dhule","Dhule","Maharashtra"
"Dhule H O","424001","Dhule","Dhule","Maharashtra"
"Dhule Jaihind Colony","424002","Dhule","Dhule","Maharashtra"
"Dhule N P Mills","424001","Dhule","Dhule","Maharashtra"
"Dhule Station Roa","424001","Dhule","Dhule","Maharashtra"
"Dhule Station Road","424003","Dhule","Dhule","Maharashtra"
"Dhun Mill Naka","400025","Mumbai","Mumbai","Maharashtra"
"Dhuru Nagar","400055","Mumbai","Mumbai","Maharashtra"
"Dhuru Wadi","400028","Mumbai","Mumbai","Maharashtra"
"Dhus Wadi","400002","Mumbai","Mumbai","Maharashtra"
"Dhus Wadi","400002","Mumbai","Mumbai","Maharashtra"
"Dias Compound","400060","Mumbai","Mumbai","Maharashtra"
"Dias Wadi","400028","Mumbai","Mumbai","Maharashtra"
"Dighanchi","415315","Sangli","Sangli","Maharashtra"
"Dighi Camp","411015","Pune","Pune","Maharashtra"
"Dighi Vishrantwadi","411015","Pune","Pune","Maharashtra"
"Dighori","441805","Bhandara","Bhandara","Maharashtra"
"Digraj Kasba","416305","Sangli","Sangli","Maharashtra"
"Digras","445203","Yeotamal","Digras","Maharashtra"
"Diksal Mol","415504","Satara","Satara","Maharashtra"
"Dimbhe Colony","410509","Pune","Pune","Maharashtra"
"Dimtikar Rd Belhasisrdpar","400008","Mumbai","Mumbai","Maharashtra"
"Dinbhai Petit Street","400007","Mumbai","Mumbai","Maharashtra"
"Dindori","422202","Nashik","Nashik","Maharashtra"
"Dindoshi Road","400062","Mumbai","Mumbai","Maharashtra"
"Dindroad","431128","Beed","Beed","Maharashtra"
"Dinkarbhai Desai Road","400065","Mumbai","Mumbai","Maharashtra"
"Dinshaw Compound","400036","Mumbai","Mumbai","Maharashtra"
"Dinshaw Master Road","400014","Mumbai","Mumbai","Maharashtra"
"Dinshaw Mulla Road","400020","Mumbai","Mumbai","Maharashtra"
"Dinshaw Petit Marg","400033","Mumbai","Mumbai","Maharashtra"
"Dinshaw Wachha Road","400020","Mumbai","Mumbai","Maharashtra"
"Dipak Wadi","400051","Mumbai","Mumbai","Maharashtra"
"Dipty Society","400101","Mumbai","Mumbai","Maharashtra"
"District Local Board","400080","Mumbai","Mumbai","Maharashtra"
"Diveagal","402404","Raigarh","Alibag","Maharashtra"
"Diwadkarwadi","400004","Mumbai","Mumbai","Maharashtra"
"Dixit Cross Road","400057","Mumbai","Mumbai","Maharashtra"
"Dixit Extension Road","400057","Mumbai","Mumbai","Maharashtra"
"Dixit Road","400057","Mumbai","Mumbai","Maharashtra"
"Dlima Street","400010","Mumbai","Mumbai","Maharashtra"
"Dmello Compound","400055","Mumbai","Mumbai","Maharashtra"
"Dmonte Park Road","400050","Mumbai","Mumbai","Maharashtra"
"Dmonte Street","400050","Mumbai","Mumbai","Maharashtra"
"Dnyan Mandir Road","400028","Mumbai","Mumbai","Maharashtra"
"Dnyaneshwar Mandir Road","400028","Mumbai","Mumbai","Maharashtra"
"Dock Labour Board Colony","400033","Mumbai","Mumbai","Maharashtra"
"Dockyard Road","400010","Mumbai","Mumbai","Maharashtra"
"Dockyard Road Cross Lane","400010","Mumbai","Mumbai","Maharashtra"
"Doka Lane","400002","Mumbai","Mumbai","Maharashtra"
"Dolkar Street","400010","Mumbai","Mumbai","Maharashtra"
"Dombivali Industrial Estate","421203","Thane","Thane","Maharashtra"
"Domestic Quarters Airport","400057","Mumbai","Mumbai","Maharashtra"
"Domnic Colony","400064","Mumbai","Mumbai","Maharashtra"
"Domnic Road","400050","Mumbai","Mumbai","Maharashtra"
"Don Hatti","400004","Mumbai","Mumbai","Maharashtra"
"Dondalicha R S","425408","Dhule","Dhule","Maharashtra"
"Dongaon","443303","Buldhana","Buldhana","Maharashtra"
"Dongarsi Road","400006","Mumbai","Mumbai","Maharashtra"
"Dongre Baug","400028","Mumbai","Mumbai","Maharashtra"
"Dongre Lane","400070","Mumbai","Mumbai","Maharashtra"
"Dongri Cross Lane","400009","Mumbai","Mumbai","Maharashtra"
"Dongri Market","400009","Mumbai","Mumbai","Maharashtra"
"Dontad Cross Lane","400009","Mumbai","Mumbai","Maharashtra"
"Dontad Street","400009","Mumbai","Mumbai","Maharashtra"
"Doshi Wadi","400086","Mumbai","Mumbai","Maharashtra"
"Dpenna Wadi","400028","Mumbai","Mumbai","Maharashtra"
"Dr A.B.Road","400018","Mumbai","Mumbai","Maharashtra"
"Dr Ambedkar Cross Road","400017","Mumbai","Mumbai","Maharashtra"
"Dr Ambedkar Marg","402404","Raigarh","Alibag","Maharashtra"
"Dr Ambedkar Road","400080","Mumbai","Mumbai","Maharashtra"
"Dr Anand Rao L.Nair Road","400008","Mumbai","Mumbai","Maharashtra"
"Dr Anandao Nair Road","400011","Mumbai","Mumbai","Maharashtra"
"Dr Anne Besant Roadd","400018","Mumbai","Mumbai","Maharashtra"
"Dr Atmaram Merchant Road","400002","Mumbai","Mumbai","Maharashtra"
"Dr Atmaram Ramachandra Road","400007","Mumbai","Mumbai","Maharashtra"
"Dr Babasaheb Ambedkar Road","400012","Mumbai","Mumbai","Maharashtra"
"Dr Babasaheb Ambedkar Road","400014","Mumbai","Mumbai","Maharashtra"
"Dr Babasaheb Ambedkar Road","400019","Mumbai","Mumbai","Maharashtra"
"Dr Babasaheb Ambedkar Road","400027","Mumbai","Mumbai","Maharashtra"
"Dr Babasaheb Ambedkar Road","400033","Mumbai","Mumbai","Maharashtra"
"Dr Babasaheb Ambedkar Road","400052","Mumbai","Mumbai","Maharashtra"
"Dr Babasaheb Jaykar Marg","400002","Mumbai","Mumbai","Maharashtra"
"Dr Batliwala Road","400012","Mumbai","Mumbai","Maharashtra"
"Dr Bhagwanlal Indraji Road","400006","Mumbai","Mumbai","Maharashtra"
"Dr Bhajekar Street","400004","Mumbai","Mumbai","Maharashtra"
"Dr Bhalerao Marg","400004","Mumbai","Mumbai","Maharashtra"
"Dr Bhalerao Marg","400008","Mumbai","Mumbai","Maharashtra"
"Dr Bhatarvdekar Wadi","400004","Mumbai","Mumbai","Maharashtra"
"Dr Cawasji Hormusji Street","400002","Mumbai","Mumbai","Maharashtra"
"Dr Choitram P Gidwani Rd","400071","Mumbai","Mumbai","Maharashtra"
"Dr Compound","400012","Mumbai","Mumbai","Maharashtra"
"Dr D.D.Sathe Marg","400004","Mumbai","Mumbai","Maharashtra"
"Dr Dadabhoy Nawroji Road","400001","Mumbai","Mumbai","Maharashtra"
"Dr Dadasaheb Bhadkamkar M","400004","Mumbai","Mumbai","Maharashtra"
"Dr Dadasaheb Bhadkamkar M","400007","Mumbai","Mumbai","Maharashtra"
"Dr Dalvi Road","400067","Mumbai","Mumbai","Maharashtra"
"Dr Deshmukh Lane","400004","Mumbai","Mumbai","Maharashtra"
"Dr Dhamaji Plors","400077","Mumbai","Mumbai","Maharashtra"
"Dr Dinshaw Dastur Wadi","400014","Mumbai","Mumbai","Maharashtra"
"Dr Dinshaw Master Road","400014","Mumbai","Mumbai","Maharashtra"
"Dr Dmonte Wadi","400050","Mumbai","Mumbai","Maharashtra"
"Dr Dsilva Road","400028","Mumbai","Mumbai","Maharashtra"
"Dr Dsilva Wadi","400016","Mumbai","Mumbai","Maharashtra"
"Dr E.Mozes Road","400011","Mumbai","Mumbai","Maharashtra"
"Dr E.Mozes Road","400018","Mumbai","Mumbai","Maharashtra"
"Dr E.Mozes Road","400027","Mumbai","Mumbai","Maharashtra"
"Dr G.M.Bhosle Marg","400018","Mumbai","Mumbai","Maharashtra"
"Dr Gajanan D. Purandare M","400007","Mumbai","Mumbai","Maharashtra"
"Dr Gajanan Dharmaji Dande","400016","Mumbai","Mumbai","Maharashtra"
"Dr Ghanti Road","400014","Mumbai","Mumbai","Maharashtra"
"Dr Gilder Compound","400026","Mumbai","Mumbai","Maharashtra"
"Dr Gopalrac Deshmukh Marg","400026","Mumbai","Mumbai","Maharashtra"
"Dr Gopalrao Deshmukh Marg","400026","Mumbai","Mumbai","Maharashtra"
"Dr Gopalrao Deshmukh Marg","400036","Mumbai","Mumbai","Maharashtra"
"Dr Homi Bhabha Road","400005","Mumbai","Mumbai","Maharashtra"
"Dr Jawale Wadi","400008","Mumbai","Mumbai","Maharashtra"
"Dr K.A.Hamid Chowk","400008","Mumbai","Mumbai","Maharashtra"
"Dr Karanjia Road","400099","Mumbai","Mumbai","Maharashtra"
"Dr Kashibai Navrange Marg","400008","Mumbai","Mumbai","Maharashtra"
"Dr Leela Melville Marg","400010","Mumbai","Mumbai","Maharashtra"
"Dr M.B.Raut Road","400028","Mumbai","Mumbai","Maharashtra"
"Dr M.B.Velkar Street","400002","Mumbai","Mumbai","Maharashtra"
"Dr M.C.Javle Marg","400028","Mumbai","Mumbai","Maharashtra"
"Dr M.S.Prabhu Chowk","400026","Mumbai","Mumbai","Maharashtra"
"Dr Maheshwari Road","400009","Mumbai","Mumbai","Maharashtra"
"Dr Manubhai P.Vaidya Marg","400077","Mumbai","Mumbai","Maharashtra"
"Dr Mascarenhas Road","400010","Mumbai","Mumbai","Maharashtra"
"Dr Mitrasen G. Mahimture","400004","Mumbai","Mumbai","Maharashtra"
"Dr Mohamed Iqbal Chowk","400008","Mumbai","Mumbai","Maharashtra"
"Dr N.A.Purandare Road","400007","Mumbai","Mumbai","Maharashtra"
"Dr N.B.Parulekar Marg","400025","Mumbai","Mumbai","Maharashtra"
"Dr N.Singh Road","400010","Mumbai","Mumbai","Maharashtra"
"Dr Nagindas Shah Marg","400002","Mumbai","Mumbai","Maharashtra"
"Dr P.G.Solanki Path","400007","Mumbai","Mumbai","Maharashtra"
"Dr Rajabali Patel Road","400026","Mumbai","Mumbai","Maharashtra"
"Dr Rajendra Prasad Road","400080","Mumbai","Mumbai","Maharashtra"
"Dr S.S.Rao Road","400012","Mumbai","Mumbai","Maharashtra"
"Dr Shahir Gali","400026","Mumbai","Mumbai","Maharashtra"
"Dr Shamprasad Mukarji Cho","400039","Mumbai","Mumbai","Maharashtra"
"Dr Shirodkar Road","400012","Mumbai","Mumbai","Maharashtra"
"Dr Subash Cross Lane","400004","Mumbai","Mumbai","Maharashtra"
"Dr V.B.Gandhi Marg","400023","Mumbai","Mumbai","Maharashtra"
"Dr V.Raghunath Marg","400050","Mumbai","Mumbai","Maharashtra"
"Dr Vaigas Wadi","400016","Mumbai","Mumbai","Maharashtra"
"Dr Vasant J.Rath Marg","400016","Mumbai","Mumbai","Maharashtra"
"Dr Vigas Street","400002","Mumbai","Mumbai","Maharashtra"
"Dr Vikram Sarabhai Bridge","400006","Mumbai","Mumbai","Maharashtra"
"Dr Wilsen Street","400004","Mumbai","Mumbai","Maharashtra"
"Dr Wilson Street","400004","Mumbai","Mumbai","Maharashtra"
"Ds S","400003","Mumbai","Mumbai","Maharashtra"
"Dsilva Road","400028","Mumbai","Mumbai","Maharashtra"
"Dsilva Wadi","400025","Mumbai","Mumbai","Maharashtra"
"Dsilva Wadi","400068","Mumbai","Mumbai","Maharashtra"
"Dsouza Street Cross Lane","400003","Mumbai","Mumbai","Maharashtra"
"Dubash Estate Lane","400005","Mumbai","Mumbai","Maharashtra"
"Dubash Lane 1St & 2Nd","400004","Mumbai","Mumbai","Maharashtra"
"Dubash Market","400002","Mumbai","Mumbai","Maharashtra"
"Dudh Gally","400001","Mumbai","Mumbai","Maharashtra"
"Dudhani","413220","Sholapur","Dudhani","Maharashtra"
"Dudhganga Nagar","416231","Kolhapur","Kolhapur","Maharashtra"
"Dudhgaon","416315","Sangli","Sangli","Maharashtra"
"Dudhna Industrial Estate","400068","Mumbai","Mumbai","Maharashtra"
"Dukkar Bazar","400002","Mumbai","Mumbai","Maharashtra"
"Dumayne Road","400005","Mumbai","Mumbai","Maharashtra"
"Duncan Cross Road 1St","400008","Mumbai","Mumbai","Maharashtra"
"Duncan Cross Road 2Nd","400003","Mumbai","Mumbai","Maharashtra"
"Duncan Rd Cross Lane","400004","Mumbai","Mumbai","Maharashtra"
"Dundge","416501","Kolhapur","Kolhapur","Maharashtra"
"Dunga Nagar","400060","Mumbai","Mumbai","Maharashtra"
"Dungarwadi","400036","Mumbai","Mumbai","Maharashtra"
"Dungri Muncipal Market","400009","Mumbai","Mumbai","Maharashtra"
"Dunkirk Line","411014","Pune","Pune","Maharashtra"
"Durgadevi Street","400004","Mumbai","Mumbai","Maharashtra"
"Durgadevi Udyan","400004","Mumbai","Mumbai","Maharashtra"
"Durgwada","444112","Akola","Akola","Maharashtra"
"Dusarbid","443308","Buldhana","Buldhana","Maharashtra"
"Dusk Lane","400006","Mumbai","Mumbai","Maharashtra"
"Duxbury Lane","400005","Mumbai","Mumbai","Maharashtra"
"Duxbury Ward","400102","Mumbai","Mumbai","Maharashtra"
"Dwarkadas Cross Lane","400001","Mumbai","Mumbai","Maharashtra"
"Dwarkadas Street","400001","Mumbai","Mumbai","Maharashtra"
"Dwarkesh Galli","400002","Mumbai","Mumbai","Maharashtra"
"E.N.T.Municipal Hospital","400001","Mumbai","Mumbai","Maharashtra"
"E.Road","400020","Mumbai","Mumbai","Maharashtra"
"E.S.I.Corporation Hospita","400101","Mumbai","Mumbai","Maharashtra"
"E.S.Patanwala Cross Road","400033","Mumbai","Mumbai","Maharashtra"
"E.S.Patanwala Marg","400027","Mumbai","Mumbai","Maharashtra"
"E.S.Patanwala Marg","400033","Mumbai","Mumbai","Maharashtra"
"Earnest House","400021","Mumbai","Mumbai","Maharashtra"
"Earth Stn","412415","Pune","Pune","Maharashtra"
"East Gavthan","400057","Mumbai","Mumbai","Maharashtra"
"East Gross Lane","400054","Mumbai","Mumbai","Maharashtra"
"Eastern Express Highway Road","400022","Mumbai","Mumbai","Maharashtra"
"Ebrahim Mohmed Merchant Road","400003","Mumbai","Mumbai","Maharashtra"
"Ebrahim Mohmed Merchant Road","400009","Mumbai","Mumbai","Maharashtra"
"Ebrahim Rahimutulla Road","400003","Mumbai","Mumbai","Maharashtra"
"Edalabad","425306","Jalgaon","Jalgaon","Maharashtra"
"Eknath Balaji Wadi","400028","Mumbai","Mumbai","Maharashtra"
"Eksar Madian","400051","Mumbai","Mumbai","Maharashtra"
"Eksar Road","400092","Mumbai","Mumbai","Maharashtra"
"Eksar Village","400103","Mumbai","Mumbai","Maharashtra"
"Ellova","431102","Aurangabad","Aurangabad","Maharashtra"
"Elphanta Island","400001","Mumbai","Mumbai","Maharashtra"
"Elphinstone Bridge Cross","400009","Mumbai","Mumbai","Maharashtra"
"Elphinstone College","400032","Mumbai","Mumbai","Maharashtra"
"Elphistone Market","400012","Mumbai","Mumbai","Maharashtra"
"Embassy Centre","400021","Mumbai","Mumbai","Maharashtra"
"Engineering College","431102","Aurangabad","Aurangabad","Maharashtra"
"Engineering College Nag","440011","Nagpur","Nagpur","Maharashtra"
"Eqphrates Avenue","400005","Mumbai","Mumbai","Maharashtra"
"Erandol","425109","Jalgaon","Erandol","Maharashtra"
"Erukshaw Hakim Road","400007","Mumbai","Mumbai","Maharashtra"
"Essaji Street","400003","Mumbai","Mumbai","Maharashtra"
"Esso Nagar East & West","400074","Mumbai","Mumbai","Maharashtra"
"Ex Serviceman","411038","Pune","Pune","Maharashtra"
"Excel Estate","400062","Mumbai","Mumbai","Maharashtra"
"Express Towers","400021","Mumbai","Mumbai","Maharashtra"
"Express Wadi","400028","Mumbai","Mumbai","Maharashtra"
"F C I Bombay","400074","Mumbai","Mumbai","Maharashtra"
"F C I Mahul Road","400074","Mumbai","Mumbai","Maharashtra"
"F.C.I.Colony","400074","Mumbai","Mumbai","Maharashtra"
"F.Road","400020","Mumbai","Mumbai","Maharashtra"
"Fabrican Industrial Estat","400054","Mumbai","Mumbai","Maharashtra"
"Factory Lane","400092","Mumbai","Mumbai","Maharashtra"
"Fagna","424301","Dhule","Dhule","Maharashtra"
"Faizpur","425503","Jalgaon","Faizpur","Maharashtra"
"Fakir Shet Wadi","400025","Mumbai","Mumbai","Maharashtra"
"Falkand Bridge","400034","Mumbai","Mumbai","Maharashtra"
"Faridnagar","400078","Mumbai","Mumbai","Maharashtra"
"Farook Oomerbhoy Path","400011","Mumbai","Mumbai","Maharashtra"
"Faruk Omar Palk Marg","400008","Mumbai","Mumbai","Maharashtra"
"Fateha Bad","431124","Beed","Beed","Maharashtra"
"Fatoo Sheth Tabela","400008","Mumbai","Mumbai","Maharashtra"
"Fattar Bandar","400038","Mumbai","Mumbai","Maharashtra"
"Fattepur","424208","Jalgaon","Jalgaon","Maharashtra"
"Fazal Road","400005","Mumbai","Mumbai","Maharashtra"
"Feet Road","400016","Mumbai","Mumbai","Maharashtra"
"Fer Bundar Road","400033","Mumbai","Mumbai","Maharashtra"
"Fernandez Street","400057","Mumbai","Mumbai","Maharashtra"
"Fernandez Wadi","400028","Mumbai","Mumbai","Maharashtra"
"Fidar Baug","400058","Mumbai","Mumbai","Maharashtra"
"Film Centre","400034","Mumbai","Mumbai","Maharashtra"
"Film Nagar","400018","Mumbai","Mumbai","Maharashtra"
"Firdosh Building","400029","Mumbai","Mumbai","Maharashtra"
"Firdoshi Road","400014","Mumbai","Mumbai","Maharashtra"
"Fire Bridgade","400079","Mumbai","Mumbai","Maharashtra"
"Fire Brigade","400079","Mumbai","Mumbai","Maharashtra"
"Fire Brigade Bus Termin","400079","Mumbai","Mumbai","Maharashtra"
"Firozara","400021","Mumbai","Mumbai","Maharashtra"
"First Avenue","400033","Mumbai","Mumbai","Maharashtra"
"Fish Market Lane","400002","Mumbai","Mumbai","Maharashtra"
"Fitwalia Chawl","400008","Mumbai","Mumbai","Maharashtra"
"Fitwalia Compound Pipe Rd","400070","Mumbai","Mumbai","Maharashtra"
"Fitwalia Road 1 To 8","400013","Mumbai","Mumbai","Maharashtra"
"Five Bunglow","400059","Mumbai","Mumbai","Maharashtra"
"Five Gardens","400014","Mumbai","Mumbai","Maharashtra"
"Forject Hill Cross Lane","400036","Mumbai","Mumbai","Maharashtra"
"Forjeet Hill Road","400036","Mumbai","Mumbai","Maharashtra"
"Forman Nagar","400052","Mumbai","Mumbai","Maharashtra"
"Forsbery Road West","400033","Mumbai","Mumbai","Maharashtra"
"Fort Market","400001","Mumbai","Mumbai","Maharashtra"
"Fort Road","400016","Mumbai","Mumbai","Maharashtra"
"Fort Road","400031","Mumbai","Mumbai","Maharashtra"
"Fort Street","400001","Mumbai","Mumbai","Maharashtra"
"Fosbery Road","400015","Mumbai","Mumbai","Maharashtra"
"Four Bungalow","400058","Mumbai","Mumbai","Maharashtra"
"Framji Avenue","400033","Mumbai","Mumbai","Maharashtra"
"Francis Avenue","400054","Mumbai","Mumbai","Maharashtra"
"Francis Road","400050","Mumbai","Mumbai","Maharashtra"
"Francis Wadi","400060","Mumbai","Mumbai","Maharashtra"
"Frank Dmello Compound","400058","Mumbai","Mumbai","Maharashtra"
"French Bridge Low Level","400007","Mumbai","Mumbai","Maharashtra"
"Frerc Bridge","400007","Mumbai","Mumbai","Maharashtra"
"Friends Colony","400078","Mumbai","Mumbai","Maharashtra"
"Friends Society Road","400060","Mumbai","Mumbai","Maharashtra"
"Ful Galley","400002","Mumbai","Mumbai","Maharashtra"
"Ful Galli","400003","Mumbai","Mumbai","Maharashtra"
"Ful Singh Naik","445216","Yeotamal","Yeotamal","Maharashtra"
"Furniture Bazar","400003","Mumbai","Mumbai","Maharashtra"
"Furus","415710","Ratnagiri","Ratnagiri","Maharashtra"
"Futch Baug","400067","Mumbai","Mumbai","Maharashtra"
"Futka Talav","400031","Mumbai","Mumbai","Maharashtra"
"G B Pant Road","400077","Mumbai","Mumbai","Maharashtra"
"G Chavan Chowk","400025","Mumbai","Mumbai","Maharashtra"
"G D Ambedkar Marg","400033","Mumbai","Mumbai","Maharashtra"
"G D Ambekar Marg","400012","Mumbai","Mumbai","Maharashtra"
"G D Somani Marg","400005","Mumbai","Mumbai","Maharashtra"
"G Dambekar Road","400031","Mumbai","Mumbai","Maharashtra"
"G G S Marg Mulund Colony","400082","Mumbai","Mumbai","Maharashtra"
"G I Marg","400057","Mumbai","Mumbai","Maharashtra"
"G I P Store Lane","400013","Mumbai","Mumbai","Maharashtra"
"G J Bhosle Marg","400039","Mumbai","Mumbai","Maharashtra"
"G S College Khamgaon","444312","Buldhana","Buldhana","Maharashtra"
"G T Hospital","400001","Mumbai","Mumbai","Maharashtra"
"G V D P Chowk","400004","Mumbai","Mumbai","Maharashtra"
"G V Scheme","400019","Mumbai","Mumbai","Maharashtra"
"G V Scheme Road","400081","Mumbai","Mumbai","Maharashtra"
"G Ward","400102","Mumbai","Mumbai","Maharashtra"
"Gadchiroli","442605","Chandrapur","Gadchiroli","Maharashtra"
"Gadga","431722","Nanded","Nanded","Maharashtra"
"Gadhi","444709","Amraoti","Amraoti","Maharashtra"
"Gadi Adda","400015","Mumbai","Mumbai","Maharashtra"
"Gafurkhan Estate","400070","Mumbai","Mumbai","Maharashtra"
"Gahuli","445212","Yeotamal","Yeotamal","Maharashtra"
"Gaibansha Durgah","400086","Mumbai","Mumbai","Maharashtra"
"Gaigali","400004","Mumbai","Mumbai","Maharashtra"
"Gaimuch Nande","441116","Nagpur","Nagpur","Maharashtra"
"Gaiwadi","400002","Mumbai","Mumbai","Maharashtra"
"Gaiwadi","400004","Mumbai","Mumbai","Maharashtra"
"Gaiwadi","400028","Mumbai","Mumbai","Maharashtra"
"Gajanan Building","400062","Mumbai","Mumbai","Maharashtra"
"Gajanan Colony","400062","Mumbai","Mumbai","Maharashtra"
"Gajanan D Joshi H School","400101","Mumbai","Mumbai","Maharashtra"
"Gajananpuri","400028","Mumbai","Mumbai","Maharashtra"
"Gala Industrial Estate","400080","Mumbai","Mumbai","Maharashtra"
"Galliakotwala Lane","400074","Mumbai","Mumbai","Maharashtra"
"Gamadia Colony","400007","Mumbai","Mumbai","Maharashtra"
"Gamadia Comp","400034","Mumbai","Mumbai","Maharashtra"
"Gamadia Road","400009","Mumbai","Mumbai","Maharashtra"
"Gamadia Road","400026","Mumbai","Mumbai","Maharashtra"
"Gamadia Road","400038","Mumbai","Mumbai","Maharashtra"
"Gamdevi","400007","Mumbai","Mumbai","Maharashtra"
"Gamdevi Road","400007","Mumbai","Mumbai","Maharashtra"
"Ganapatipule","415622","Ratnagiri","Ratnagiri","Maharashtra"
"Gandgaon","413406","Sholapur","Sholapur","Maharashtra"
"Gandhi Bhavan","400021","Mumbai","Mumbai","Maharashtra"
"Gandhi Cloth Market","400022","Mumbai","Mumbai","Maharashtra"
"Gandhi Gram","400049","Mumbai","Mumbai","Maharashtra"
"Gandhi Gram Road","400054","Mumbai","Mumbai","Maharashtra"
"Gandhi N Zopadpati","400060","Mumbai","Mumbai","Maharashtra"
"Gandhi Nagar","444004","Akola","Akola","Maharashtra"
"Gandhi Nagar","416119","Kolhapur","Kolhapur","Maharashtra"
"Gandhi Nagar","400018","Mumbai","Desaiganj (Vadasa)","Maharashtra"
"Gandhi Nagar","400067","Mumbai","Mumbai","Maharashtra"
"Gandhi Nagar","400076","Mumbai","Mumbai","Maharashtra"
"Gandhi Nagar","400086","Mumbai","Desaiganj (Vadasa)","Maharashtra"
"Gandhi Nagar","400093","Mumbai","Desaiganj (Vadasa)","Maharashtra"
"Gandhi Nagar","431706","Nanded","Nanded","Maharashtra"
"Gandhi Nagar Marg","400102","Mumbai","Mumbai","Maharashtra"
"Gandhi Nagar Zopadpatti","400013","Mumbai","Mumbai","Maharashtra"
"Gandhi Road","400054","Mumbai","Mumbai","Maharashtra"
"Gandhinglaj","416502","Kolhapur","Kolhapur","Maharashtra"
"Ganesh B Lane","400070","Mumbai","Mumbai","Maharashtra"
"Ganesh Baug","400019","Mumbai","Mumbai","Maharashtra"
"Ganesh Baug","400081","Mumbai","Mumbai","Maharashtra"
"Ganesh Galli","400012","Mumbai","Mumbai","Maharashtra"
"Ganesh Gawde Road","400080","Mumbai","Mumbai","Maharashtra"
"Ganesh Ghat","400068","Mumbai","Mumbai","Maharashtra"
"Ganesh H P Marg","400011","Mumbai","Mumbai","Maharashtra"
"Ganesh Lane","400005","Mumbai","Mumbai","Maharashtra"
"Ganesh Nagar","400067","Mumbai","Mumbai","Maharashtra"
"Ganesh Nagar","400078","Mumbai","Mumbai","Maharashtra"
"Ganesh Nagar Zopadpatti","400037","Mumbai","Mumbai","Maharashtra"
"Ganesh Peth Lane","400028","Mumbai","Mumbai","Maharashtra"
"Ganesh Wadi","400004","Mumbai","Mumbai","Maharashtra"
"Ganesh Wadi 1St & 2Nd","400002","Mumbai","Mumbai","Maharashtra"
"Ganesh Wadi Jogeshwari","400060","Mumbai","Mumbai","Maharashtra"
"Ganesh Wadi T P Lane","400028","Mumbai","Mumbai","Maharashtra"
"Ganeshkhind","411007","Pune","Pune","Maharashtra"
"Ganeshpuri","401206","Thane","Thane","Maharashtra"
"Ganeshwadi","416105","Kolhapur","Kolhapur","Maharashtra"
"Ganga Bawada","416206","Kolhapur","Kolhapur","Maharashtra"
"Ganga Bawdi Police Line","400010","Mumbai","Mumbai","Maharashtra"
"Ganga Bawdi Road","400010","Mumbai","Mumbai","Maharashtra"
"Ganga Das Wadi","400007","Mumbai","Mumbai","Maharashtra"
"Ganga Nagar","416116","Kolhapur","Kolhapur","Maharashtra"
"Gangakhed","431514","Parbhani","Gangakhed","Maharashtra"
"Gangapur","431109","Aurangabad","Gangapur","Maharashtra"
"Gangaram Kamathi Chawls","400013","Mumbai","Mumbai","Maharashtra"
"Gangaram Parab Marg","400068","Mumbai","Mumbai","Maharashtra"
"Gangawadi","400086","Mumbai","Mumbai","Maharashtra"
"Ganjad","401608","Thane","Thane","Maharashtra"
"Ganjawalla Lane","400092","Mumbai","Mumbai","Maharashtra"
"Ganpat J Marg","400018","Mumbai","Mumbai","Maharashtra"
"Ganpat M N Marg","400012","Mumbai","Mumbai","Maharashtra"
"Ganpat Patil Road","400068","Mumbai","Mumbai","Maharashtra"
"Ganpat Wadi","400025","Mumbai","Mumbai","Maharashtra"
"Ganpatrao K Marg","400018","Mumbai","Mumbai","Maharashtra"
"Gaodevi","400055","Mumbai","Mumbai","Maharashtra"
"Gaodevi","400078","Mumbai","Mumbai","Maharashtra"
"Gaodevi","400086","Mumbai","Mumbai","Maharashtra"
"Gaodevi Road","400067","Mumbai","Mumbai","Maharashtra"
"Gaodevi Road","400078","Mumbai","Mumbai","Maharashtra"
"Gaonkar Nagar","400028","Mumbai","Mumbai","Maharashtra"
"Gaonkar Wadi","400025","Mumbai","Mumbai","Maharashtra"
"Gaothan","400049","Mumbai","Mumbai","Maharashtra"
"Gaothan","400068","Mumbai","Mumbai","Maharashtra"
"Gaothan Lanes 1St & 2Nd","400049","Mumbai","Mumbai","Maharashtra"
"Garam Khada","400012","Mumbai","Mumbai","Maharashtra"
"Garden Bridge Road","400027","Mumbai","Mumbai","Maharashtra"
"Garden Colony Road","400058","Mumbai","Mumbai","Maharashtra"
"Garden Homes","400052","Mumbai","Mumbai","Maharashtra"
"Garden Road","400039","Mumbai","Mumbai","Maharashtra"
"Gardinagar","400028","Mumbai","Mumbai","Maharashtra"
"Gargoti","416209","Kolhapur","Kolhapur","Maharashtra"
"Garibdas Street","400003","Mumbai","Mumbai","Maharashtra"
"Garodia Nagar","400077","Mumbai","Mumbai","Maharashtra"
"Gas Company Lane","400012","Mumbai","Mumbai","Maharashtra"
"Gate Way Of India","400039","Mumbai","Mumbai","Maharashtra"
"Gategaon","413558","Latur","Latur","Maharashtra"
"Gaumukh Galli","400002","Mumbai","Mumbai","Maharashtra"
"Gauraksha Wadi","400002","Mumbai","Mumbai","Maharashtra"
"Gauri Shankar Wadi","400075","Mumbai","Mumbai","Maharashtra"
"Gaushala","400060","Mumbai","Mumbai","Maharashtra"
"Gautam Nagar","400080","Mumbai","Mumbai","Maharashtra"
"Gavade Vinze Scheme","400081","Mumbai","Mumbai","Maharashtra"
"Gavandipada","400080","Mumbai","Mumbai","Maharashtra"
"Gavani Galli","400009","Mumbai","Mumbai","Maharashtra"
"Gavanpada","400081","Mumbai","Mumbai","Maharashtra"
"Gavdevi","400058","Mumbai","Mumbai","Maharashtra"
"Gavdevi","400058","Mumbai","Mumbai","Maharashtra"
"Gavdevi Zopadpatti","400058","Mumbai","Mumbai","Maharashtra"
"Gavdgaon","413406","Sholapur","Sholapur","Maharashtra"
"Gavhankar Wadi","400063","Mumbai","Mumbai","Maharashtra"
"Gavhankar Wadi Prabhadivi","400025","Mumbai","Mumbai","Maharashtra"
"Gavkhadi","415626","Ratnagiri","Ratnagiri","Maharashtra"
"Gavli Galli","400002","Mumbai","Mumbai","Maharashtra"
"Gavli Mohalla","400003","Mumbai","Mumbai","Maharashtra"
"Gavli Wadi","400002","Mumbai","Mumbai","Maharashtra"
"Gavraj Galli","400002","Mumbai","Mumbai","Maharashtra"
"Gavthan Lane","400058","Mumbai","Mumbai","Maharashtra"
"Gavthan Pada","400068","Mumbai","Mumbai","Maharashtra"
"Gavthan Road","400056","Mumbai","Mumbai","Maharashtra"
"Gavthan Road","400064","Mumbai","Mumbai","Maharashtra"
"Gavthan Road","400071","Mumbai","Mumbai","Maharashtra"
"Gawan Road","400080","Mumbai","Mumbai","Maharashtra"
"Gawanpada Village","400074","Mumbai","Mumbai","Maharashtra"
"Gawde Wadi","400080","Mumbai","Mumbai","Maharashtra"
"Gawdia Nagar","400077","Mumbai","Mumbai","Maharashtra"
"Gawdia Road","400077","Mumbai","Mumbai","Maharashtra"
"Gazdar Park","400002","Mumbai","Mumbai","Maharashtra"
"Gazdar Road","400058","Mumbai","Mumbai","Maharashtra"
"Gazdar Scheme","400054","Mumbai","Mumbai","Maharashtra"
"Gazdar Street","400002","Mumbai","Mumbai","Maharashtra"
"Gazdar Street","400062","Mumbai","Mumbai","Maharashtra"
"Geeta Nagar","400002","Mumbai","Mumbai","Maharashtra"
"Gell Street","400011","Mumbai","Mumbai","Maharashtra"
"Gerulane","400009","Mumbai","Mumbai","Maharashtra"
"Gevarai","431127","Beed","Beed","Maharashtra"
"Gevarai Mondha","431127","Beed","Beed","Maharashtra"
"Ghabraoo Paraira Wadi","400016","Mumbai","Mumbai","Maharashtra"
"Ghadgaon","425133","Jalgaon","Jalgaon","Maharashtra"
"Ghadiyal Galli","400002","Mumbai","Mumbai","Maharashtra"
"Ghanashyam Nagar","400067","Mumbai","Mumbai","Maharashtra"
"Ghangla","441923","Bhandara","Bhandara","Maharashtra"
"Ghansoli","400701","Thane","Thane","Maharashtra"
"Ghargaon","422620","Ahmednagar","Ahmednagar","Maharashtra"
"Gharwadi","400028","Mumbai","Mumbai","Maharashtra"
"Ghas Bazar","400011","Mumbai","Mumbai","Maharashtra"
"Ghas Bazar","400017","Mumbai","Mumbai","Maharashtra"
"Ghas Galli","400026","Mumbai","Mumbai","Maharashtra"
"Ghaswala Compound","400062","Mumbai","Mumbai","Maharashtra"
"Ghaswala Estate","400060","Mumbai","Mumbai","Maharashtra"
"Ghatala Village","400071","Mumbai","Mumbai","Maharashtra"
"Ghatigalli","400003","Mumbai","Mumbai","Maharashtra"
"Ghatkopar Colony","400054","Mumbai","Mumbai","Maharashtra"
"Ghatkopar M G Road","400086","Mumbai","Mumbai","Maharashtra"
"Ghatkopar M Road","400089","Mumbai","Mumbai","Maharashtra"
"Ghatkopar Sahkar","400086","Mumbai","Mumbai","Maharashtra"
"Ghatkopar West H O","400086","Mumbai","Mumbai","Maharashtra"
"Ghatnaji","445301","Yeotamal","Yeotamal","Maharashtra"
"Ghatnandur","431519","Beed","Beed","Maharashtra"
"Ghavtam Pada","400068","Mumbai","Mumbai","Maharashtra"
"Ghelabhai Street 1,2 & 3","400008","Mumbai","Mumbai","Maharashtra"
"Ghodegaon","414607","Ahmednagar","Ahmednagar","Maharashtra"
"Ghodeshwar","413217","Sholapur","Sholapur","Maharashtra"
"Ghodnadi","412210","Pune","Pune","Maharashtra"
"Ghoga Street","400001","Mumbai","Mumbai","Maharashtra"
"Ghogachi Wadi","400012","Mumbai","Mumbai","Maharashtra"
"Ghogari Baug","400003","Mumbai","Mumbai","Maharashtra"
"Ghogari M C Lane 1,2 & 3","400003","Mumbai","Mumbai","Maharashtra"
"Ghogari Mohalla","400003","Mumbai","Mumbai","Maharashtra"
"Ghokhale Cross Lane","400012","Mumbai","Mumbai","Maharashtra"
"Gholvad","401702","Thane","Thane","Maharashtra"
"Ghosh Bazar","400008","Mumbai","Mumbai","Maharashtra"
"Ghot","442604","Chandrapur","Chandrapur","Maharashtra"
"Ghoti","422402","Nashik","Nashik","Maharashtra"
"Gibbs Road","400006","Mumbai","Mumbai","Maharashtra"
"Gilbert Hill Road","400058","Mumbai","Mumbai","Maharashtra"
"Gilder Lane","400008","Mumbai","Mumbai","Maharashtra"
"Gilder Tank Bldg","400007","Mumbai","Mumbai","Maharashtra"
"Girad","442310","Wardha","Wardha","Maharashtra"
"Girdhar Nagar","400086","Mumbai","Mumbai","Maharashtra"
"Girgaon Ambewadi","400004","Mumbai","Mumbai","Maharashtra"
"Girgaon Chanpati","400004","Mumbai","Mumbai","Maharashtra"
"Girgaon Charni Road","400004","Mumbai","Mumbai","Maharashtra"
"Girgaon H O","400004","Mumbai","Mumbai","Maharashtra"
"Girgaon Housing Society","400004","Mumbai","Mumbai","Maharashtra"
"Girgaon Madhavbag","400004","Mumbai","Mumbai","Maharashtra"
"Girgaon Opera House","400004","Mumbai","Mumbai","Maharashtra"
"Girgaon S V Press","400004","Mumbai","Mumbai","Maharashtra"
"Girgaonkarwada","400016","Mumbai","Mumbai","Maharashtra"
"Girna S S K Dabhadi","423202","Nashik","Nashik","Maharashtra"
"Girnara","422203","Nashik","Nashik","Maharashtra"
"Gkul Nagar","400101","Mumbai","Mumbai","Maharashtra"
"Gloria Church","400027","Mumbai","Mumbai","Maharashtra"
"Gngaram Khatriwadi","400002","Mumbai","Mumbai","Maharashtra"
"Goa Street","400038","Mumbai","Mumbai","Maharashtra"
"Gobarwahi","441907","Bhandara","Bhandara","Maharashtra"
"Godabavdi","400050","Mumbai","Mumbai","Maharashtra"
"Godavari Mhatre Road","400068","Mumbai","Mumbai","Maharashtra"
"Godegaon","412408","Pune","Pune","Maharashtra"
"Godrej Colony","400079","Mumbai","Mumbai","Maharashtra"
"Gogtewadi","400063","Mumbai","Mumbai","Maharashtra"
"Gogtewadi Road","400063","Mumbai","Mumbai","Maharashtra"
"Gokhale Compound","400007","Mumbai","Mumbai","Maharashtra"
"Gokhale Cross Road 1 & 2","400028","Mumbai","Mumbai","Maharashtra"
"Gokhale Park","400012","Mumbai","Mumbai","Maharashtra"
"Gokhale Rd","400057","Mumbai","Mumbai","Maharashtra"
"Gokhale Rd South","400025","Mumbai","Mumbai","Maharashtra"
"Gokhale Road","400064","Mumbai","Mumbai","Maharashtra"
"Gokhale Road","400067","Mumbai","Mumbai","Maharashtra"
"Gokhale Road","400081","Mumbai","Mumbai","Maharashtra"
"Gokhale Soc Cross Lane","400012","Mumbai","Mumbai","Maharashtra"
"Gokhale Soc Lane","400012","Mumbai","Mumbai","Maharashtra"
"Gokhale Wadi","400028","Mumbai","Mumbai","Maharashtra"
"Gokhale Wadi","400064","Mumbai","Mumbai","Maharashtra"
"Gokhivare","401205","Thane","Gokhivare","Maharashtra"
"Gokul Dham","400103","Mumbai","Mumbai","Maharashtra"
"Gokuldas Pasta Road","400014","Mumbai","Mumbai","Maharashtra"
"Gokuldas Tejpal Road","400007","Mumbai","Mumbai","Maharashtra"
"Gola Lane","400001","Mumbai","Mumbai","Maharashtra"
"Gold Mohur Market","400027","Mumbai","Mumbai","Maharashtra"
"Gold Mohur Mills","400027","Mumbai","Mumbai","Maharashtra"
"Golibar","400055","Mumbai","Mumbai","Maharashtra"
"Golibar Road","400051","Mumbai","Mumbai","Maharashtra"
"Golibar Road","400055","Mumbai","Mumbai","Maharashtra"
"Golibar Road","400077","Mumbai","Mumbai","Maharashtra"
"Golpitha","400004","Mumbai","Mumbai","Maharashtra"
"Gomant Nagar","400068","Mumbai","Mumbai","Maharashtra"
"Gomantak Co Op Hsg Soc","400057","Mumbai","Mumbai","Maharashtra"
"Gomeshwadi","400028","Mumbai","Mumbai","Maharashtra"
"Gondavli Gavthan","400069","Mumbai","Mumbai","Maharashtra"
"Gondia Bazar","441601","Bhandara","Bhandara","Maharashtra"
"Gondia City","441601","Bhandara","Bhandara","Maharashtra"
"Gondia Civil Lines H O","441601","Bhandara","Bhandara","Maharashtra"
"Gondia Sindhi Colony","441601","Bhandara","Bhandara","Maharashtra"
"Gondpipri","442702","Chandrapur","Chandrapur","Maharashtra"
"Gonsalve Street","400057","Mumbai","Mumbai","Maharashtra"
"Gonsalves Wadi","400050","Mumbai","Mumbai","Maharashtra"
"Gopal Baug","400062","Mumbai","Mumbai","Maharashtra"
"Gopal Galli","400002","Mumbai","Mumbai","Maharashtra"
"Gopal Lane","400086","Mumbai","Mumbai","Maharashtra"
"Gopal Nagar","400025","Mumbai","Mumbai","Maharashtra"
"Gopalkrishna Gokhale Rd","400080","Mumbai","Mumbai","Maharashtra"
"Gopi Tank Road","400016","Mumbai","Mumbai","Maharashtra"
"Gora Mohall Khambekar St","400003","Mumbai","Mumbai","Maharashtra"
"Gora Ram Mandir","400002","Mumbai","Mumbai","Maharashtra"
"Gorai","400092","Mumbai","Mumbai","Maharashtra"
"Goras Wadi","400064","Mumbai","Mumbai","Maharashtra"
"Goregaon","441801","Gondia","Goregaon","Maharashtra"
"Goregaon","400062","Mumbai","Goregaon","Maharashtra"
"Goregaon","400063","Mumbai","Goregaon","Maharashtra"
"Goregaon","431703","Parbhani","Goregaon","Maharashtra"
"Goregaon","402103","Raigarh","Goregaon","Maharashtra"
"Goregaon R S","400062","Mumbai","Mumbai","Maharashtra"
"Goregaon Siddharthnagar","400062","Mumbai","Mumbai","Maharashtra"
"Goregaon West","400062","Mumbai","Mumbai","Maharashtra"
"Goregaonkar Building","400004","Mumbai","Mumbai","Maharashtra"
"Goregaonkar Lane","400004","Mumbai","Mumbai","Maharashtra"
"Goregaonkar Prem","400028","Mumbai","Mumbai","Maharashtra"
"Goregaonkar Road","400007","Mumbai","Mumbai","Maharashtra"
"Goregaonkar Wadi","400007","Mumbai","Mumbai","Maharashtra"
"Goregaonkar Wadi","400058","Mumbai","Mumbai","Maharashtra"
"Gorhe","401406","Thane","Thane","Maharashtra"
"Goshala Lane","400064","Mumbai","Mumbai","Maharashtra"
"Govalia Tank","400036","Mumbai","Mumbai","Maharashtra"
"Govandhan Galli","400002","Mumbai","Mumbai","Maharashtra"
"Govandi Village","400071","Mumbai","Mumbai","Maharashtra"
"Govari Passage Road","400077","Mumbai","Mumbai","Maharashtra"
"Govari Village","400031","Mumbai","Mumbai","Maharashtra"
"Government Central Press","400004","Mumbai","Mumbai","Maharashtra"
"Govind Chowk","400002","Mumbai","Mumbai","Maharashtra"
"Govind Co Op Hsg Society","400057","Mumbai","Mumbai","Maharashtra"
"Govind Galli","400002","Mumbai","Mumbai","Maharashtra"
"Govind Mali Road","400068","Mumbai","Mumbai","Maharashtra"
"Govind N Col Barvenagar","400084","Mumbai","Mumbai","Maharashtra"
"Govind Nagar","400029","Mumbai","Mumbai","Maharashtra"
"Govind Nagar","400064","Mumbai","Mumbai","Maharashtra"
"Govind Nagar","400084","Mumbai","Mumbai","Maharashtra"
"Govind Nagar","400092","Mumbai","Mumbai","Maharashtra"
"Govind Wadi","400002","Mumbai","Mumbai","Maharashtra"
"Govindji Keni Rd","400014","Mumbai","Mumbai","Maharashtra"
"Govindji Kenird","400012","Mumbai","Mumbai","Maharashtra"
"Govindji Patel Road","400052","Mumbai","Mumbai","Maharashtra"
"Govt Colony","400051","Mumbai","Mumbai","Maharashtra"
"Govt Hsg Colony","400052","Mumbai","Mumbai","Maharashtra"
"Govt Hsg Colony Gore West","400062","Mumbai","Mumbai","Maharashtra"
"Govt Hsg Society Road","400071","Mumbai","Mumbai","Maharashtra"
"Govt Industrial Colony","400062","Mumbai","Mumbai","Maharashtra"
"Govt Polytechnic Yeotmal","445003","Yeotamal","Yeotamal","Maharashtra"
"Govt Quarters","400022","Mumbai","Mumbai","Maharashtra"
"Govt Quarters","400037","Mumbai","Mumbai","Maharashtra"
"Govt Quarters","400055","Mumbai","Mumbai","Maharashtra"
"Govt Quarters Kalina","400029","Mumbai","Mumbai","Maharashtra"
"Gowalia Tank Cross Lane","400056","Mumbai","Mumbai","Maharashtra"
"Gowshala Road","400067","Mumbai","Mumbai","Maharashtra"
"Gram Panchayat Road","400062","Mumbai","Mumbai","Maharashtra"
"Gram Panchayat Road","400063","Mumbai","Mumbai","Maharashtra"
"Grant Road","400007","Mumbai","Mumbai","Maharashtra"
"Grant Road Bharatnagar","400007","Mumbai","Mumbai","Maharashtra"
"Grant Road Nyayamurthi","400007","Mumbai","Mumbai","Maharashtra"
"Grant Road Shamrao V Marg","400007","Mumbai","Mumbai","Maharashtra"
"Green Market","400002","Mumbai","Mumbai","Maharashtra"
"Green Street","400023","Mumbai","Mumbai","Maharashtra"
"Guhagar","415703","Ratnagiri","Guhagar","Maharashtra"
"Gujar Bazar Lane","400027","Mumbai","Mumbai","Maharashtra"
"Gujar Lane","400054","Mumbai","Mumbai","Maharashtra"
"Gujar Street","400003","Mumbai","Mumbai","Maharashtra"
"Gujar Wadi","400019","Mumbai","Mumbai","Maharashtra"
"Gujari Bazar Lane","400027","Mumbai","Mumbai","Maharashtra"
"Gujrat Hsg Society","400022","Mumbai","Mumbai","Maharashtra"
"Gujrat Hsg Society","400052","Mumbai","Mumbai","Maharashtra"
"Gujrat Research Society","400052","Mumbai","Mumbai","Maharashtra"
"Gujrathi Harijan Hsg Soc","400052","Mumbai","Mumbai","Maharashtra"
"Gulab Compound","400057","Mumbai","Mumbai","Maharashtra"
"Gulab Joshi Nagar","400099","Mumbai","Mumbai","Maharashtra"
"Gulab Nagar","400052","Mumbai","Mumbai","Maharashtra"
"Gulabrao Ganacharya Chowk","400011","Mumbai","Mumbai","Maharashtra"
"Gulal Wadi","400004","Mumbai","Mumbai","Maharashtra"
"Gulmodiwadi","400028","Mumbai","Mumbai","Maharashtra"
"Gulmohar Rd","400049","Mumbai","Mumbai","Maharashtra"
"Gulmohar Rd","400056","Mumbai","Mumbai","Maharashtra"
"Gulshan Baug","400089","Mumbai","Mumbai","Maharashtra"
"Gumfa Road","400060","Mumbai","Mumbai","Maharashtra"
"Gumgaon","441114","Nagpur","Nagpur","Maharashtra"
"Gumla Telsi","400068","Mumbai","Mumbai","Maharashtra"
"Gun Carriage Street","400005","Mumbai","Mumbai","Maharashtra"
"Gun Powder Rd Cross Lane","400010","Mumbai","Mumbai","Maharashtra"
"Gun Powder Road","400010","Mumbai","Mumbai","Maharashtra"
"Gunavare","415531","Satara","Satara","Maharashtra"
"Gungate","400023","Mumbai","Mumbai","Maharashtra"
"Gupta Market","400064","Mumbai","Mumbai","Maharashtra"
"Gur Market Yard","416005","Kolhapur","Kolhapur","Maharashtra"
"Guru C Dardi Marg Loop Road","400022","Mumbai","Mumbai","Maharashtra"
"Guru Nanak Udyan","400050","Mumbai","Mumbai","Maharashtra"
"Guru Nanak Wadi","400099","Mumbai","Mumbai","Maharashtra"
"Gurukul Lane","400077","Mumbai","Mumbai","Maharashtra"
"Gurukunj Ashram","444902","Amraoti","Amraoti","Maharashtra"
"Gurunagar","400058","Mumbai","Mumbai","Maharashtra"
"Gymnasium Road","400001","Mumbai","Mumbai","Maharashtra"
"H H A Baar Corss Lane No1","400003","Mumbai","Mumbai","Maharashtra"
"H H A Baar Corss Lane No2","400003","Mumbai","Mumbai","Maharashtra"
"H H A Baar Marg-Ghogari","400003","Mumbai","Mumbai","Maharashtra"
"H R Mahajani Marg Matunga","400019","Mumbai","Mumbai","Maharashtra"
"H Ward","400102","Mumbai","Mumbai","Maharashtra"
"Habib Flats","400008","Mumbai","Mumbai","Maharashtra"
"Habib Park","400008","Mumbai","Mumbai","Maharashtra"
"Hadapsar","411028","Pune","Pune","Maharashtra"
"Hadapsar I F","411013","Pune","Pune","Maharashtra"
"Hadgaon","431712","Nanded","Hadgaon","Maharashtra"
"Hadi","416626","Sindhudurg","Oras","Maharashtra"
"Hainse Road","400011","Mumbai","Mumbai","Maharashtra"
"Hajai Mohall","400003","Mumbai","Mumbai","Maharashtra"
"Haji Abubakai Wadi","400028","Mumbai","Mumbai","Maharashtra"
"Haji Ali Darga","400026","Mumbai","Mumbai","Maharashtra"
"Haji Aroon Wadi","400028","Mumbai","Mumbai","Maharashtra"
"Haji Bachooali Road","400015","Mumbai","Mumbai","Maharashtra"
"Haji Bapu Nagar","400064","Mumbai","Mumbai","Maharashtra"
"Haji Bapu Road","400064","Mumbai","Mumbai","Maharashtra"
"Haji Bundar Road","400015","Mumbai","Mumbai","Maharashtra"
"Haji Kasam Chawls Compoun","400013","Mumbai","Mumbai","Maharashtra"
"Haji Kasam Compound","400008","Mumbai","Mumbai","Maharashtra"
"Haji M Muslim Cemetry","400015","Mumbai","Mumbai","Maharashtra"
"Haji Mohined Noor Lane","400050","Mumbai","Mumbai","Maharashtra"
"Haji S Musafarkhana","400001","Mumbai","Mumbai","Maharashtra"
"Hakim Wadi","400007","Mumbai","Mumbai","Maharashtra"
"Haldankar Wadi","400016","Mumbai","Mumbai","Maharashtra"
"Halkarni","416506","Kolhapur","Kolhapur","Maharashtra"
"Hall Road","400070","Mumbai","Mumbai","Maharashtra"
"Hall Village Road","400070","Mumbai","Mumbai","Maharashtra"
"Hallow Pul","400070","Mumbai","Mumbai","Maharashtra"
"Hamal Street","400005","Mumbai","Mumbai","Maharashtra"
"Hamal Wadi","400002","Mumbai","Mumbai","Maharashtra"
"Hamraj Bhaiya Wadi","400028","Mumbai","Mumbai","Maharashtra"
"Han Cock Bridge","400010","Mumbai","Mumbai","Maharashtra"
"Hanbow Road","400067","Mumbai","Mumbai","Maharashtra"
"Hanegaon","431741","Nanded","Nanded","Maharashtra"
"Hanging Gardens","400006","Mumbai","Mumbai","Maharashtra"
"Hansoti Lane","400077","Mumbai","Mumbai","Maharashtra"
"Hansraj Damodar Wadi","400004","Mumbai","Mumbai","Maharashtra"
"Hansraj Lane","400027","Mumbai","Mumbai","Maharashtra"
"Hansraj Meghjiwadi","400080","Mumbai","Mumbai","Maharashtra"
"Hansraj Wadi","400054","Mumbai","Mumbai","Maharashtra"
"Hanuman Cross Lanes-Old","400002","Mumbai","Mumbai","Maharashtra"
"Hanuman Cross Rd 1St&2Nd","400057","Mumbai","Mumbai","Maharashtra"
"Hanuman Lane","400013","Mumbai","Mumbai","Maharashtra"
"Hanuman Lane Takyaward","400070","Mumbai","Mumbai","Maharashtra"
"Hanuman Lanes","400002","Mumbai","Mumbai","Maharashtra"
"Hanuman Mandir Lane","400078","Mumbai","Mumbai","Maharashtra"
"Hanuman Nagar","400013","Mumbai","Mumbai","Maharashtra"
"Hanuman Nagar","400052","Mumbai","Mumbai","Maharashtra"
"Hanuman Nagar","400060","Mumbai","Mumbai","Maharashtra"
"Hanuman Nagar","400078","Mumbai","Mumbai","Maharashtra"
"Hanuman Nagar","400079","Mumbai","Mumbai","Maharashtra"
"Hanuman Nagar","400101","Mumbai","Mumbai","Maharashtra"
"Hanuman Nagar","440009","Nagpur","Nagpur","Maharashtra"
"Hanuman Road","400051","Mumbai","Mumbai","Maharashtra"
"Hanuman Road","400057","Mumbai","Mumbai","Maharashtra"
"Hanuman Vyayam Nagar","444605","Amraoti","Amraoti","Maharashtra"
"Hanuman Wadi","400070","Mumbai","Mumbai","Maharashtra"
"Hanumanpada","400064","Mumbai","Pen","Maharashtra"
"Haran Textile","400068","Mumbai","Mumbai","Maharashtra"
"Harbans Eadi","400028","Mumbai","Mumbai","Maharashtra"
"Harbhinji Lane","400077","Mumbai","Mumbai","Maharashtra"
"Hardevi Co-Op Society Road","400060","Mumbai","Mumbai","Maharashtra"
"Hargovind Desai Wadi","400002","Mumbai","Mumbai","Maharashtra"
"Hari Baug","400013","Mumbai","Mumbai","Maharashtra"
"Hari Nagar","400060","Mumbai","Mumbai","Maharashtra"
"Hari Shankar Joshi Road","400068","Mumbai","Mumbai","Maharashtra"
"Hariali Vliiage","400083","Mumbai","Mumbai","Maharashtra"
"Harianwala Lane","400076","Mumbai","Mumbai","Maharashtra"
"Harichandra Chauri Wadi","400028","Mumbai","Mumbai","Maharashtra"
"Harichandra Goregaonkar Road","400007","Mumbai","Mumbai","Maharashtra"
"Harichandra Kawili Road","400028","Mumbai","Mumbai","Maharashtra"
"Harichandra M Patil Marg","400028","Mumbai","Mumbai","Maharashtra"
"Harigaon","413718","Ahmednagar","Ahmednagar","Maharashtra"
"Harijan Nagar","400060","Mumbai","Mumbai","Maharashtra"
"Harish A Palay Marg","400010","Mumbai","Mumbai","Maharashtra"
"Harish Palay Lane","400027","Mumbai","Mumbai","Maharashtra"
"Hariyali Village","400008","Mumbai","Mumbai","Maharashtra"
"Harkul B K","416624","Sindhudurg","Oras","Maharashtra"
"Harkul K L","416625","Sindhudurg","Oras","Maharashtra"
"Harmon Mohata Compound","400025","Mumbai","Mumbai","Maharashtra"
"Harnai","415713","Ratnagiri","Ratnagiri","Maharashtra"
"Haroonkar Lengari Chawl","400058","Mumbai","Mumbai","Maharashtra"
"Haroonkar Road","400064","Mumbai","Mumbai","Maharashtra"
"Harsool","431119","Aurangabad","Aurangabad","Maharashtra"
"Harsul","422204","Nashik","Nashik","Maharashtra"
"Hasnabad","400010","Mumbai","Jamkhed","Maharashtra"
"Hasnabad Lane 1 & 2","400055","Mumbai","Mumbai","Maharashtra"
"Hasrat Mohani Chowk","400008","Mumbai","Mumbai","Maharashtra"
"Hated","425124","Jalgaon","Jalgaon","Maharashtra"
"Hathishar Bang","400025","Mumbai","Mumbai","Maharashtra"
"Hatkanangala","416109","Kolhapur","Kolhapur","Maharashtra"
"Hatta","431738","Hingoli","Hingoli","Maharashtra"
"Hayat Nagar","400099","Mumbai","Mumbai","Maharashtra"
"Haybundar Road","400033","Mumbai","Mumbai","Maharashtra"
"Haz Band Road","400067","Mumbai","Mumbai","Maharashtra"
"Hazarimanal Somani Marg","400001","Mumbai","Mumbai","Maharashtra"
"Hedavkar Wadi No 1","400028","Mumbai","Mumbai","Maharashtra"
"Hedavkar Wadi No 2","400028","Mumbai","Mumbai","Maharashtra"
"Hedvi","415728","Ratnagiri","Ratnagiri","Maharashtra"
"Hema Kalani Marg 27/C S","400081","Mumbai","Mumbai","Maharashtra"
"Hemji Street","400001","Mumbai","Mumbai","Maharashtra"
"Hemraj Wadi","400002","Mumbai","Mumbai","Maharashtra"
"Henekers Drive","400005","Mumbai","Mumbai","Maharashtra"
"Henry Road","400001","Mumbai","Mumbai","Maharashtra"
"Herman Sukhari Road","400061","Mumbai","Mumbai","Maharashtra"
"Hermitage Road","400026","Mumbai","Mumbai","Maharashtra"
"Herta Baixa","400002","Mumbai","Mumbai","Maharashtra"
"Hestic Road","400034","Mumbai","Mumbai","Maharashtra"
"Hetkari Mahajan Wadi","400028","Mumbai","Mumbai","Maharashtra"
"Hickson Dadaji Road","400064","Mumbai","Mumbai","Maharashtra"
"High Court Buildings","400032","Mumbai","Mumbai","Maharashtra"
"Hilal Building","400010","Mumbai","Mumbai","Maharashtra"
"Hill Park","400006","Mumbai","Mumbai","Maharashtra"
"Hill Road","400050","Mumbai","Mumbai","Maharashtra"
"Hill Road Cross Lane","400050","Mumbai","Mumbai","Maharashtra"
"Hill Village Road","400070","Mumbai","Mumbai","Maharashtra"
"Himalaya Society","400084","Mumbai","Mumbai","Maharashtra"
"Himansu Roy Road","400064","Mumbai","Mumbai","Maharashtra"
"Himayat Nagar","431802","Nanded","Nanded","Maharashtra"
"Himmat Nagar Zopadpatti","400037","Mumbai","Mumbai","Maharashtra"
"Hindi Nagar","442003","Wardha","Wardha","Maharashtra"
"Hindu Cemetry Road","400022","Mumbai","Mumbai","Maharashtra"
"Hindu Cemetry Road","400071","Mumbai","Mumbai","Maharashtra"
"Hindu Colony Lane","400014","Mumbai","Mumbai","Maharashtra"
"Hindu F S Road 1 To 5","400060","Mumbai","Mumbai","Maharashtra"
"Hindustan Chowk","400082","Mumbai","Mumbai","Maharashtra"
"Hindustan Nagar Zopadpatt","400037","Mumbai","Mumbai","Maharashtra"
"Hinganghat","442301","Wardha","Hinganghat","Maharashtra"
"Hingna","441110","Nagpur","Nagpur","Maharashtra"
"Hingoli","431513","Nanded","Hingoli","Maharashtra"
"Hingona","425515","Jalgaon","Jalgaon","Maharashtra"
"Hingwala Lane","400077","Mumbai","Mumbai","Maharashtra"
"Hira Baug","400004","Mumbai","Mumbai","Maharashtra"
"Hira Baug","400057","Mumbai","Mumbai","Maharashtra"
"Hira Buva Gawde Marg","400019","Mumbai","Mumbai","Maharashtra"
"Hirachand Desai Road","400086","Mumbai","Mumbai","Maharashtra"
"Hiraj","413244","Sholapur","Sholapur","Maharashtra"
"Hirajee Khetsi Wadi","400014","Mumbai","Mumbai","Maharashtra"
"Hiralal Shroff Wadi","400029","Mumbai","Mumbai","Maharashtra"
"Hirapur","424108","Jalgaon","Jalgaon","Maharashtra"
"Hirijee Assoo Wadi","400016","Mumbai","Mumbai","Maharashtra"
"Hirji Baug","400015","Mumbai","Mumbai","Maharashtra"
"Hirji Govindji Estate","400008","Mumbai","Mumbai","Maharashtra"
"Hirji Govindji Estate","400015","Mumbai","Mumbai","Maharashtra"
"Hirve Guruji Marg","400025","Mumbai","Mumbai","Maharashtra"
"Hiwarkhed","444914","Amraoti","Amraoti","Maharashtra"
"Hiwarkhed Ruprao","444103","Akola","Akola","Maharashtra"
"Hoeshest House","400021","Mumbai","Mumbai","Maharashtra"
"Holiday Camp","400005","Mumbai","Mumbai","Maharashtra"
"Holiday Camp P O","400005","Mumbai","Mumbai","Maharashtra"
"Holly Cross Road","400007","Mumbai","Mumbai","Maharashtra"
"Home Ground Camp Road","400077","Mumbai","Mumbai","Maharashtra"
"Homi Modi Cross Street","400023","Mumbai","Mumbai","Maharashtra"
"Homi Modi Cross Street N1","400023","Mumbai","Mumbai","Maharashtra"
"Homi Modi Cross Street N2","400023","Mumbai","Mumbai","Maharashtra"
"Homi Modi Street","400023","Mumbai","Mumbai","Maharashtra"
"Hormusjee Street","400005","Mumbai","Mumbai","Maharashtra"
"Hornby Vellard Road 5To13","400018","Mumbai","Mumbai","Maharashtra"
"Horniman Circle","400023","Mumbai","Mumbai","Maharashtra"
"Horse Shoe Valley","400081","Mumbai","Mumbai","Maharashtra"
"Hospital Lane","400001","Mumbai","Mumbai","Maharashtra"
"Hospital Lane","400010","Mumbai","Mumbai","Maharashtra"
"Hotgi","413215","Sholapur","Sholapur","Maharashtra"
"Housing Colony","400078","Mumbai","Mumbai","Maharashtra"
"Hughes Dry Dock","400038","Mumbai","Mumbai","Maharashtra"
"Hukmill Galli","400011","Mumbai","Mumbai","Maharashtra"
"Hukumat Nagar","400028","Mumbai","Mumbai","Maharashtra"
"Hunbow Street","400067","Mumbai","Mumbai","Maharashtra"
"Hupri","416203","Kolhapur","Kolhapur","Maharashtra"
"Husain Patel Marg","400010","Mumbai","Mumbai","Maharashtra"
"Husani Tekdi","400051","Mumbai","Mumbai","Maharashtra"
"Husenbhai Allibhai Veljee","400009","Mumbai","Mumbai","Maharashtra"
"Husseinee Baug","400008","Mumbai","Mumbai","Maharashtra"
"Hutatma Chowk","416203","Kolhapur","Kolhapur","Maharashtra"
"Hutatma Chowk","400023","Mumbai","Mumbai","Maharashtra"
"Hutatma Dattarambhau Marg","400010","Mumbai","Mumbai","Maharashtra"
"Hutatma Prabhakar Marg","400070","Mumbai","Mumbai","Maharashtra"
"Hutatma Shrikant Hedkar","400033","Mumbai","Mumbai","Maharashtra"
"Huzuria Mohalla","400008","Mumbai","Mumbai","Maharashtra"
"I A F Station Pune","411032","Pune","Pune","Maharashtra"
"I A Pinguli","416528","Sindhudurg","Oras","Maharashtra"
"I A T Pune","411025","Pune","Pune","Maharashtra"
"I Block","400060","Mumbai","Mumbai","Maharashtra"
"I C I Colony","400066","Mumbai","Mumbai","Maharashtra"
"I I T Bombay","400076","Mumbai","Mumbai","Maharashtra"
"I I T Road","400067","Mumbai","Mumbai","Maharashtra"
"I N S Saliars House","400021","Mumbai","Mumbai","Maharashtra"
"Ibrahim Mohmed Merchant","400003","Mumbai","Mumbai","Maharashtra"
"Ibrahim Patanwalla","400033","Mumbai","Mumbai","Maharashtra"
"Ibrahim Rahimattalla Road","400003","Mumbai","Mumbai","Maharashtra"
"Ice Factory Lane","400050","Mumbai","Mumbai","Maharashtra"
"Ichalkaranji","416115","Kolhapur","Ichalkaranji","Maharashtra"
"Ichalkaranji","416116","Kolhapur","Ichalkaranji","Maharashtra"
"Ichalkaranji H O","416115","Kolhapur","Kolhapur","Maharashtra"
"Ichalkaranji Kalanagar","416115","Kolhapur","Kolhapur","Maharashtra"
"Ichalkaranji Laxmi Market","416115","Kolhapur","Kolhapur","Maharashtra"
"Ichalkaranji Nadives","416115","Kolhapur","Kolhapur","Maharashtra"
"Ichalkaranji Rui Naka","416115","Kolhapur","Kolhapur","Maharashtra"
"Ichalkaranji Town","416115","Kolhapur","Kolhapur","Maharashtra"
"Ichalkaranji Udyognagar","416115","Kolhapur","Kolhapur","Maharashtra"
"Ideal Industrial Estate","400013","Mumbai","Mumbai","Maharashtra"
"Idgah Maidan","400060","Mumbai","Mumbai","Maharashtra"
"Igatpuri","422403","Nashik","Igatpuri","Maharashtra"
"Illi Wadi","400017","Mumbai","Mumbai","Maharashtra"
"Immwada Road","400009","Mumbai","Mumbai","Maharashtra"
"Income Tax Colony","400026","Mumbai","Mumbai","Maharashtra"
"Indapur","413106","Pune","Indapur","Maharashtra"
"Indian Airlines Quarters","400029","Mumbai","Mumbai","Maharashtra"
"Indian Gymkhana Road","400019","Mumbai","Mumbai","Maharashtra"
"Indian Naval Dockyard","400023","Mumbai","Mumbai","Maharashtra"
"Indian Naval Dockyard","400078","Mumbai","Mumbai","Maharashtra"
"Indian Oil Nagar A To P","400058","Mumbai","Mumbai","Maharashtra"
"Indian Rare Earths","400085","Mumbai","Mumbai","Maharashtra"
"Indira Colony","400057","Mumbai","Mumbai","Maharashtra"
"Indira Dock","400038","Mumbai","Mumbai","Maharashtra"
"Indira Dock Blue Gate","400038","Mumbai","Mumbai","Maharashtra"
"Indira Dock Red Gate","400038","Mumbai","Mumbai","Maharashtra"
"Indira Dock White Gate","400038","Mumbai","Mumbai","Maharashtra"
"Indira Dock Yellow Gate","400038","Mumbai","Mumbai","Maharashtra"
"Indira Nagar","400029","Mumbai","Chandvad","Maharashtra"
"Indira Nagar","400054","Mumbai","Chandvad","Maharashtra"
"Indira Nagar","400055","Mumbai","Chandvad","Maharashtra"
"Indira Nagar","400058","Mumbai","Chandvad","Maharashtra"
"Indira Nagar","400086","Mumbai","Mumbai","Maharashtra"
"Indira Nagar","413004","Sholapur","Sholapur","Maharashtra"
"Indolkar Marg","400057","Mumbai","Mumbai","Maharashtra"
"Indranarayan Street","400054","Mumbai","Mumbai","Maharashtra"
"Indu Baug","400013","Mumbai","Mumbai","Maharashtra"
"Indu Sakrikar Rath","400027","Mumbai","Mumbai","Maharashtra"
"Industrial Area","400022","Mumbai","Mumbai","Maharashtra"
"Industrial Area","440016","Nagpur","Nagpur","Maharashtra"
"Industrial Estate","400012","Mumbai","Mumbai","Maharashtra"
"Industrial Estate","400067","Mumbai","Mumbai","Maharashtra"
"Industrial Estate Nagpur","440026","Nagpur","Nagpur","Maharashtra"
"Industrial Worker Govt Co","400062","Mumbai","Mumbai","Maharashtra"
"Ins Shivajinagar","410402","Pune","Pune","Maharashtra"
"International Tractors","400101","Mumbai","Mumbai","Maharashtra"
"Irani Estate","400050","Mumbai","Mumbai","Maharashtra"
"Irani Wadi","400010","Mumbai","Mumbai","Maharashtra"
"Irani Wadi","400067","Mumbai","Mumbai","Maharashtra"
"Irish Park","400054","Mumbai","Mumbai","Maharashtra"
"Irla","400048","Mumbai","Mumbai","Maharashtra"
"Irla Gavthan","400058","Mumbai","Mumbai","Maharashtra"
"Irla Gavthan Road","400056","Mumbai","Mumbai","Maharashtra"
"Irla Lane","400056","Mumbai","Mumbai","Maharashtra"
"Irla Masajid","400058","Mumbai","Mumbai","Maharashtra"
"Irla Passage Road","400056","Mumbai","Mumbai","Maharashtra"
"Irla Village","400056","Mumbai","Mumbai","Maharashtra"
"Isaji Street","400003","Mumbai","Mumbai","Maharashtra"
"Ishwar Nagar","400078","Mumbai","Mumbai","Maharashtra"
"Ishwarbhai Patel Road","400063","Mumbai","Mumbai","Maharashtra"
"Ishwarlal Parekh Marg","400064","Mumbai","Mumbai","Maharashtra"
"Ishwarlal Park","400057","Mumbai","Mumbai","Maharashtra"
"Isic Nagar","400058","Mumbai","Mumbai","Maharashtra"
"Islam Mill Compu4Ound","400012","Mumbai","Mumbai","Maharashtra"
"Islampur","431803","Nanded","Nanded","Maharashtra"
"Islampura","400004","Mumbai","Mumbai","Maharashtra"
"Islampura","400099","Mumbai","Mumbai","Maharashtra"
"Islampura Cross Lane","400004","Mumbai","Mumbai","Maharashtra"
"Ismail Bagh","400064","Mumbai","Mumbai","Maharashtra"
"Ismail Collage Road","400060","Mumbai","Mumbai","Maharashtra"
"Ismail Katre Cross Road","400003","Mumbai","Mumbai","Maharashtra"
"Ismail Katre Road","400003","Mumbai","Mumbai","Maharashtra"
"Ismail Mohalla","400009","Mumbai","Mumbai","Maharashtra"
"Ispur","445209","Yeotamal","Yeotamal","Maharashtra"
"Ispurli","416207","Kolhapur","Kolhapur","Maharashtra"
"Itela Street","400009","Mumbai","Mumbai","Maharashtra"
"Itethaka Nagar","400050","Mumbai","Mumbai","Maharashtra"
"Itkur","413540","Osmanabad","Osmanabad","Maharashtra"
"Itwara","431604","Nanded","Nanded","Maharashtra"
"Ivanhone","400021","Mumbai","Mumbai","Maharashtra"
"J B Nagar","400059","Mumbai","Mumbai","Maharashtra"
"J C I E Kamothe","410209","Raigarh","Alibag","Maharashtra"
"J K Gram","400606","Thane","Thane","Maharashtra"
"Jacob Circle","400011","Mumbai","Mumbai","Maharashtra"
"Jaffarabad","431206","Jalgaon","Jalgaon","Maharashtra"
"Jagdamba S K","414405","Ahmednagar","Ahmednagar","Maharashtra"
"Jaigad","415614","Ratnagiri","Ratnagiri","Maharashtra"
"Jaikheda","423303","Nashik","Nashik","Maharashtra"
"Jaithapur","415805","Ratnagiri","Ratnagiri","Maharashtra"
"Jalalkheda","441301","Nagpur","Nagpur","Maharashtra"
"Jalamb","444308","Buldhana","Buldhana","Maharashtra"
"Jalan R S","431203","Jalgaon","Jalgaon","Maharashtra"
"Jalgaon Bazar","425001","Jalgaon","Jalgaon","Maharashtra"
"Jalgaon Buldana","443402","Buldhana","Buldhana","Maharashtra"
"Jalgaon Collectorate","425001","Jalgaon","Jalgaon","Maharashtra"
"Jalgaon H O","425001","Jalgaon","Jalgaon","Maharashtra"
"Jalgaon Industrial Estate","425002","Jalgaon","Jalgaon","Maharashtra"
"Jalgaon Navipeth","425001","Jalgaon","Jalgaon","Maharashtra"
"Jalgaon Peth","425001","Jalgaon","Jalgaon","Maharashtra"
"Jalgaon Poona File","425001","Jalgaon","Jalgaon","Maharashtra"
"Jalgaon Rampeth","425001","Jalgaon","Jalgaon","Maharashtra"
"Jalkol","413546","Osmanabad","Osmanabad","Maharashtra"
"Jalna Ambika Bazar","431203","Jalgaon","Jalgaon","Maharashtra"
"Jalna H O","431203","Jalgaon","Jalgaon","Maharashtra"
"Jalna Ind Estate","431203","Jalgaon","Jalgaon","Maharashtra"
"Jalna Mondha","431203","Jalgaon","Jalgaon","Maharashtra"
"Jalna Old","431203","Jalgaon","Jalgaon","Maharashtra"
"Jalna Rakhiv Police","431203","Jalgaon","Jalgaon","Maharashtra"
"Jamgaon","414103","Ahmednagar","Ahmednagar","Maharashtra"
"Jamkhed","413201","Ahmednagar","Jamkhed","Maharashtra"
"Jamner","424206","Jalgaon","Jalgaon","Maharashtra"
"Jamod","443406","Buldhana","Buldhana","Maharashtra"
"Jamsande","416612","Sindhudurg","Oras","Maharashtra"
"Janephal","443304","Buldhana","Buldhana","Maharashtra"
"Janjira Murud","402401","Raigarh","Alibag","Maharashtra"
"Jari Patka","440014","Nagpur","Nagpur","Maharashtra"
"Jarud","444908","Amraoti","Amraoti","Maharashtra"
"Jat","416404","Sangli","Sangli","Maharashtra"
"Jaulka","444508","Akola","Akola","Maharashtra"
"Javala","413309","Sholapur","Sholapur","Maharashtra"
"Jawahar Nagar","416117","Kolhapur","Kolhapur","Maharashtra"
"Jawala","445105","Yeotamal","Yeotamal","Maharashtra"
"Jawhar","401603","Thane","Jawhar","Maharashtra"
"Jaysingpur","416101","Kolhapur","Jaysingpur","Maharashtra"
"Jejuri","412303","Pune","Jejuri","Maharashtra"
"Jeur","414601","Ahmednagar","Ahmednagar","Maharashtra"
"Jeur","413202","Sholapur","Sholapur","Maharashtra"
"Jeur","413235","Sholapur","Sholapur","Maharashtra"
"Jewali","413542","Latur","Latur","Maharashtra"
"Jewali","413612","Osmanabad","Osmanabad","Maharashtra"
"Jintur","431509","Parbhani","Jintur","Maharashtra"
"Jogeshwari","400060","Mumbai","Mumbai","Maharashtra"
"Jogeshwari","400102","Mumbai","Mumbai","Maharashtra"
"Jogeshwari Oshiwara","400060","Mumbai","Mumbai","Maharashtra"
"Johe","402122","Raigarh","Alibag","Maharashtra"
"Jowe","422617","Ahmednagar","Ahmednagar","Maharashtra"
"Juhave","425435","Jalgaon","Jalgaon","Maharashtra"
"Juhu","400049","Mumbai","Mumbai","Maharashtra"
"Junnar","410502","Pune","Junnar","Maharashtra"
"K B Class Co Op Hou Soc","400080","Mumbai","Mumbai","Maharashtra"
"K M S St New Lohar Street","400002","Mumbai","Mumbai","Maharashtra"
"K S Marg Lohar Chawl","400002","Mumbai","Mumbai","Maharashtra"
"K U Bazar","400070","Mumbai","Mumbai","Maharashtra"
"Kada","414202","Beed","Beed","Maharashtra"
"Kadagaon","416210","Kolhapur","Kolhapur","Maharashtra"
"Kadasahkari Sakher","416521","Sindhudurg","Oras","Maharashtra"
"Kadawal","416521","Sindhudurg","Oras","Maharashtra"
"Kadegaon","415304","Sangli","Sangli","Maharashtra"
"Kadepur","415305","Sangli","Sangli","Maharashtra"
"Kadgaon","425125","Jalgaon","Jalgaon","Maharashtra"
"Kadgaon","416536","Kolhapur","Kolhapur","Maharashtra"
"Kadur","412404","Pune","Pune","Maharashtra"
"Kadwai","415609","Ratnagiri","Ratnagiri","Maharashtra"
"Kagal","416216","Kolhapur","Kagal","Maharashtra"
"Kaigaon","424103","Jalgaon","Jalgaon","Maharashtra"
"Kaij","431123","Beed","Beed","Maharashtra"
"Kaivalyadham","400002","Mumbai","Mumbai","Maharashtra"
"Kaiwalyadham","410403","Pune","Pune","Maharashtra"
"Kalamb","413507","Osmanabad","Kalamb","Maharashtra"
"Kalamb","410515","Pune","Kalamb","Maharashtra"
"Kalamb","445401","Yeotamal","Kalamb","Maharashtra"
"Kalamba","416007","Kolhapur","Kolhapur","Maharashtra"
"Kalbadevi Bharat Chamber","400002","Mumbai","Mumbai","Maharashtra"
"Kalbadevi H O","400002","Mumbai","Mumbai","Maharashtra"
"Kalbadevi Hindustan Cham","400002","Mumbai","Mumbai","Maharashtra"
"Kalbadevi Jumna","400002","Mumbai","Mumbai","Maharashtra"
"Kalbadevi Mumbadevi","400002","Mumbai","Mumbai","Maharashtra"
"Kalbadevi Paltan Rd","400002","Mumbai","Mumbai","Maharashtra"
"Kalbadevi Phule Market","400002","Mumbai","Mumbai","Maharashtra"
"Kalbadevi Ramwadi","400002","Mumbai","Mumbai","Maharashtra"
"Kalbadevi Shroff","400002","Mumbai","Mumbai","Maharashtra"
"Kalbadevi Small","400002","Mumbai","Mumbai","Maharashtra"
"Kalbadevi Thakurdwar","400002","Mumbai","Mumbai","Maharashtra"
"Kale","416205","Kolhapur","Kolhapur","Maharashtra"
"Kale","415104","Satara","Satara","Maharashtra"
"Kaledhon","415312","Satara","Satara","Maharashtra"
"Kalgaon","413728","Ahmednagar","Ahmednagar","Maharashtra"
"Kalmeshwar","441501","Nagpur","Nagpur","Maharashtra"
"Kalmi Street","416531","Sindhudurg","Oras","Maharashtra"
"Kalmist","416550","Sindhudurg","Oras","Maharashtra"
"Kalsuli","416620","Sindhudurg","Oras","Maharashtra"
"Kalusta","415618","Ratnagiri","Ratnagiri","Maharashtra"
"Kalvan","423501","Nashik","Nashik","Maharashtra"
"Kalwa","400605","Thane","Thane","Maharashtra"
"Kalyan Bandar Rd","421301","Thane","Thane","Maharashtra"
"Kalyan City H O","421301","Thane","Thane","Maharashtra"
"Kalyan S O","421304","Thane","Thane","Maharashtra"
"Kalyan Subhash Road","421301","Thane","Thane","Maharashtra"
"Kamargaon","444110","Washim","Washim","Maharashtra"
"Kameri","415403","Sangli","Sangli","Maharashtra"
"Kamptee Camp","441001","Nagpur","Nagpur","Maharashtra"
"Kamptee Guards Trg Centre","441001","Nagpur","Nagpur","Maharashtra"
"Kamptee Gujri Bazar","441001","Nagpur","Nagpur","Maharashtra"
"Kamptee H O","441001","Nagpur","Nagpur","Maharashtra"
"Kamshet","410405","Pune","Pune","Maharashtra"
"Kamthi Colliery","441404","Nagpur","Nagpur","Maharashtra"
"Kanalda","425120","Jalgaon","Jalgaon","Maharashtra"
"Kanan Pipri","441401","Nagpur","Nagpur","Maharashtra"
"Kandalgaon","416607","Sindhudurg","Oras","Maharashtra"
"Kande","415416","Sangli","Sangli","Maharashtra"
"Kandivali","400067","Mumbai","Mumbai","Maharashtra"
"Kandivali East","400101","Mumbai","Mumbai","Maharashtra"
"Kanhur","414303","Ahmednagar","Ahmednagar","Maharashtra"
"Kankavli","416602","Sindhudurg","Kankavli","Maharashtra"
"Kankavli Bazar","416602","Sindhudurg","Oras","Maharashtra"
"Kannad","431103","Aurangabad","Kannad","Maharashtra"
"Kantwadi Old & New","400050","Mumbai","Mumbai","Maharashtra"
"Kapad Bazar","400016","Mumbai","Mumbai","Maharashtra"
"Kapad Galli","400004","Mumbai","Mumbai","Maharashtra"
"Kapadna","424307","Dhule","Dhule","Maharashtra"
"Kapadwanj Wadi","400008","Mumbai","Mumbai","Maharashtra"
"Kapidas Compound","400025","Mumbai","Mumbai","Maharashtra"
"Kapidas Patra Chawls","400008","Mumbai","Mumbai","Maharashtra"
"Kapreshwar Mg T Lane","400002","Mumbai","Mumbai","Maharashtra"
"Kapsa Village","400058","Mumbai","Mumbai","Maharashtra"
"Kapshi","444123","Akola","Akola","Maharashtra"
"Kapshi","416218","Kolhapur","Kolhapur","Maharashtra"
"Kapus Galli Tantanpura St","400009","Mumbai","Mumbai","Maharashtra"
"Kapustalani","444713","Amraoti","Amraoti","Maharashtra"
"Karad City","415110","Satara","Satara","Maharashtra"
"Karad H O","415110","Satara","Satara","Maharashtra"
"Karad Mangalwar Peth","415110","Satara","Satara","Maharashtra"
"Karad Market Yard","415110","Satara","Satara","Maharashtra"
"Karad Tilak Peth","415110","Satara","Satara","Maharashtra"
"Karad Vidyanagar","415110","Satara","Satara","Maharashtra"
"Karadkhed","431718","Nanded","Nanded","Maharashtra"
"Karaigaon","444809","Amraoti","Amraoti","Maharashtra"
"Karajgi","413219","Sholapur","Sholapur","Maharashtra"
"Karandikar Wadi","400057","Mumbai","Mumbai","Maharashtra"
"Karani Corss Lane","400086","Mumbai","Mumbai","Maharashtra"
"Karani Lane","400086","Mumbai","Mumbai","Maharashtra"
"Karanja","444105","Akola","Karanja","Maharashtra"
"Karanja","412309","Pune","Pune","Maharashtra"
"Karanja","442203","Wardha","Wardha","Maharashtra"
"Kardi","441917","Bhandara","Bhandara","Maharashtra"
"Karegaon Factory","413717","Ahmednagar","Ahmednagar","Maharashtra"
"Karel Wadi","400002","Mumbai","Mumbai","Maharashtra"
"Karia Wadi","400078","Mumbai","Mumbai","Maharashtra"
"Kariana Bazar Samuel St","400003","Mumbai","Mumbai","Maharashtra"
"Karim Park","400002","Mumbai","Mumbai","Maharashtra"
"Karimbhai Road","400038","Mumbai","Mumbai","Maharashtra"
"Karjat","414402","Ahmednagar","Karjat","Maharashtra"
"Karjat","410201","Raigarh","Alibag","Maharashtra"
"Karji","415727","Ratnagiri","Ratnagiri","Maharashtra"
"Karkamb","413302","Sholapur","Sholapur","Maharashtra"
"Karkhana","424116","Jalgaon","Jalgaon","Maharashtra"
"Karkheli","431803","Nanded","Nanded","Maharashtra"
"Karle","415630","Ratnagiri","Ratnagiri","Maharashtra"
"Karmad","431212","Aurangabad","Aurangabad","Maharashtra"
"Karmala","413203","Sholapur","Karmala","Maharashtra"
"Karmala Town","413203","Sholapur","Sholapur","Maharashtra"
"Karmveer Bhaurao Patil Mg","400021","Mumbai","Mumbai","Maharashtra"
"Karmveer D G Gaikwad Marg","400080","Mumbai","Mumbai","Maharashtra"
"Karnik Wadi","400057","Mumbai","Mumbai","Maharashtra"
"Karodi","441111","Nagpur","Nagpur","Maharashtra"
"Kartiki Co Op Hou Society","400057","Mumbai","Mumbai","Maharashtra"
"Karve","416507","Kolhapur","Kolhapur","Maharashtra"
"Kasa","401607","Thane","Thane","Maharashtra"
"Kasai Mohalla Chinma B St","400003","Mumbai","Mumbai","Maharashtra"
"Kasai Mohalla Nagdevi St","400003","Mumbai","Mumbai","Maharashtra"
"Kasai Wada","400070","Mumbai","Mumbai","Maharashtra"
"Kasal","416603","Sindhudurg","Oras","Maharashtra"
"Kasala Street 1 To 4","400010","Mumbai","Mumbai","Maharashtra"
"Kasam Ali Jivarajwadi","400026","Mumbai","Mumbai","Maharashtra"
"Kasam Baug Kashi Village","400068","Mumbai","Mumbai","Maharashtra"
"Kasam Estate","400060","Mumbai","Mumbai","Maharashtra"
"Kasam Mistry Compound","400010","Mumbai","Mumbai","Maharashtra"
"Kasar Galli C M Street","400010","Mumbai","Mumbai","Maharashtra"
"Kasar Galli Girgaon","400004","Mumbai","Mumbai","Maharashtra"
"Kasar Sirsi","413607","Osmanabad","Osmanabad","Maharashtra"
"Kasar Wadi","400028","Mumbai","Mumbai","Maharashtra"
"Kasara","424310","Dhule","Dhule","Maharashtra"
"Kasara Basin Road","400010","Mumbai","Mumbai","Maharashtra"
"Kasara Bundar","400010","Mumbai","Mumbai","Maharashtra"
"Kasara Gate","400010","Mumbai","Mumbai","Maharashtra"
"Kasara Street 1 To 4","400010","Mumbai","Mumbai","Maharashtra"
"Kasarvadi","411034","Pune","Pune","Maharashtra"
"Kasba","415610","Ratnagiri","Ratnagiri","Maharashtra"
"Kasbapeth","411011","Pune","Pune","Maharashtra"
"Kasbapeth Mangalwar Peth","411011","Pune","Pune","Maharashtra"
"Kasegaon","415404","Sangli","Sangli","Maharashtra"
"Kasegaon","413311","Sholapur","Sholapur","Maharashtra"
"Kashikar Wadi","400062","Mumbai","Mumbai","Maharashtra"
"Kashinath Dhuru Khar Wadi","400025","Mumbai","Mumbai","Maharashtra"
"Kashinath Dhuru Road","400028","Mumbai","Mumbai","Maharashtra"
"Kashinath Dhuru Wadi","400013","Mumbai","Mumbai","Maharashtra"
"Kashinath Road","400034","Mumbai","Mumbai","Maharashtra"
"Kashmir Galli","400026","Mumbai","Mumbai","Maharashtra"
"Kashmiri Compound","400060","Mumbai","Mumbai","Maharashtra"
"Kashti","414701","Ahmednagar","Ahmednagar","Maharashtra"
"Kasnipada","400060","Mumbai","Mumbai","Maharashtra"
"Kasoda","425110","Jalgaon","Jalgaon","Maharashtra"
"Kaspara","421602","Thane","Thane","Maharashtra"
"Kassam Hussain P Chawls","400075","Mumbai","Mumbai","Maharashtra"
"Kastur Park Borivli","400092","Mumbai","Mumbai","Maharashtra"
"Kasturba Gandhi Chowk","400004","Mumbai","Mumbai","Maharashtra"
"Kasturba Road Borivli","400066","Mumbai","Mumbai","Maharashtra"
"Kasturba Road Kandivli","400067","Mumbai","Mumbai","Maharashtra"
"Kasturba Road Malad","400064","Mumbai","Mumbai","Maharashtra"
"Kasturba Road Mulund","400080","Mumbai","Mumbai","Maharashtra"
"Kasturchand Mill Compound","400028","Mumbai","Mumbai","Maharashtra"
"Kasva Bavda","416006","Sangli","Sangli","Maharashtra"
"Katar Khatav","415507","Satara","Satara","Maharashtra"
"Kataria Colony","400016","Mumbai","Mumbai","Maharashtra"
"Kate Mani Vali","421306","Thane","Thane","Maharashtra"
"Katha Bazar Narsi Nath St","400009","Mumbai","Mumbai","Maharashtra"
"Kathipada","400068","Mumbai","Mumbai","Maharashtra"
"Kati","413624","Osmanabad","Osmanabad","Maharashtra"
"Katkhana","414208","Beed","Beed","Maharashtra"
"Katol","441302","Nagpur","Katol","Maharashtra"
"Katol Road","440013","Nagpur","Nagpur","Maharashtra"
"Katradevi Ayashat Road","400012","Mumbai","Mumbai","Maharashtra"
"Katraj","411046","Pune","Pune","Maharashtra"
"Katrak Road","400031","Mumbai","Mumbai","Maharashtra"
"Katta","416604","Sindhudurg","Oras","Maharashtra"
"Katta Wadi","400017","Mumbai","Mumbai","Maharashtra"
"Kattipar","441920","Bhandara","Bhandara","Maharashtra"
"Kattiwadi","400017","Mumbai","Mumbai","Maharashtra"
"Kavalapur","416306","Sangli","Sangli","Maharashtra"
"Kavathe","415516","Satara","Satara","Maharashtra"
"Kavathe Ekhand","416307","Sangli","Sangli","Maharashtra"
"Kavathe Mahankal","416405","Sangli","Sangli","Maharashtra"
"Kavathe Piran","416417","Sangli","Sangli","Maharashtra"
"Kavi Nirar Galli","400002","Mumbai","Mumbai","Maharashtra"
"Kavit Galli Memon Wada Rd","400003","Mumbai","Mumbai","Maharashtra"
"Kavivarya B R Tumbe Chowk","400007","Mumbai","Mumbai","Maharashtra"
"Kavli Galli","400028","Mumbai","Mumbai","Maharashtra"
"Kawali Compound","400013","Mumbai","Mumbai","Maharashtra"
"Kawli Wadi","400025","Mumbai","Mumbai","Maharashtra"
"Kazi Savad Street","400009","Mumbai","Mumbai","Maharashtra"
"Kazi Savad Street 26-223","400003","Mumbai","Mumbai","Maharashtra"
"Kazi Street","400003","Mumbai","Mumbai","Maharashtra"
"Kazipura","400008","Mumbai","Chopda","Maharashtra"
"Kazipura Chowls","400008","Mumbai","Mumbai","Maharashtra"
"Kedarmal Road","400016","Mumbai","Mumbai","Maharashtra"
"Kedgaon","414108","Ahmednagar","Ahmednagar","Maharashtra"
"Kedgaon","412203","Pune","Pune","Maharashtra"
"Keerwadi","400002","Mumbai","Mumbai","Maharashtra"
"Kela Lane J Masjid","400002","Mumbai","Mumbai","Maharashtra"
"Kelavad","441112","Nagpur","Nagpur","Maharashtra"
"Kelgh-Ar","415017","Satara","Satara","Maharashtra"
"Kelkar Wadi","400038","Mumbai","Mumbai","Maharashtra"
"Kelshi","415717","Ratnagiri","Ratnagiri","Maharashtra"
"Keluskar Rd North & South","400028","Mumbai","Mumbai","Maharashtra"
"Kelwa","401401","Thane","Thane","Maharashtra"
"Kelwa Mahim","401402","Thane","Thane","Maharashtra"
"Kelwadi L J Road","400016","Mumbai","Mumbai","Maharashtra"
"Kem","413223","Sholapur","Sholapur","Maharashtra"
"Kemps Corner","400036","Mumbai","Mumbai","Maharashtra"
"Kendne","412413","Pune","Pune","Maharashtra"
"Keni Wadi","400016","Mumbai","Mumbai","Maharashtra"
"Kenjal","415536","Satara","Satara","Maharashtra"
"Kennedy Bridge Gorgaon","400004","Mumbai","Mumbai","Maharashtra"
"Kenniwadi S K Bole Road","400028","Mumbai","Mumbai","Maharashtra"
"Kerala Nagar","400054","Mumbai","Mumbai","Maharashtra"
"Kery Patil Wadi Naigaum","400014","Mumbai","Mumbai","Maharashtra"
"Kesapuri Camp","431142","Beed","Beed","Maharashtra"
"Kesarbaug 2Nd Flank Road","400009","Mumbai","Mumbai","Maharashtra"
"Kesarbaug Lokmanya T Road","400081","Mumbai","Mumbai","Maharashtra"
"Keshavbaug","400002","Mumbai","Mumbai","Maharashtra"
"Keshavji Naik Road","400009","Mumbai","Mumbai","Maharashtra"
"Keshavrao Khadye Clerk Rd","400011","Mumbai","Mumbai","Maharashtra"
"Keshavrao Laxman Borkarmg","400033","Mumbai","Mumbai","Maharashtra"
"Ketakipada","400068","Mumbai","Mumbai","Maharashtra"
"Kevni Gavthan","400058","Mumbai","Mumbai","Maharashtra"
"Kevni Gavthan","400102","Mumbai","Mumbai","Maharashtra"
"Kevni Pada","400060","Mumbai","Mumbai","Maharashtra"
"Kevni Pada 1-55","400058","Mumbai","Mumbai","Maharashtra"
"Kewalram College","400028","Mumbai","Mumbai","Maharashtra"
"Khada Kwasla R S","411024","Pune","Pune","Maharashtra"
"Khada Matunga","400031","Mumbai","Mumbai","Maharashtra"
"Khada Parsee","400008","Mumbai","Mumbai","Maharashtra"
"Khadak Pydhoni Road","400009","Mumbai","Mumbai","Maharashtra"
"Khadakwasala Nc","411023","Pune","Pune","Maharashtra"
"Khadi Masjid New Agra Rd","400070","Mumbai","Mumbai","Maharashtra"
"Khadilkar Road","400004","Mumbai","Mumbai","Maharashtra"
"Khadki","411003","Pune","Pune","Maharashtra"
"Khadki Arshal","411003","Pune","Pune","Maharashtra"
"Khadki Bazar","411003","Pune","Pune","Maharashtra"
"Khadki East","411003","Pune","Pune","Maharashtra"
"Khadki H Factory","411003","Pune","Pune","Maharashtra"
"Khadki Laxmanrao","411003","Pune","Pune","Maharashtra"
"Khaja Wadi","400028","Mumbai","Mumbai","Maharashtra"
"Khajurbhat Wadi","400025","Mumbai","Mumbai","Maharashtra"
"Khajuri Bhatti","400070","Mumbai","Mumbai","Maharashtra"
"Khajuria Road","400067","Mumbai","Mumbai","Maharashtra"
"Khajuria Tank Road","400067","Mumbai","Mumbai","Maharashtra"
"Khalapur","410202","Raigarh","Alibag","Maharashtra"
"Khalashi Lines","400005","Mumbai","Mumbai","Maharashtra"
"Khalasichakla","400003","Mumbai","Mumbai","Maharashtra"
"Khalgaon","415620","Ratnagiri","Ratnagiri","Maharashtra"
"Khallar","444811","Amraoti","Amraoti","Maharashtra"
"Khambadevi Road","400017","Mumbai","Mumbai","Maharashtra"
"Khambata Compound","400008","Mumbai","Mumbai","Maharashtra"
"Khambata Lane Gardens","400027","Mumbai","Mumbai","Maharashtra"
"Khambata Lane Girgaon","400004","Mumbai","Mumbai","Maharashtra"
"Khambata Lane V Gardens","400027","Mumbai","Mumbai","Maharashtra"
"Khamgaon H O","444303","Buldhana","Buldhana","Maharashtra"
"Khamgaon Kalanagar","444303","Buldhana","Buldhana","Maharashtra"
"Khamgaon Lakadgunj","444303","Buldhana","Buldhana","Maharashtra"
"Khamgaon Saraba","444303","Buldhana","Buldhana","Maharashtra"
"Khamla","440025","Nagpur","Nagpur","Maharashtra"
"Khamsa Wadi","413539","Latur","Latur","Maharashtra"
"Khan Abdul Gafar Road","400018","Mumbai","Mumbai","Maharashtra"
"Khan Bahadur A M I Bridge","400007","Mumbai","Mumbai","Maharashtra"
"Khan Estate","400002","Mumbai","Mumbai","Maharashtra"
"Khanapur","425521","Jalgaon","Jalgaon","Maharashtra"
"Khanapur","415307","Sangli","Sangli","Maharashtra"
"Khand Bazar Kazi Sayed St","400003","Mumbai","Mumbai","Maharashtra"
"Khanda Mohalla Mutton St","400008","Mumbai","Mumbai","Maharashtra"
"Khandala","431140","Aurangabad","Aurangabad","Maharashtra"
"Khandala","410301","Pune","Pune","Maharashtra"
"Khandala","412802","Satara","Satara","Maharashtra"
"Khandala","445217","Yeotamal","Yeotamal","Maharashtra"
"Khandaly","423704","Aurangabad","Aurangabad","Maharashtra"
"Khandelwal Nagar","441402","Nagpur","Nagpur","Maharashtra"
"Khandelwalla Udyognagar","400080","Mumbai","Mumbai","Maharashtra"
"Khande-Rajuri","416426","Sangli","Sangli","Maharashtra"
"Khanderao Dolgri","400092","Mumbai","Mumbai","Maharashtra"
"Khanderrao Wadi","400002","Mumbai","Mumbai","Maharashtra"
"Khandesh Mohalla","400058","Mumbai","Mumbai","Maharashtra"
"Khandeshi Mohalla","400058","Mumbai","Mumbai","Maharashtra"
"Khandia Mohalla","400008","Mumbai","Mumbai","Maharashtra"
"Khandia Street","400008","Mumbai","Mumbai","Maharashtra"
"Khandia Street Cross Line","400008","Mumbai","Mumbai","Maharashtra"
"Khandubhai Desai Road","400056","Mumbai","Mumbai","Maharashtra"
"Khandwala Compound","400055","Mumbai","Mumbai","Maharashtra"
"Khansaheb Abdul K Chowk","400002","Mumbai","Mumbai","Maharashtra"
"Khapa","441101","Nagpur","Khapa","Maharashtra"
"Khapar","425419","Dhule","Dhule","Maharashtra"
"Khapar Khed","441102","Nagpur","Nagpur","Maharashtra"
"Khar","400052","Mumbai","Mumbai","Maharashtra"
"Khar Colony","400052","Mumbai","Mumbai","Maharashtra"
"Khar Danda","400052","Mumbai","Mumbai","Maharashtra"
"Khar Gaothan","400052","Mumbai","Mumbai","Maharashtra"
"Khar Market","400052","Mumbai","Mumbai","Maharashtra"
"Khar Pali Road","400052","Mumbai","Mumbai","Maharashtra"
"Khar Road 1 To 22","400052","Mumbai","Mumbai","Maharashtra"
"Khar Shetji Rana Road","400007","Mumbai","Mumbai","Maharashtra"
"Khara Kuwa","400002","Mumbai","Mumbai","Maharashtra"
"Khara Kuwa 1 Agiary Lane","400003","Mumbai","Mumbai","Maharashtra"
"Khara Tank Raod 12-103","400003","Mumbai","Mumbai","Maharashtra"
"Kharangana","442106","Wardha","Wardha","Maharashtra"
"Kharda","413204","Jalgaon","Jalgaon","Maharashtra"
"Khardi","413317","Sholapur","Sholapur","Maharashtra"
"Khareghat Road","400014","Mumbai","Mumbai","Maharashtra"
"Kharek Bazar N N Street","400009","Mumbai","Mumbai","Maharashtra"
"Kharepaten","416703","Sindhudurg","Oras","Maharashtra"
"Khari Bavdi","400026","Mumbai","Mumbai","Maharashtra"
"Kharodi","400095","Mumbai","Mumbai","Maharashtra"
"Kharodi Ins Hamla","400095","Mumbai","Mumbai","Maharashtra"
"Kharodi Village","400064","Mumbai","Mumbai","Maharashtra"
"Kharosa","413560","Latur","Latur","Maharashtra"
"Kharsundi","415308","Sangli","Sangli","Maharashtra"
"Kharwa Galli","400010","Mumbai","Mumbai","Maharashtra"
"Kharwandi Kasar","414113","Jalgaon","Jalgaon","Maharashtra"
"Khat R S","441405","Nagpur","Nagpur","Maharashtra"
"Khatar","415505","Satara","Satara","Maharashtra"
"Khatau Road","400005","Mumbai","Mumbai","Maharashtra"
"Khatau Wadi","400004","Mumbai","Mumbai","Maharashtra"
"Khatau Wadi","400025","Mumbai","Mumbai","Maharashtra"
"Khatau Wadi","400066","Mumbai","Mumbai","Maharashtra"
"Khatrav Lane Takiyaward","400070","Mumbai","Mumbai","Maharashtra"
"Khattar Ali Lane 1To52","400004","Mumbai","Mumbai","Maharashtra"
"Khattar Ali No 1","400002","Mumbai","Mumbai","Maharashtra"
"Khattar Ali No 2","400002","Mumbai","Mumbai","Maharashtra"
"Khattar Ali1&2 Cross Lane","400002","Mumbai","Mumbai","Maharashtra"
"Khed","415709","Ratnagiri","Khed","Maharashtra"
"Khed Shivapur","412205","Pune","Pune","Maharashtra"
"Khedgaon","424107","Jalgaon","Jalgaon","Maharashtra"
"Khedgaon","422205","Nashik","Nashik","Maharashtra"
"Khemraj S K Das Mg","400004","Mumbai","Mumbai","Maharashtra"
"Kherani Raod","400072","Mumbai","Mumbai","Maharashtra"
"Kherdi","415604","Ratnagiri","Kherdi","Maharashtra"
"Khernagar","400051","Mumbai","Mumbai","Maharashtra"
"Kherwadi","400051","Mumbai","Mumbai","Maharashtra"
"Kherwadi Raod","400051","Mumbai","Mumbai","Maharashtra"
"Khetwadi 12Th Cross Lane","400004","Mumbai","Mumbai","Maharashtra"
"Khetwadi Lanes 1To14","400014","Mumbai","Mumbai","Maharashtra"
"Khetwadi Main Road","400004","Mumbai","Mumbai","Maharashtra"
"Khilkhite Wadi","400050","Mumbai","Mumbai","Maharashtra"
"Khimji Lane","400077","Mumbai","Mumbai","Maharashtra"
"Khimji Nagji Compound","400013","Mumbai","Mumbai","Maharashtra"
"Khirdi","425507","Jalgaon","Jalgaon","Maharashtra"
"Khireda","425504","Jalgaon","Jalgaon","Maharashtra"
"Khodad Circle","400014","Mumbai","Mumbai","Maharashtra"
"Khoja Jamatkhana","400058","Mumbai","Mumbai","Maharashtra"
"Khoja Mohalla","400009","Mumbai","Mumbai","Maharashtra"
"Khoja Steet Bara Imam Rd","400003","Mumbai","Mumbai","Maharashtra"
"Khoja Street Corss Lane","400003","Mumbai","Mumbai","Maharashtra"
"Khoja Wadi","400028","Mumbai","Mumbai","Maharashtra"
"Khokha Bazar Sarang Stree","400003","Mumbai","Mumbai","Maharashtra"
"Khokhuni Lane","400077","Mumbai","Mumbai","Maharashtra"
"Kholapur","444802","Amraoti","Amraoti","Maharashtra"
"Khopi","415715","Ratnagiri","Ratnagiri","Maharashtra"
"Khopoli","410203","Raigarh","Khopoli","Maharashtra"
"Khopoli Power House","410204","Raigarh","Alibag","Maharashtra"
"Khuldabad","431101","Aurangabad","Khuldabad","Maharashtra"
"Kihim","402206","Raigarh","Alibag","Maharashtra"
"Kikvi","412217","Pune","Pune","Maharashtra"
"Kingaon","413523","Latur","Latur","Maharashtra"
"Kinhai","415021","Satara","Satara","Maharashtra"
"Kinholi","421403","Thane","Thane","Maharashtra"
"Kinwat","431804","Nanded","Kinwat","Maharashtra"
"Kirgaon","425318","Jalgaon","Jalgaon","Maharashtra"
"Kirloskar Path","411003","Pune","Pune","Maharashtra"
"Kirloskarwadi","416308","Sangli","Sangli","Maharashtra"
"Kisan Veer Nagar","415530","Satara","Satara","Maharashtra"
"Kodoli","416114","Kolhapur","Kodoli","Maharashtra"
"Kokan Bhavan","400614","Thane","Thane","Maharashtra"
"Kokarda","444818","Amraoti","Amraoti","Maharashtra"
"Kokisra","416802","Sindhudurg","Oras","Maharashtra"
"Kokrud","415405","Sindhudurg","Oras","Maharashtra"
"Kol Dongri Galli No 3","400069","Mumbai","Mumbai","Maharashtra"
"Kolad","402304","Raigarh","Alibag","Maharashtra"
"Kole","415103","Satara","Satara","Maharashtra"
"Kole","413314","Sholapur","Sholapur","Maharashtra"
"Kolhapur","416011","Kolhapur","Kolhapur","Maharashtra"
"Kolhapur Babujamat","416002","Kolhapur","Kolhapur","Maharashtra"
"Kolhapur Bhendegalli","416002","Kolhapur","Kolhapur","Maharashtra"
"Kolhapur City H O","416002","Kolhapur","Kolhapur","Maharashtra"
"Kolhapur Juna Rajwada","416002","Kolhapur","Kolhapur","Maharashtra"
"Kolhapur New Palace","416003","Kolhapur","Kolhapur","Maharashtra"
"Kolhapur Pratibhanagar","416001","Kolhapur","Kolhapur","Maharashtra"
"Kolhapur R S H O","416001","Kolhapur","Kolhapur","Maharashtra"
"Kolhapur R S Rankala","416001","Kolhapur","Kolhapur","Maharashtra"
"Kolhapur Shivaji","416001","Kolhapur","Kolhapur","Maharashtra"
"Kolhapur Shivaji Peth","416002","Kolhapur","Kolhapur","Maharashtra"
"Kolhapur Shukra Peth","416002","Kolhapur","Kolhapur","Maharashtra"
"Kolhapur Udyannagar","416001","Kolhapur","Kolhapur","Maharashtra"
"Kolhar","413710","Ahmednagar","Ahmednagar","Maharashtra"
"Kolpewadi","423602","Ahmednagar","Ahmednagar","Maharashtra"
"Komatha","441602","Bhandara","Bhandara","Maharashtra"
"Kondha Kosra","441908","Bhandara","Bhandara","Maharashtra"
"Kondhali","441103","Nagpur","Nagpur","Maharashtra"
"Kopargaon","423601","Ahmednagar","Kopargaon","Maharashtra"
"Kopargaon Town","423601","Ahmednagar","Ahmednagar","Maharashtra"
"Kopri Colony","400603","Thane","Thane","Maharashtra"
"Koradi","441111","Nagpur","Nagpur","Maharashtra"
"Koregaon","414404","Ahmednagar","Ahmednagar","Maharashtra"
"Koregaon","415501","Gadchiroli","Gadchiroli","Maharashtra"
"Kosbad Hill","401703","Thane","Thane","Maharashtra"
"Kothavade","415617","Ratnagiri","Ratnagiri","Maharashtra"
"Kothrud","411029","Pune","Pune","Maharashtra"
"Kotodi","416230","Kolhapur","Kolhapur","Maharashtra"
"Kotul","422610","Ahmednagar","Ahmednagar","Maharashtra"
"Kotwalpura","415510","Satara","Satara","Maharashtra"
"Koulge","416526","Sindhudurg","Oras","Maharashtra"
"Kousadi","431527","Latur","Latur","Maharashtra"
"Kowad","416508","Kolhapur","Kolhapur","Maharashtra"
"Koyna","415207","Sindhudurg","Oras","Maharashtra"
"Kranti Chowk","431005","Aurangabad","Aurangabad","Maharashtra"
"Krishnagar","444104","Akola","Akola","Maharashtra"
"Kudal","415514","Satara","Kudal","Maharashtra"
"Kudal","416520","Sindhudurg","Kudal","Maharashtra"
"Kuditre","416204","Kolhapur","Kolhapur","Maharashtra"
"Kuhi","441202","Nagpur","Nagpur","Maharashtra"
"Kukane","414604","Ahmednagar","Ahmednagar","Maharashtra"
"Kulgaon","421503","Thane","Thane","Maharashtra"
"Kumbhaj","416111","Kolhapur","Kolhapur","Maharashtra"
"Kumbhari","413237","Sholapur","Sholapur","Maharashtra"
"Kundal","416309","Sangli","Sangli","Maharashtra"
"Kundalwadi","431711","Nanded","Kundalwadi","Maharashtra"
"Kupwada","416425","Sangli","Sangli","Maharashtra"
"Kurdu","413230","Sholapur","Sholapur","Maharashtra"
"Kurha","444909","Amraoti","Amraoti","Maharashtra"
"Kurha","425311","Jalgaon","Jalgaon","Maharashtra"
"Kurkhoda","441209","Chandrapur","Chandrapur","Maharashtra"
"Kurla","425311","Jalgaon","Jalgaon","Maharashtra"
"Kurla","400070","Mumbai","Mumbai","Maharashtra"
"Kurla","431742","Nanded","Nanded","Maharashtra"
"Kurla North","400070","Mumbai","Mumbai","Maharashtra"
"Kurla-Chunabhatti","400070","Mumbai","Mumbai","Maharashtra"
"Kurtap","415417","Sangli","Sangli","Maharashtra"
"Kurul","413245","Sholapur","Sholapur","Maharashtra"
"Kurulisidheshwar","415527","Satara","Satara","Maharashtra"
"Kurundvad","416106","Kolhapur","Kurundvad","Maharashtra"
"Kurundwadi","413208","Sholapur","Sholapur","Maharashtra"
"Kurundwadi Rly Colony","413208","Sholapur","Sholapur","Maharashtra"
"Kusumba","424302","Dhule","Dhule","Maharashtra"
"Kuttur","431726","Nanded","Nanded","Maharashtra"
"Kuvum","444115","Akola","Akola","Maharashtra"
"Ladkhed","445208","Yeotamal","Yeotamal","Maharashtra"
"Lakhampur","423213","Nashik","Nashik","Maharashtra"
"Lakhandul","441803","Bhandara","Bhandara","Maharashtra"
"Lakhani","441804","Bhandara","Bhandara","Maharashtra"
"Langane","415309","Sangli","Sangli","Maharashtra"
"Lanja","416101","Kolhapur","Lanja","Maharashtra"
"Lasalgaon","422306","Kolhapur","Lasalgaon","Maharashtra"
"Lasur Stn","423702","Aurangabad","Aurangabad","Maharashtra"
"Lasurna","413117","Pune","Pune","Maharashtra"
"Lat","416130","Kolhapur","Kolhapur","Maharashtra"
"Latur H O","413512","Latur","Latur","Maharashtra"
"Latur Labour Colony","413512","Latur","Latur","Maharashtra"
"Latur Patel Road","413512","Latur","Latur","Maharashtra"
"Latwan","415202","Ratnagiri","Ratnagiri","Maharashtra"
"Lavel","415708","Ratnagiri","Ratnagiri","Maharashtra"
"Laxminagar","440022","Nagpur","Nagpur","Maharashtra"
"Laxmiwadi","423103","Ahmednagar","Ahmednagar","Maharashtra"
"Leet","413534","Osmanabad","Osmanabad","Maharashtra"
"Limbgaon","431735","Nanded","Nanded","Maharashtra"
"Limbgave","415015","Satara","Satara","Maharashtra"
"Limgare","415015","Satara","Satara","Maharashtra"
"Loha","431708","Nanded","Loha","Maharashtra"
"Lohara","441930","Bhandara","Bhandara","Maharashtra"
"Lohara","413547","Osmanabad","Osmanabad","Maharashtra"
"Lohara","413608","Gadchiroli","Gadchiroli","Maharashtra"
"Lohare","424209","Jalgaon","Jalgaon","Maharashtra"
"Lohgaon","431732","Nanded","Nanded","Maharashtra"
"Lohi","445210","Yeotamal","Yeotamal","Maharashtra"
"Lohoner","423304","Nashik","Nashik","Maharashtra"
"Lonand","415521","Satara","Satara","Maharashtra"
"Lonar","443302","Buldhana","Lonar","Maharashtra"
"Lonavala","410401","Pune","Lonavala","Maharashtra"
"Lonavala Bazar","410401","Pune","Pune","Maharashtra"
"Lone Bhapkar","412310","Pune","Pune","Maharashtra"
"Loni B K","413736","Ahmednagar","Ahmednagar","Maharashtra"
"Loni Kalbhor","412201","Pune","Pune","Maharashtra"
"Loni Khurd","413713","Ahmednagar","Ahmednagar","Maharashtra"
"Lota","415722","Ratnagiri","Ratnagiri","Maharashtra"
"M B Raut Road","400028","Mumbai","Mumbai","Maharashtra"
"M C Javle Road","400028","Mumbai","Mumbai","Maharashtra"
"M Dayanand Saraswati Marg","400071","Mumbai","Mumbai","Maharashtra"
"M Deshpande Marg","400069","Mumbai","Mumbai","Maharashtra"
"M Drive No 80To100A N S R","400002","Mumbai","Mumbai","Maharashtra"
"M E S Camp","400078","Mumbai","Mumbai","Maharashtra"
"M G Udyan","414001","Ahmednagar","Ahmednagar","Maharashtra"
"M I D C Kolhapur","416122","Kolhapur","Kolhapur","Maharashtra"
"M I D C Plots","400093","Mumbai","Mumbai","Maharashtra"
"M I D C Satara","415004","Satara","Satara","Maharashtra"
"M I D C Sholapur","413006","Sholapur","Sholapur","Maharashtra"
"M I D C Taloja","410208","Raigarh","Alibag","Maharashtra"
"M I D C Wardha","442006","Wardha","Wardha","Maharashtra"
"M I G Colony","400051","Mumbai","Mumbai","Maharashtra"
"M I R C Ahmednagar","414410","Ahmednagar","Ahmednagar","Maharashtra"
"M Industrial Estate","400008","Mumbai","Mumbai","Maharashtra"
"M J Market Cross Lane","400002","Mumbai","Mumbai","Maharashtra"
"M J Market Lane C G C L","400002","Mumbai","Mumbai","Maharashtra"
"M L A Hostel","400032","Mumbai","Mumbai","Maharashtra"
"M L Dahanukar Marg C R","400026","Mumbai","Mumbai","Maharashtra"
"M L Dhuru Wadi","400028","Mumbai","Mumbai","Maharashtra"
"M Labour Camp","400025","Mumbai","Mumbai","Maharashtra"
"M Labour Camp","400089","Mumbai","Mumbai","Maharashtra"
"M M G Sangrahalaya Marg","400014","Mumbai","Mumbai","Maharashtra"
"M M Market","400007","Mumbai","Mumbai","Maharashtra"
"M Mandir Marg","400008","Mumbai","Mumbai","Maharashtra"
"M Mandir X Marg-Club X Rd","400008","Mumbai","Mumbai","Maharashtra"
"M N Kale Marg","400028","Mumbai","Mumbai","Maharashtra"
"M Narayanrao Koli Marg","400002","Mumbai","Mumbai","Maharashtra"
"M Parade","400018","Mumbai","Mumbai","Maharashtra"
"M R Dhuru Wadi","400028","Mumbai","Mumbai","Maharashtra"
"M Shaukat Ali Rd 141To159","400004","Mumbai","Mumbai","Maharashtra"
"M Shaukat Ali Rd 1To137","400003","Mumbai","Mumbai","Maharashtra"
"M Shaukat Ali Rd 92To138","400008","Mumbai","Mumbai","Maharashtra"
"M V Donde Marg","400012","Mumbai","Mumbai","Maharashtra"
"M V Donde Marg","400015","Mumbai","Mumbai","Maharashtra"
"M Visanji Rd","400072","Mumbai","Mumbai","Maharashtra"
"M Visanji Rd Andheri Rd","400067","Mumbai","Mumbai","Maharashtra"
"Macbeth Lane","400008","Mumbai","Mumbai","Maharashtra"
"Machhali Mar Colony","400061","Mumbai","Mumbai","Maharashtra"
"Machhi Bazar Abdul R S","400003","Mumbai","Mumbai","Maharashtra"
"Machhi Bundar","400005","Mumbai","Mumbai","Maharashtra"
"Machhi Mar Camp","400058","Mumbai","Mumbai","Maharashtra"
"Machhimar Nagar","400016","Mumbai","Mumbai","Maharashtra"
"Machhiwala Compound","400010","Mumbai","Mumbai","Maharashtra"
"Madakhed","443407","Buldhana","Buldhana","Maharashtra"
"Madam Cama Northern Side","400002","Mumbai","Mumbai","Maharashtra"
"Madam Cama Road","400032","Mumbai","Mumbai","Maharashtra"
"Madam Wadi","400050","Mumbai","Mumbai","Maharashtra"
"Madanpura Byculla","400008","Mumbai","Mumbai","Maharashtra"
"Madanpura J Circle","400011","Mumbai","Mumbai","Maharashtra"
"Madh","413416","Sholapur","Sholapur","Maharashtra"
"Madh Island","400058","Mumbai","Mumbai","Maharashtra"
"Madha","413209","Sholapur","Sholapur","Maharashtra"
"Madha Mangalwar Peth","413209","Sholapur","Sholapur","Maharashtra"
"Madhav Baug","400004","Mumbai","Mumbai","Maharashtra"
"Madhav Bhavan","400013","Mumbai","Mumbai","Maharashtra"
"Madhav Galli","400002","Mumbai","Mumbai","Maharashtra"
"Madhav Narar","400058","Mumbai","Mumbai","Maharashtra"
"Madhav Wadi","400014","Mumbai","Mumbai","Maharashtra"
"Madhavdas Amarsey Road","400058","Mumbai","Mumbai","Maharashtra"
"Madhavji Market","400002","Mumbai","Mumbai","Maharashtra"
"Madhavraj Galli M J Marke","400002","Mumbai","Mumbai","Maharashtra"
"Madhavrao Gangan Path","400011","Mumbai","Mumbai","Maharashtra"
"Madhavrao Palav Marg","400013","Mumbai","Mumbai","Maharashtra"
"Madhavrao Peshva Marg","400069","Mumbai","Mumbai","Maharashtra"
"Madhavrao Raokade Road","400009","Mumbai","Mumbai","Maharashtra"
"Madhavrao Savant Road","400050","Mumbai","Mumbai","Maharashtra"
"Madheli","442910","Chandrapur","Chandrapur","Maharashtra"
"Madhla Pada","400052","Mumbai","Mumbai","Maharashtra"
"Madhu Park","400052","Mumbai","Mumbai","Maharashtra"
"Madhukar Kavli Wadi","400028","Mumbai","Mumbai","Maharashtra"
"Madhukar Sahakari","416514","Sindhudurg","Oras","Maharashtra"
"Madhvnagar","416406","Sangli","Sangli","Maharashtra"
"Madke Bawa Chowk P Circle","400012","Mumbai","Mumbai","Maharashtra"
"Madmadhavdas Pasta Road","400014","Mumbai","Mumbai","Maharashtra"
"Madras Zopadpatti","400055","Mumbai","Mumbai","Maharashtra"
"Madura","416514","Sindhudurg","Oras","Maharashtra"
"Mafatlal Park","400026","Mumbai","Mumbai","Maharashtra"
"Magan Baug","400004","Mumbai","Mumbai","Maharashtra"
"Magan Nathuaram Road","400070","Mumbai","Mumbai","Maharashtra"
"Maganlal Nagar","400007","Mumbai","Mumbai","Maharashtra"
"Magathani","400066","Mumbai","Mumbai","Maharashtra"
"Magazine Road","400010","Mumbai","Mumbai","Maharashtra"
"Magdalla Road","400005","Mumbai","Mumbai","Maharashtra"
"Mahabaleshwar","412806","Satara","Mahabaleshwar","Maharashtra"
"Mahad","402301","Raigarh","Mahad","Maharashtra"
"Mahad Naripeth","402301","Raigarh","Alibag","Maharashtra"
"Mahadeo Bawa Dandekar M","400052","Mumbai","Mumbai","Maharashtra"
"Mahadeo Churiwadi","400005","Mumbai","Mumbai","Maharashtra"
"Mahadeo Wadi","400012","Mumbai","Ambegaon","Maharashtra"
"Mahadev Palav Marag C R","400012","Mumbai","Mumbai","Maharashtra"
"Mahadev Palav Marg","400012","Mumbai","Mumbai","Maharashtra"
"Mahadev Parmeshwar Road","400077","Mumbai","Mumbai","Maharashtra"
"Mahadev Shankar Lane","400002","Mumbai","Mumbai","Maharashtra"
"Mahadevbhai Desai Chawl","400002","Mumbai","Mumbai","Maharashtra"
"Mahadevbhai Desai Road","400066","Mumbai","Mumbai","Maharashtra"
"Mahadevbhai Desai Road","400067","Mumbai","Mumbai","Maharashtra"
"Mahagaon","416503","Kolhapur","Kolhapur","Maharashtra"
"Mahagaon","445205","Yeotamal","Yeotamal","Maharashtra"
"Mahagaon Kasba","445110","Yeotamal","Yeotamal","Maharashtra"
"Mahajan","400002","Mumbai","Mumbai","Maharashtra"
"Mahajan Gully Mutter Gull","400002","Mumbai","Mumbai","Maharashtra"
"Mahakali Chawl","400003","Mumbai","Mumbai","Maharashtra"
"Mahakali Mandir Road","400093","Mumbai","Mumbai","Maharashtra"
"Mahakali Nagar Zopadpatti","400025","Mumbai","Mumbai","Maharashtra"
"Mahakali Road","400093","Mumbai","Mumbai","Maharashtra"
"Mahakali Zopadpatti","400093","Mumbai","Mumbai","Maharashtra"
"Mahakavi Bhushan Marg","400039","Mumbai","Mumbai","Maharashtra"
"Mahakavi Kalidas Marg","400080","Mumbai","Mumbai","Maharashtra"
"Mahalaxmi Bridge","400011","Mumbai","Mumbai","Maharashtra"
"Mahalaxmi Co Op Hsg Socty","400016","Mumbai","Mumbai","Maharashtra"
"Mahalaxmi Industrial Est","400013","Mumbai","Mumbai","Maharashtra"
"Mahalaxmi Nagar Zopadpati","400025","Mumbai","Mumbai","Maharashtra"
"Mahalaxmi Race Course","400034","Mumbai","Mumbai","Maharashtra"
"Mahalaxmi Street Wadi B","400009","Mumbai","Mumbai","Maharashtra"
"Mahalaxmi Temple Lane","400026","Mumbai","Mumbai","Maharashtra"
"Mahamahopadhyaya Dr K M","400032","Mumbai","Mumbai","Maharashtra"
"Mahan","444405","Akola","Akola","Maharashtra"
"Mahant Road","400057","Mumbai","Mumbai","Maharashtra"
"Mahant Road","400064","Mumbai","Mumbai","Maharashtra"
"Mahapalika Marg C S Road","400001","Mumbai","Mumbai","Maharashtra"
"Mahapalika Sabagriha Marg","400039","Mumbai","Mumbai","Maharashtra"
"Maharana Pratap Chowk","400010","Mumbai","Mumbai","Maharashtra"
"Maharana Pratapnagar","400017","Mumbai","Mumbai","Maharashtra"
"Maharani Lamibai Chowk","400022","Mumbai","Mumbai","Maharashtra"
"Maharashtra E R I","413306","Sholapur","Sholapur","Maharashtra"
"Maharashtra Govt Hsg Sty","400022","Mumbai","Mumbai","Maharashtra"
"Maharashtra Housing Baord","400051","Mumbai","Mumbai","Maharashtra"
"Maharashtra Housing Baord","400098","Mumbai","Mumbai","Maharashtra"
"Maharashtra Housing Baord","400099","Mumbai","Mumbai","Maharashtra"
"Maharashtra Housing Colon","400068","Mumbai","Mumbai","Maharashtra"
"Maharashtra Housing Socit","400071","Mumbai","Mumbai","Maharashtra"
"Maharashtra Nagar","400078","Mumbai","Mumbai","Maharashtra"
"Maharashtra Nagar","400092","Mumbai","Mumbai","Maharashtra"
"Maharashtra Pradesh C C","400021","Mumbai","Mumbai","Maharashtra"
"Maharashtra State Lawns","400021","Mumbai","Mumbai","Maharashtra"
"Maharashtra Stones","400068","Mumbai","Mumbai","Maharashtra"
"Maharastra Hsg Board Buld","400033","Mumbai","Mumbai","Maharashtra"
"Maharshi Arvind Chawk P R","400080","Mumbai","Mumbai","Maharashtra"
"Maharshi Karve Marg","400004","Mumbai","Mumbai","Maharashtra"
"Maharshi Karve Road Q R","400002","Mumbai","Mumbai","Maharashtra"
"Maharshi Karve Road Q R","400021","Mumbai","Mumbai","Maharashtra"
"Mahatma Gandhi Road","400012","Mumbai","Mumbai","Maharashtra"
"Mahatma Gandhi Road","400077","Mumbai","Mumbai","Maharashtra"
"Mahatma Gandhi Road","400086","Mumbai","Mumbai","Maharashtra"
"Mahatma Gandhi Road Boriv","400066","Mumbai","Mumbai","Maharashtra"
"Mahatma Gandhi Road E R","400023","Mumbai","Mumbai","Maharashtra"
"Mahatma Gandhi Road Gore","400062","Mumbai","Mumbai","Maharashtra"
"Mahatma Gandhi Road Kandi","400067","Mumbai","Mumbai","Maharashtra"
"Mahatma Gandhi Road Mulun","400080","Mumbai","Mumbai","Maharashtra"
"Mahatma Gandhi Road S C","400022","Mumbai","Mumbai","Maharashtra"
"Mahatma Gandhi Road W S","400020","Mumbai","Mumbai","Maharashtra"
"Mahatma Jyotiba Phule Mar","400014","Mumbai","Mumbai","Maharashtra"
"Mahatma Kabirnagar","400099","Mumbai","Mumbai","Maharashtra"
"Mahatma Meghji Road","400080","Mumbai","Mumbai","Maharashtra"
"Mahatma Phule Bakward C","400021","Mumbai","Mumbai","Maharashtra"
"Mahatma Phule Bazar","413722","Ahmednagar","Ahmednagar","Maharashtra"
"Mahatma Phule Nagar","400099","Mumbai","Mumbai","Maharashtra"
"Mahatma Phule Road Mulund","400081","Mumbai","Mumbai","Maharashtra"
"Mahatma Raj Guru Marg","400021","Mumbai","Mumbai","Maharashtra"
"Mahavinagar Gokhale Road","400067","Mumbai","Mumbai","Maharashtra"
"Mahavinagar Shankar Lane","400067","Mumbai","Mumbai","Maharashtra"
"Mahendra And Mahendra","400101","Mumbai","Mumbai","Maharashtra"
"Mahendranaghar Kailaspuri","400064","Mumbai","Mumbai","Maharashtra"
"Mahendranaghar S V Road","400062","Mumbai","Mumbai","Maharashtra"
"Mahila Patel Agiary Stree","400007","Mumbai","Mumbai","Maharashtra"
"Mahilashram Road","400019","Mumbai","Mumbai","Maharashtra"
"Mahim Bazar","400016","Mumbai","Mumbai","Maharashtra"
"Mahim Bazar Road","400016","Mumbai","Mumbai","Maharashtra"
"Mahim Cansway","400016","Mumbai","Mumbai","Maharashtra"
"Mahim East","400016","Mumbai","Mumbai","Maharashtra"
"Mahim East Road","400016","Mumbai","Mumbai","Maharashtra"
"Mahim Fort Road","400016","Mumbai","Mumbai","Maharashtra"
"Mahim H O","400016","Mumbai","Mumbai","Maharashtra"
"Mahim Hardinge","400016","Mumbai","Mumbai","Maharashtra"
"Mahim Kapad Bazar","400016","Mumbai","Mumbai","Maharashtra"
"Mahim Mobile P O No 3","400016","Mumbai","Mumbai","Maharashtra"
"Mahim Mori Road","400016","Mumbai","Mumbai","Maharashtra"
"Mahim Senapati","400016","Mumbai","Mumbai","Maharashtra"
"Mahisgaon","413250","Sholapur","Sholapur","Maharashtra"
"Mahore","431721","Nanded","Nanded","Maharashtra"
"Mahud","413306","Sholapur","Sholapur","Maharashtra"
"Mahul Road Village","400074","Mumbai","Mumbai","Maharashtra"
"Mahuli","415310","Sangli","Sangli","Maharashtra"
"Main Avenue","400034","Mumbai","Mumbai","Maharashtra"
"Main Avenue","400054","Mumbai","Mumbai","Maharashtra"
"Maindargi","413217","Sholapur","Maindargi","Maharashtra"
"Majas Road","400060","Mumbai","Mumbai","Maharashtra"
"Majas Road Rekdei","400060","Mumbai","Mumbai","Maharashtra"
"Majas Wadi","400060","Mumbai","Mumbai","Maharashtra"
"Majgaon","416541","Sindhudurg","Oras","Maharashtra"
"Majithia Nagar","400067","Mumbai","Mumbai","Maharashtra"
"Majiwada","400609","Thane","Thane","Maharashtra"
"Major Hemant Manjrekar M","400037","Mumbai","Mumbai","Maharashtra"
"Major Vetri Nathan Cross","400005","Mumbai","Mumbai","Maharashtra"
"Major Vetri Nathan Marg","400005","Mumbai","Mumbai","Maharashtra"
"Makhjan","415608","Ratnagiri","Ratnagiri","Maharashtra"
"Makka Wadi","400070","Mumbai","Mumbai","Maharashtra"
"Makrani Mohalla","400060","Mumbai","Mumbai","Maharashtra"
"Makrani Pada","400064","Mumbai","Mumbai","Maharashtra"
"Mala","400050","Mumbai","Mumbai","Maharashtra"
"Mala Road","400050","Mumbai","Mumbai","Maharashtra"
"Malabar Hill Road Mulund","400082","Mumbai","Mumbai","Maharashtra"
"Malad","400064","Mumbai","Shahapur","Maharashtra"
"Malad East","400064","Mumbai","Mumbai","Maharashtra"
"Malad East","400097","Mumbai","Mumbai","Maharashtra"
"Malad Liberty Gardern","400064","Mumbai","Mumbai","Maharashtra"
"Malapakhadi","400050","Mumbai","Mumbai","Maharashtra"
"Malavani Muni Colony","400064","Mumbai","Mumbai","Maharashtra"
"Malavani Village","400064","Mumbai","Mumbai","Maharashtra"
"Malaviya Road","400057","Mumbai","Mumbai","Maharashtra"
"Malbar Hill","400006","Mumbai","Mumbai","Maharashtra"
"Malbar Walkeshwar Road","400006","Mumbai","Mumbai","Maharashtra"
"Malcum Bang","400102","Mumbai","Mumbai","Maharashtra"
"Malegaon","444503","Akola","Malegaon","Maharashtra"
"Malegaon B K","413115","Pune","Pune","Maharashtra"
"Malegaon Camp","423105","Nashik","Nashik","Maharashtra"
"Malegaon Market Yard","423203","Nashik","Nashik","Maharashtra"
"Malegaon Navapur Ward","423203","Nashik","Nashik","Maharashtra"
"Malegaon Sangameshwar","423203","Nashik","Nashik","Maharashtra"
"Malegaon Town H O","423203","Nashik","Nashik","Maharashtra"
"Malekar Wadi","400089","Mumbai","Mumbai","Maharashtra"
"Malet Bunder Chambhar Gdi","400009","Mumbai","Mumbai","Maharashtra"
"Malet Bunder Road","400009","Mumbai","Mumbai","Maharashtra"
"Malgaon","416407","Sangli","Sangli","Maharashtra"
"Malgaon","416540","Sindhudurg","Oras","Maharashtra"
"Malgund","415615","Ratnagiri","Ratnagiri","Maharashtra"
"Malharpeth Karad","415205","Satara","Satara","Maharashtra"
"Malharrao Wadi","400002","Mumbai","Mumbai","Maharashtra"
"Malinagar","400065","Mumbai","Mumbai","Maharashtra"
"Malinagar","413108","Sholapur","Sholapur","Maharashtra"
"Malkapur","443101","Buldhana","Malkapur","Maharashtra"
"Malkapur","415101","Kolhapur","Malkapur","Maharashtra"
"Malkapur City","443101","Buldhana","Buldhana","Maharashtra"
"Mallam Market","400007","Mumbai","Mumbai","Maharashtra"
"Mallappa Hill","400093","Mumbai","Mumbai","Maharashtra"
"Malsiras","413107","Sholapur","Sholapur","Maharashtra"
"Malthan","412218","Pune","Pune","Maharashtra"
"Malumbra","413623","Osmanabad","Osmanabad","Maharashtra"
"Malvan City","416606","Sindhudurg","Oras","Maharashtra"
"Malvan H O","416606","Sindhudurg","Oras","Maharashtra"
"Mama Parmanand Marg","400004","Mumbai","Mumbai","Maharashtra"
"Mama Varerkar Bridge S B","400007","Mumbai","Mumbai","Maharashtra"
"Mana","444106","Akola","Akola","Maharashtra"
"Manaji Rajuji Road","400008","Mumbai","Mumbai","Maharashtra"
"Manas Mandir Wardha","442005","Wardha","Wardha","Maharashtra"
"Manav Mandir Road","400006","Mumbai","Mumbai","Maharashtra"
"Manchar","410503","Pune","Manchar","Maharashtra"
"Mancherji Joshi Road","400014","Mumbai","Mumbai","Maharashtra"
"Manchubhai Road","400064","Mumbai","Mumbai","Maharashtra"
"Manda","441104","Nagpur","Nagpur","Maharashtra"
"Manda","421605","Thane","Thane","Maharashtra"
"Mandal","425439","Jalgaon","Jalgaon","Maharashtra"
"Mandala Village","400074","Mumbai","Mumbai","Maharashtra"
"Mandangad","415203","Ratnagiri","Ratnagiri","Maharashtra"
"Mandapeshwar","400103","Mumbai","Mumbai","Maharashtra"
"Mandapewshwar Road V P R","400092","Mumbai","Mumbai","Maharashtra"
"Mandavgan","414101","Ahmednagar","Ahmednagar","Maharashtra"
"Mandavgan Farata","414101","Ahmednagar","Ahmednagar","Maharashtra"
"Mande Lines","400005","Mumbai","Mumbai","Maharashtra"
"Mandhal","441210","Nagpur","Nagpur","Maharashtra"
"Mandhar Compound","400051","Mumbai","Mumbai","Maharashtra"
"Mandlik Road","400039","Mumbai","Mumbai","Maharashtra"
"Mandrekar Wadi","400057","Mumbai","Mumbai","Maharashtra"
"Mandrup","413221","Sholapur","Sholapur","Maharashtra"
"Mandvi","431805","Nanded","Nanded","Maharashtra"
"Mandvi B P Lane","400003","Mumbai","Mumbai","Maharashtra"
"Mandvi H O","400003","Mumbai","Mumbai","Maharashtra"
"Mandvi Masjid","400003","Mumbai","Mumbai","Maharashtra"
"Mandvi Noorbag","400003","Mumbai","Mumbai","Maharashtra"
"Mandvi Null Bazar","400003","Mumbai","Mumbai","Maharashtra"
"Mandvi Vadgadi","400003","Mumbai","Mumbai","Maharashtra"
"Maneck Ashram","400058","Mumbai","Mumbai","Maharashtra"
"Maneckji Street","400005","Mumbai","Mumbai","Maharashtra"
"Manegaon","413410","Sholapur","Sholapur","Maharashtra"
"Manegaon Road","445303","Yeotamal","Yeotamal","Maharashtra"
"Manekji Padmsi Wadi","400086","Mumbai","Mumbai","Maharashtra"
"Manekji Petit Mills Comp","400034","Mumbai","Mumbai","Maharashtra"
"Manekji Road","400005","Mumbai","Mumbai","Maharashtra"
"Maneklal C Chinai Marg","400061","Mumbai","Mumbai","Maharashtra"
"Manerajuri","416408","Sangli","Sangli","Maharashtra"
"Mang Lane","400050","Mumbai","Mumbai","Maharashtra"
"Mangal Road","400078","Mumbai","Mumbai","Maharashtra"
"Mangal Wadi","400049","Mumbai","Mumbai","Maharashtra"
"Mangalal Wadi","400017","Mumbai","Mumbai","Maharashtra"
"Mangaldas Market","400002","Mumbai","Mumbai","Maharashtra"
"Mangaldas Road","400002","Mumbai","Mumbai","Maharashtra"
"Mangaldas Wadi","400004","Mumbai","Mumbai","Maharashtra"
"Mangaon","402104","Raigarh","Alibag","Maharashtra"
"Mangaon","416519","Sindhudurg","Oras","Maharashtra"
"Mangesh Shenoy Street","400001","Mumbai","Mumbai","Maharashtra"
"Mangeshrao S Road","400068","Mumbai","Mumbai","Maharashtra"
"Manghatram Compound","400078","Mumbai","Mumbai","Maharashtra"
"Mangle","415418","Sangli","Sangli","Maharashtra"
"Manglore Street","400038","Mumbai","Mumbai","Maharashtra"
"Mangrukpir","444403","Akola","Akola","Maharashtra"
"Mangrul","425437","Jalgaon","Jalgaon","Maharashtra"
"Mangrul","413616","Osmanabad","Osmanabad","Maharashtra"
"Mangrul","413232","Sholapur","Sholapur","Maharashtra"
"Mangrul Dastagir","444711","Amraoti","Amraoti","Maharashtra"
"Mani Market","400002","Mumbai","Mumbai","Maharashtra"
"Maniar Galli","400002","Mumbai","Mumbai","Maharashtra"
"Manipada","400098","Mumbai","Mumbai","Maharashtra"
"Manjarda","416317","Sangli","Sangli","Maharashtra"
"Manjari Farm","412307","Pune","Pune","Maharashtra"
"Manji Shet Wadi","400012","Mumbai","Mumbai","Maharashtra"
"Manji Wadi","400017","Mumbai","Mumbai","Maharashtra"
"Manjlalegaon","431131","Beed","Beed","Maharashtra"
"Manker Wadi","400025","Mumbai","Mumbai","Maharashtra"
"Mankeshwar Temple","400010","Mumbai","Mumbai","Maharashtra"
"Mankhurd Agarwadi","400074","Mumbai","Mumbai","Maharashtra"
"Mankhurd Village","400074","Mumbai","Mumbai","Maharashtra"
"Manmad","423104","Nashik","Manmad","Maharashtra"
"Manmala Tank Road","400016","Mumbai","Mumbai","Maharashtra"
"Manoharbhaskar Kavli Wadi","400028","Mumbai","Mumbai","Maharashtra"
"Manor","401403","Thane","Manor","Maharashtra"
"Manora","444404","Akola","Akola","Maharashtra"
"Manordas Street","400001","Mumbai","Mumbai","Maharashtra"
"Manori Village","400064","Mumbai","Mumbai","Maharashtra"
"Manpada","421204","Thane","Thane","Maharashtra"
"Mansar","441406","Nagpur","Mansar","Maharashtra"
"Mansion Road","400009","Mumbai","Mumbai","Maharashtra"
"Mantha","431504","Jalgaon","Jalgaon","Maharashtra"
"Manthan Pada","400067","Mumbai","Mumbai","Maharashtra"
"Mantralaya","400032","Mumbai","Mumbai","Maharashtra"
"Mantralya Secretariate","400032","Mumbai","Mumbai","Maharashtra"
"Manwath","431505","Parbhani","Manwath","Maharashtra"
"Maoji Rathod Road","400010","Mumbai","Mumbai","Maharashtra"
"Mapla Market","400003","Mumbai","Mumbai","Maharashtra"
"Mapla Wadi","400010","Mumbai","Mumbai","Maharashtra"
"Maralhareli","415212","Satara","Satara","Maharashtra"
"Maram","413605","Osmanabad","Osmanabad","Maharashtra"
"Maratha Colony","400068","Mumbai","Mumbai","Maharashtra"
"Maratha Plague Hosp Compo","400027","Mumbai","Mumbai","Maharashtra"
"Marathwada A Uni Parbhani","431402","Aurangabad","Aurangabad","Maharashtra"
"Marathwada Vidyapeeth","431004","Aurangabad","Aurangabad","Maharashtra"
"Mareen Lane","400067","Mumbai","Mumbai","Maharashtra"
"Marg Tambhane","415702","Ratnagiri","Ratnagiri","Maharashtra"
"Margues Wadi","400028","Mumbai","Mumbai","Maharashtra"
"Mari Aai Temple Road","400052","Mumbai","Mumbai","Maharashtra"
"Marine Line Rly Station","400002","Mumbai","Mumbai","Maharashtra"
"Marine Lines","400002","Mumbai","Mumbai","Maharashtra"
"Marine Lines","400020","Mumbai","Mumbai","Maharashtra"
"Marine Lines 1St X Lane","400020","Mumbai","Mumbai","Maharashtra"
"Marine Lines X Rd No 1&2","400020","Mumbai","Mumbai","Maharashtra"
"Marine Street","400023","Mumbai","Mumbai","Maharashtra"
"Market Bunder Road","400009","Mumbai","Mumbai","Maharashtra"
"Market Lane","400002","Mumbai","Mumbai","Maharashtra"
"Market Road","400001","Mumbai","Mumbai","Maharashtra"
"Maroda Hill","400078","Mumbai","Mumbai","Maharashtra"
"Marol Bazar","400059","Mumbai","Mumbai","Maharashtra"
"Marol Bazar Peth Lane","400059","Mumbai","Mumbai","Maharashtra"
"Marol Bazar Road","400059","Mumbai","Mumbai","Maharashtra"
"Marol Bhawan Lane","400059","Mumbai","Mumbai","Maharashtra"
"Marol Bhawan Road","400059","Mumbai","Mumbai","Maharashtra"
"Marol Road","400059","Mumbai","Mumbai","Maharashtra"
"Marol Village","400059","Mumbai","Mumbai","Maharashtra"
"Maroli Village","400074","Mumbai","Mumbai","Maharashtra"
"Maroshi Road","400059","Mumbai","Mumbai","Maharashtra"
"Marshalling Yard","400051","Mumbai","Mumbai","Maharashtra"
"Maru Aaidevi Mr Dandapada","400052","Mumbai","Mumbai","Maharashtra"
"Maruti Galli","400011","Mumbai","Mumbai","Maharashtra"
"Maruti Lane","400002","Mumbai","Mumbai","Maharashtra"
"Maruti Lane","400002","Mumbai","Mumbai","Maharashtra"
"Maruti Lane","400010","Mumbai","Mumbai","Maharashtra"
"Maruti Lane","400027","Mumbai","Mumbai","Maharashtra"
"Marutri Lane Street Galli","400001","Mumbai","Mumbai","Maharashtra"
"Marve Beach","400064","Mumbai","Mumbai","Maharashtra"
"Marwade","413319","Sholapur","Sholapur","Maharashtra"
"Marwadi Compound","400062","Mumbai","Mumbai","Maharashtra"
"Marwari Bazar","400002","Mumbai","Mumbai","Maharashtra"
"Marwari Chawls","400028","Mumbai","Mumbai","Maharashtra"
"Marwari Chawls","400064","Mumbai","Mumbai","Maharashtra"
"Mary Nagar","400016","Mumbai","Mumbai","Maharashtra"
"Marzabad Colony","400008","Mumbai","Mumbai","Maharashtra"
"Marzabad Road","400058","Mumbai","Mumbai","Maharashtra"
"Masalawala Colony","400058","Mumbai","Mumbai","Maharashtra"
"Mascarnes Road","400010","Mumbai","Mumbai","Maharashtra"
"Masjid","400002","Mumbai","Mumbai","Maharashtra"
"Masjid Bridge Road","400009","Mumbai","Mumbai","Maharashtra"
"Masjid Bunder Road","400009","Mumbai","Mumbai","Maharashtra"
"Masjid Compound","400008","Mumbai","Mumbai","Maharashtra"
"Masjid Galli","400011","Mumbai","Mumbai","Maharashtra"
"Masjid Galli","400028","Mumbai","Mumbai","Maharashtra"
"Masjid Lane","400004","Mumbai","Mumbai","Maharashtra"
"Masjid Road","400055","Mumbai","Mumbai","Maharashtra"
"Masjid Siding Road","400009","Mumbai","Mumbai","Maharashtra"
"Masjid St X Lane","400003","Mumbai","Mumbai","Maharashtra"
"Masjid Street","400003","Mumbai","Mumbai","Maharashtra"
"Masrani Estate","400070","Mumbai","Mumbai","Maharashtra"
"Masrani Lane","400070","Mumbai","Mumbai","Maharashtra"
"Mastan Road","400008","Mumbai","Mumbai","Maharashtra"
"Mastan Talao","400008","Mumbai","Mumbai","Maharashtra"
"Mastan Tank Cross Road","400008","Mumbai","Mumbai","Maharashtra"
"Mastan Tank Road","400008","Mumbai","Mumbai","Maharashtra"
"Masur","415106","Satara","Satara","Maharashtra"
"Masura","416608","Sindhudurg","Oras","Maharashtra"
"Matar Pakhady","400010","Mumbai","Mumbai","Maharashtra"
"Match Factory Lane","400010","Mumbai","Mumbai","Maharashtra"
"Math","416539","Sindhudurg","Oras","Maharashtra"
"Matharpakhady Road","400010","Mumbai","Mumbai","Maharashtra"
"Matharpakhady X Road","400010","Mumbai","Mumbai","Maharashtra"
"Matheran","410102","Raigarh","Matheran","Maharashtra"
"Mathew Road","400004","Mumbai","Mumbai","Maharashtra"
"Mathurdas Colony","400098","Mumbai","Mumbai","Maharashtra"
"Mathurdas Mill Compound","400013","Mumbai","Mumbai","Maharashtra"
"Mathurdas Pasta Road","400014","Mumbai","Mumbai","Maharashtra"
"Mathurdas Road","400067","Mumbai","Mumbai","Maharashtra"
"Mathurdas Road","400092","Mumbai","Mumbai","Maharashtra"
"Matka Galli","400002","Mumbai","Mumbai","Maharashtra"
"Matka Galli","400003","Mumbai","Mumbai","Maharashtra"
"Matunga","400019","Mumbai","Mumbai","Maharashtra"
"Matunga Bazar Road","400019","Mumbai","Mumbai","Maharashtra"
"Matunga Cross Road","400031","Mumbai","Mumbai","Maharashtra"
"Matunga Rd Arrora Cinema","400019","Mumbai","Mumbai","Maharashtra"
"Matunga Rly Workshop","400019","Mumbai","Mumbai","Maharashtra"
"Maulana A C Marg-Chunam S","400007","Mumbai","Mumbai","Maharashtra"
"Maulana A G Rd M Parade","400018","Mumbai","Mumbai","Maharashtra"
"Maulana A K A Rd 1-122","400008","Mumbai","Mumbai","Maharashtra"
"Maulana A K A Rd 113-263","400008","Mumbai","Mumbai","Maharashtra"
"Maulana A K A Rd Duncan R","400004","Mumbai","Mumbai","Maharashtra"
"Maulana A X Road Ist","400008","Mumbai","Mumbai","Maharashtra"
"Maulana Baba Lane","400050","Mumbai","Mumbai","Maharashtra"
"Mavji Rathod Rd Valpakhdi","400009","Mumbai","Mumbai","Maharashtra"
"Mayani","415102","Satara","Satara","Maharashtra"
"Mayekarwadi N C Kelkar Rd","400028","Mumbai","Mumbai","Maharashtra"
"Maynak Wadi","400016","Mumbai","Mumbai","Maharashtra"
"Mazagaon","400010","Mumbai","Mumbai","Maharashtra"
"Mazgaon Dock","400010","Mumbai","Mumbai","Maharashtra"
"Mazgaon Docks","400010","Mumbai","Mumbai","Maharashtra"
"Mazgaon Pier","400010","Mumbai","Mumbai","Maharashtra"
"Mazgaon Rd 1To99 S C Road","400010","Mumbai","Mumbai","Maharashtra"
"Mazgaon Road","400010","Mumbai","Mumbai","Maharashtra"
"Mazgaon Terrace","400010","Mumbai","Mumbai","Maharashtra"
"Mazgaon Vikrikar Bhavan","400010","Mumbai","Mumbai","Maharashtra"
"Mazgaon-Dockyard","400010","Mumbai","Mumbai","Maharashtra"
"Mechanical Packing","400068","Mumbai","Mumbai","Maharashtra"
"Medana Colony","400103","Mumbai","Mumbai","Maharashtra"
"Medha","415012","Satara","Satara","Maharashtra"
"Meerabaug","400054","Mumbai","Mumbai","Maharashtra"
"Meghal Serv Indu.Al Estat","400080","Mumbai","Mumbai","Maharashtra"
"Meghraj Sethi Rd","400008","Mumbai","Mumbai","Maharashtra"
"Meghwadi","400012","Mumbai","Mumbai","Maharashtra"
"Meghwadi","400060","Mumbai","Mumbai","Maharashtra"
"Mehar Bangla","400060","Mumbai","Mumbai","Maharashtra"
"Mehekar","443301","Buldhana","Buldhana","Maharashtra"
"Meherpada Chawl Street","400027","Mumbai","Mumbai","Maharashtra"
"Mehra Pada","400058","Mumbai","Mumbai","Maharashtra"
"Mehunbara","424106","Dhule","Dhule","Maharashtra"
"Memon Colony","400060","Mumbai","Mumbai","Maharashtra"
"Memon Mohala Kambekar St","400003","Mumbai","Mumbai","Maharashtra"
"Memonwada Lane","400003","Mumbai","Mumbai","Maharashtra"
"Memonwada Rd","400003","Mumbai","Mumbai","Maharashtra"
"Memonwada Road 1To8","400009","Mumbai","Mumbai","Maharashtra"
"Memonwada X Lane 13To92","400003","Mumbai","Mumbai","Maharashtra"
"Mereweather Road","400039","Mumbai","Mumbai","Maharashtra"
"Messent Road 1 To 4","400015","Mumbai","Mumbai","Maharashtra"
"Messent Road Tank Road","400033","Mumbai","Mumbai","Maharashtra"
"Meterogical Office","400057","Mumbai","Mumbai","Maharashtra"
"Mewa Lane","400003","Mumbai","Mumbai","Maharashtra"
"Mewawala Lane","400003","Mumbai","Mumbai","Maharashtra"
"Mhaisal","416409","Sangli","Sangli","Maharashtra"
"Mharpral","415204","Ratnagiri","Ratnagiri","Maharashtra"
"Mhasla","402105","Raigarh","Mhasla","Maharashtra"
"Mhasue","416223","Kolhapur","Kolhapur","Maharashtra"
"Mhasvad","425432","Dhule","Dhule","Maharashtra"
"Mhasvad","415509","Satara","Satara","Maharashtra"
"Mhasvad","425116","Satara","Satara","Maharashtra"
"Mhatre Wadi","400028","Mumbai","Mumbai","Maharashtra"
"Mhatre Wadi","400078","Mumbai","Mumbai","Maharashtra"
"Mhatrewadi Road","400058","Mumbai","Mumbai","Maharashtra"
"Mhd U K Marg 2Nd X St Ii","400008","Mumbai","Mumbai","Maharashtra"
"Mhd U K Marg Ist X St I","400008","Mumbai","Mumbai","Maharashtra"
"Mhd U R Rd Mohmedean St","400008","Mumbai","Mumbai","Maharashtra"
"Mhmd Taber A Rd Arab Lane","400008","Mumbai","Mumbai","Maharashtra"
"Middle Colaba Road","400005","Mumbai","Mumbai","Maharashtra"
"Middle Income Group Colo","400051","Mumbai","Mumbai","Maharashtra"
"Milan Shoping Centre","400080","Mumbai","Mumbai","Maharashtra"
"Military Camp Road","400029","Mumbai","Mumbai","Maharashtra"
"Military Camp Santa Cruz","400029","Mumbai","Mumbai","Maharashtra"
"Military Off Maha&Guj Are","400005","Mumbai","Mumbai","Maharashtra"
"Military Road","400059","Mumbai","Mumbai","Maharashtra"
"Milk Bazar Ali Umar St","400003","Mumbai","Mumbai","Maharashtra"
"Milk Lane","400001","Mumbai","Mumbai","Maharashtra"
"Milk Street","400011","Mumbai","Mumbai","Maharashtra"
"Minerva Indu.Al Estate","400080","Mumbai","Mumbai","Maharashtra"
"Minoo Desai Marg","400005","Mumbai","Mumbai","Maharashtra"
"Mint Back Road","400001","Mumbai","Mumbai","Maharashtra"
"Mint Colony","400016","Mumbai","Mumbai","Maharashtra"
"Minto Lines","414001","Ahmednagar","Ahmednagar","Maharashtra"
"Mira","401104","Thane","Thane","Maharashtra"
"Miraj Aydyogik Vasahat","416410","Sangli","Sangli","Maharashtra"
"Miraj Bramhanpuri","416410","Sangli","Sangli","Maharashtra"
"Miraj H O","416410","Sangli","Sangli","Maharashtra"
"Miraj Mangalwarpeth","416410","Sangli","Sangli","Maharashtra"
"Miraj Shaniwar Peth","416410","Sangli","Sangli","Maharashtra"
"Miraj Station Road","416410","Sangli","Sangli","Maharashtra"
"Mirajgaon","414401","Ahmednagar","Ahmednagar","Maharashtra"
"Miranda Wadi Vs Rd&Nck Rd","400028","Mumbai","Mumbai","Maharashtra"
"Mirani Nagar","400080","Mumbai","Mumbai","Maharashtra"
"Mirchi Galli","400002","Mumbai","Mumbai","Maharashtra"
"Mirchi Market Lane","400002","Mumbai","Mumbai","Maharashtra"
"Mirchi Street 11To87,8-84","400003","Mumbai","Mumbai","Maharashtra"
"Miri","414501","Ahmednagar","Ahmednagar","Maharashtra"
"Mirza Ali Street","400009","Mumbai","Mumbai","Maharashtra"
"Mirza Galib Marg Clare Rd","400008","Mumbai","Mumbai","Maharashtra"
"Mirza Street Mandvi","400003","Mumbai","Mumbai","Maharashtra"
"Misquittawadi","400062","Mumbai","Mumbai","Maharashtra"
"Misquitto Road","400057","Mumbai","Mumbai","Maharashtra"
"Mistry Mohalla Ali U St","400003","Mumbai","Mumbai","Maharashtra"
"Mistry Wadi","400028","Mumbai","Mumbai","Maharashtra"
"Mithagar Road","400081","Mumbai","Mumbai","Maharashtra"
"Mithbav","416615","Sindhudurg","Oras","Maharashtra"
"Mittal Chamber","400021","Mumbai","Mumbai","Maharashtra"
"Mittal Court","400021","Mumbai","Mumbai","Maharashtra"
"Mittal Tower","400021","Mumbai","Mumbai","Maharashtra"
"Miya Mohd Chotani Road","400016","Mumbai","Mumbai","Maharashtra"
"Mochigalli Bhendi Bazar","400003","Mumbai","Mumbai","Maharashtra"
"Mochigalli Israel Mohalla","400009","Mumbai","Mumbai","Maharashtra"
"Model Colony","411016","Pune","Pune","Maharashtra"
"Model Poly Technic","411016","Pune","Pune","Maharashtra"
"Modern Mill Estate","400025","Mumbai","Mumbai","Maharashtra"
"Modnimb","413301","Sholapur","Sholapur","Maharashtra"
"Mody Bunder","400038","Mumbai","Mumbai","Maharashtra"
"Mody Compound","400008","Mumbai","Mumbai","Maharashtra"
"Mody Compound","400010","Mumbai","Mumbai","Maharashtra"
"Mody Cross Lane","400001","Mumbai","Mumbai","Maharashtra"
"Mody Khana","400001","Mumbai","Mumbai","Maharashtra"
"Mody Street","400001","Mumbai","Mumbai","Maharashtra"
"Mogra Lane","400005","Mumbai","Mumbai","Maharashtra"
"Mogra Pada","400069","Mumbai","Mumbai","Maharashtra"
"Mogra Road","400069","Mumbai","Mumbai","Maharashtra"
"Moha","413541","Osmanabad","Osmanabad","Maharashtra"
"Mohada","445323","Yeotamal","Yeotamal","Maharashtra"
"Mohadi","441909","Bhandara","Bhandara","Maharashtra"
"Mohadi","422107","Nashik","Nashik","Maharashtra"
"Mohadi Laling","424311","Dhule","Dhule","Maharashtra"
"Mohan Dhuru Wadi","400028","Mumbai","Mumbai","Maharashtra"
"Mohane","421102","Thane","Thane","Maharashtra"
"Mohd Ibra S Rd Old Nagpad","400008","Mumbai","Mumbai","Maharashtra"
"Mohili Village","400072","Mumbai","Mumbai","Maharashtra"
"Mohmd Shahid Rd Morland R","400008","Mumbai","Mumbai","Maharashtra"
"Mohmed Ali Rd 1-111/2-102","400003","Mumbai","Mumbai","Maharashtra"
"Mohmed Chotani Road","400016","Mumbai","Mumbai","Maharashtra"
"Mohmed Chotani X Road","400016","Mumbai","Mumbai","Maharashtra"
"Mohmed Noora Road","400050","Mumbai","Mumbai","Maharashtra"
"Mohmedawadi Panchpir Wadi","400016","Mumbai","Mumbai","Maharashtra"
"Mohmmed Labbay Wadi","400017","Mumbai","Mumbai","Maharashtra"
"Mohol","413213","Sholapur","Sholapur","Maharashtra"
"Mohol Bazarpeth","413213","Sholapur","Sholapur","Maharashtra"
"Mohpa","441502","Nagpur","Mohpa","Maharashtra"
"Mokhada","401604","Thane","Thane","Maharashtra"
"Mole Station","400001","Mumbai","Mumbai","Maharashtra"
"Mond","416623","Sindhudurg","Oras","Maharashtra"
"Mondane","425444","Dhule","Dhule","Maharashtra"
"Mongibai Road","400057","Mumbai","Mumbai","Maharashtra"
"Monitory Station","400092","Mumbai","Mumbai","Maharashtra"
"Monkey Road","400052","Mumbai","Mumbai","Maharashtra"
"Moosa Killedar Street","400011","Mumbai","Mumbai","Maharashtra"
"Mora Road","400050","Mumbai","Mumbai","Maharashtra"
"Morachi Wadi","400014","Mumbai","Mumbai","Maharashtra"
"Morar Baug","400004","Mumbai","Mumbai","Maharashtra"
"Morba","402117","Raigarh","Alibag","Maharashtra"
"Moreshwar P Marg Pipe Rd","400070","Mumbai","Mumbai","Maharashtra"
"Moreshwar Patel Road","400068","Mumbai","Mumbai","Maharashtra"
"Morgaon","412304","Pune","Pune","Maharashtra"
"Morgiri","415210","Satara","Satara","Maharashtra"
"Mori Nagar","400016","Mumbai","Mumbai","Maharashtra"
"Morshi","444905","Amraoti","Morshi","Maharashtra"
"Morvi Galli","400007","Mumbai","Mumbai","Maharashtra"
"Mosque Lane","400005","Mumbai","Mumbai","Maharashtra"
"Mota Mandir Lane","400002","Mumbai","Mumbai","Maharashtra"
"Moth Mawli St Mary Church","400050","Mumbai","Mumbai","Maharashtra"
"Mothala","443103","Buldhana","Buldhana","Maharashtra"
"Moti Baug","400080","Mumbai","Mumbai","Maharashtra"
"Moti Bazar Sk Memon St","400002","Mumbai","Mumbai","Maharashtra"
"Moti Shah Rd 121To199","400027","Mumbai","Mumbai","Maharashtra"
"Moti Wadi","400016","Mumbai","Mumbai","Maharashtra"
"Motibai St Buculla 24-34","400008","Mumbai","Mumbai","Maharashtra"
"Motilal Nagar","400104","Mumbai","Mumbai","Maharashtra"
"Motilal Nagar 1To 3","400062","Mumbai","Mumbai","Maharashtra"
"Motinagar","400092","Mumbai","Mumbai","Maharashtra"
"Motiram Patel Road","400050","Mumbai","Mumbai","Maharashtra"
"Motlabai St Lane Grant Rd","400007","Mumbai","Mumbai","Maharashtra"
"Motlabai Street Lane","400007","Mumbai","Mumbai","Maharashtra"
"Mount Carmel Road","400050","Mumbai","Mumbai","Maharashtra"
"Mount Mary Cross Road","400050","Mumbai","Mumbai","Maharashtra"
"Mount Mary Road","400050","Mumbai","Mumbai","Maharashtra"
"Mount Petit","400026","Mumbai","Mumbai","Maharashtra"
"Mount Poiser","400092","Mumbai","Mumbai","Maharashtra"
"Mowad","441303","Nagpur","Mowad","Maharashtra"
"Mudi Bazar","400003","Mumbai","Mumbai","Maharashtra"
"Mudi Bazar","400004","Mumbai","Mumbai","Maharashtra"
"Mudi Bazar","400004","Mumbai","Mumbai","Maharashtra"
"Mudkhed Stn","431806","Nanded","Nanded","Maharashtra"
"Mudrani Kangan Nagar","400058","Mumbai","Mumbai","Maharashtra"
"Mugal","431812","Nanded","Nanded","Maharashtra"
"Mugbhat Cross Lane","400002","Mumbai","Mumbai","Maharashtra"
"Muizele Wadi","400028","Mumbai","Mumbai","Maharashtra"
"Mukarwadi","400028","Mumbai","Mumbai","Maharashtra"
"Mukesh Mills Compound","400005","Mumbai","Mumbai","Maharashtra"
"Mukhed","431715","Nanded","Mukhed","Maharashtra"
"Mukramabad","431719","Nanded","Nanded","Maharashtra"
"Muktadevi Wadi","400070","Mumbai","Mumbai","Maharashtra"
"Mukti","424315","Dhule","Dhule","Maharashtra"
"Mukund Nagar","400017","Mumbai","Mumbai","Maharashtra"
"Mukund Patil Lane","400058","Mumbai","Mumbai","Maharashtra"
"Mukundrao Ambedkar Marg","400037","Mumbai","Mumbai","Maharashtra"
"Mul","441224","Chandrapur","Mul","Maharashtra"
"Mulawa","445211","Yeotamal","Yeotamal","Maharashtra"
"Mulher","423305","Jalgaon","Jalgaon","Maharashtra"
"Mulji Jetha Market","400002","Mumbai","Mumbai","Maharashtra"
"Multani Wadi","400004","Mumbai","Mumbai","Maharashtra"
"Mulund Colony","400082","Mumbai","Mumbai","Maharashtra"
"Mulund Devidayal Rd","400080","Mumbai","Mumbai","Maharashtra"
"Mulund East","400081","Mumbai","Mumbai","Maharashtra"
"Mulund H O","400080","Mumbai","Mumbai","Maharashtra"
"Mulund Nahur","400080","Mumbai","Mumbai","Maharashtra"
"Mulund Nehru Road","400080","Mumbai","Mumbai","Maharashtra"
"Mulund Subhash Bose Rd","400080","Mumbai","Mumbai","Maharashtra"
"Mumabai Wadi","400055","Mumbai","Mumbai","Maharashtra"
"Mumbadevi","400002","Mumbai","Mumbai","Maharashtra"
"Mumbadevi Rd","400003","Mumbai","Mumbai","Maharashtra"
"Mumbadevi Road","400002","Mumbai","Mumbai","Maharashtra"
"Mumbai Aerodrum","400029","Mumbai","Mumbai","Maharashtra"
"Mumbai Bazar Gate","400001","Mumbai","Mumbai","Maharashtra"
"Mumbai Cycle","400002","Mumbai","Mumbai","Maharashtra"
"Mumbai Gpo","400001","Mumbai","Mumbai","Maharashtra"
"Mumbai Ins Angre","400001","Mumbai","Mumbai","Maharashtra"
"Mumbai Market","400002","Mumbai","Mumbai","Maharashtra"
"Mumbai Municipal Coro","400001","Mumbai","Mumbai","Maharashtra"
"Mumbai National","400001","Mumbai","Mumbai","Maharashtra"
"Mumbai New India Ins","400001","Mumbai","Mumbai","Maharashtra"
"Mumbai Rustom","400001","Mumbai","Mumbai","Maharashtra"
"Mumbai Vivesewwaraya W T","400001","Mumbai","Mumbai","Maharashtra"
"Mumbra","400612","Thane","Thane","Maharashtra"
"Mumsa Estate Marlan Road","400008","Mumbai","Mumbai","Maharashtra"
"Mundgaon","444117","Akola","Akola","Maharashtra"
"Mundhri","411925","Pune","Pune","Maharashtra"
"Mundikota R S","441605","Gondia","Bhandara","Maharashtra"
"Mundwa A V","411036","Pune","Pune","Maharashtra"
"Municipal Block A B C","400008","Mumbai","Mumbai","Maharashtra"
"Municipal Colony","400052","Mumbai","Mumbai","Maharashtra"
"Municipal Colony","400064","Mumbai","Mumbai","Maharashtra"
"Municipal Cross Compound","400028","Mumbai","Mumbai","Maharashtra"
"Municipal G Ward Office","400011","Mumbai","Mumbai","Maharashtra"
"Municipal G Ward Office","400013","Mumbai","Mumbai","Maharashtra"
"Municipal G Ward Office","400028","Mumbai","Mumbai","Maharashtra"
"Municipal Labour Cairp","400025","Mumbai","Mumbai","Maharashtra"
"Municipal Market","400064","Mumbai","Mumbai","Maharashtra"
"Municipal New Colony","400025","Mumbai","Mumbai","Maharashtra"
"Munjal Nagar","400089","Mumbai","Mumbai","Maharashtra"
"Murabali Talao","400068","Mumbai","Mumbai","Maharashtra"
"Murar Road","400080","Mumbai","Mumbai","Maharashtra"
"Murari Ghag Marg","400025","Mumbai","Mumbai","Maharashtra"
"Murarji Gokuldas Market","400002","Mumbai","Mumbai","Maharashtra"
"Murbad","421401","Thane","Murbad","Maharashtra"
"Murga Gnan Tabela","400008","Mumbai","Mumbai","Maharashtra"
"Murga Mohalla","400003","Mumbai","Mumbai","Maharashtra"
"Murgud","416219","Kolhapur","Murgud","Maharashtra"
"Murtizapur","444107","Akola","Akola","Maharashtra"
"Murtizapur City","444107","Akola","Akola","Maharashtra"
"Murud","413510","Latur","Murud","Maharashtra"
"Murud","415721","Ratnagiri","Murud","Maharashtra"
"Murzaban Road","400001","Mumbai","Mumbai","Maharashtra"
"Musa Killcdar Street","400011","Mumbai","Mumbai","Maharashtra"
"Musafarklhana Road","400001","Mumbai","Mumbai","Maharashtra"
"Musafrkhana","400009","Mumbai","Mumbai","Maharashtra"
"Museum","400023","Mumbai","Mumbai","Maharashtra"
"Mustafa Bazar","400010","Mumbai","Mumbai","Maharashtra"
"Mutat","416803","Sindhudurg","Oras","Maharashtra"
"Mutton Street","400003","Mumbai","Mumbai","Maharashtra"
"Muzafarabad Hall","400007","Mumbai","Mumbai","Maharashtra"
"Muzavar Pekhadi","400010","Mumbai","Mumbai","Maharashtra"
"Muzavarpakhady Road","400010","Mumbai","Mumbai","Maharashtra"
"Mysore Colony","400074","Mumbai","Mumbai","Maharashtra"
"N A D Karanja","400704","Raigarh","Alibag","Maharashtra"
"N A D T","440029","Nagpur","Nagpur","Maharashtra"
"N A Sawant Marg","400005","Mumbai","Mumbai","Maharashtra"
"N B Kavlwadi","400028","Mumbai","Mumbai","Maharashtra"
"N B Patil Marg","400071","Mumbai","Mumbai","Maharashtra"
"N B Rd At Chinchali Malad","400064","Mumbai","Mumbai","Maharashtra"
"N C C Barracks","400020","Mumbai","Mumbai","Maharashtra"
"N C C Buliding","400032","Mumbai","Mumbai","Maharashtra"
"N C Kelkar Road","400028","Mumbai","Mumbai","Maharashtra"
"N C P A","400021","Mumbai","Mumbai","Maharashtra"
"N Cross Road","400069","Mumbai","Mumbai","Maharashtra"
"N E E R I","440020","Nagpur","Nagpur","Maharashtra"
"N I O Donapaula","440029","Nagpur","Nagpur","Maharashtra"
"N I T I E Bombay","400087","Mumbai","Mumbai","Maharashtra"
"N I T J E Campus Road","400087","Mumbai","Mumbai","Maharashtra"
"N M Joshi Marg","400011","Mumbai","Mumbai","Maharashtra"
"N M Joshi Marg","400013","Mumbai","Mumbai","Maharashtra"
"N M Joshi Marg","400027","Mumbai","Mumbai","Maharashtra"
"N M Joshi Marg 1St & 2Nd","400027","Mumbai","Mumbai","Maharashtra"
"N M Joshi Marg Bdd No16","400013","Mumbai","Mumbai","Maharashtra"
"N M Joshi Mg 280 To 569","400011","Mumbai","Mumbai","Maharashtra"
"N M Joshi Mg 570 To 699","400027","Mumbai","Mumbai","Maharashtra"
"N M Joshi Mg B D D Chawls","400013","Mumbai","Mumbai","Maharashtra"
"N M Joshi Mg Delisle Rd","400013","Mumbai","Mumbai","Maharashtra"
"N S Patkar Mg 11To79","400007","Mumbai","Mumbai","Maharashtra"
"N S Patkar Mg Huges Rd","400036","Mumbai","Mumbai","Maharashtra"
"N S Rd 103 To 159 M Drive","400020","Mumbai","Mumbai","Maharashtra"
"N S Rd Taraporwala Acquar","400004","Mumbai","Mumbai","Maharashtra"
"N S Road Govt Printing","400004","Mumbai","Mumbai","Maharashtra"
"N Umaji Bhalinge Marg","400027","Mumbai","Mumbai","Maharashtra"
"N V Marg Azad Rd Koliwada","400054","Mumbai","Mumbai","Maharashtra"
"Naagardas Park","400069","Mumbai","Mumbai","Maharashtra"
"Naagardas Road","400069","Mumbai","Mumbai","Maharashtra"
"Naaz Compound","400004","Mumbai","Mumbai","Maharashtra"
"Nabi Ulla Road","400003","Mumbai","Mumbai","Maharashtra"
"Nachangaon","442306","Wardha","Wardha","Maharashtra"
"Nachne","415631","Ratnagiri","Ratnagiri","Maharashtra"
"Nadiadwala Colony","400064","Mumbai","Mumbai","Maharashtra"
"Nadiadwala Market","400064","Mumbai","Mumbai","Maharashtra"
"Nadirsha Sukhia Street","400001","Mumbai","Mumbai","Maharashtra"
"Nadkarni Marg","400037","Mumbai","Mumbai","Maharashtra"
"Nagabada Society","400074","Mumbai","Mumbai","Maharashtra"
"Nagad","431146","Aurangabad","Aurangabad","Maharashtra"
"Nagaj","413318","Sangli","Sangli","Maharashtra"
"Nagamsur","413227","Sholapur","Sholapur","Maharashtra"
"Nagaon","402204","Raigarh","Alibag","Maharashtra"
"Nagar Chowk","400001","Mumbai","Mumbai","Maharashtra"
"Nagbhir","441205","Chandrapur","Chandrapur","Maharashtra"
"Nagdevi Cross Lane 1To102","400003","Mumbai","Mumbai","Maharashtra"
"Nagdevi Street Nos 1To305","400003","Mumbai","Mumbai","Maharashtra"
"Nagiadas Master Rd","400023","Mumbai","Mumbai","Maharashtra"
"Nagindas Master Road","400023","Mumbai","Mumbai","Maharashtra"
"Nagindas Master Road","400023","Mumbai","Mumbai","Maharashtra"
"Nagoo Sajee Wadi","400025","Mumbai","Mumbai","Maharashtra"
"Nagoo Savaji Wadi","400008","Mumbai","Mumbai","Maharashtra"
"Nagothana","402106","Raigarh","Nagothana","Maharashtra"
"Nagou Deda","424104","Jalgaon","Jalgaon","Maharashtra"
"Nagpada Police Station","400008","Mumbai","Mumbai","Maharashtra"
"Nagpada Road","400008","Mumbai","Mumbai","Maharashtra"
"Nagpur","440015","Nagpur","Nagpur","Maharashtra"
"Nagpur","440016","Nagpur","Nagpur","Maharashtra"
"Nagpur","440017","Nagpur","Nagpur","Maharashtra"
"Nagpur Abhyankar Nagar","440001","Nagpur","Nagpur","Maharashtra"
"Nagpur Ayachit Mandir","440002","Nagpur","Nagpur","Maharashtra"
"Nagpur Bhantali","440001","Nagpur","Nagpur","Maharashtra"
"Nagpur Bureau Of Mines","440001","Nagpur","Nagpur","Maharashtra"
"Nagpur Chitnispura","440002","Nagpur","Nagpur","Maharashtra"
"Nagpur City H O","440002","Nagpur","Nagpur","Maharashtra"
"Nagpur Congress Nagar","440001","Nagpur","Nagpur","Maharashtra"
"Nagpur Gandhinagar","440001","Nagpur","Nagpur","Maharashtra"
"Nagpur Ganjakhet","440002","Nagpur","Nagpur","Maharashtra"
"Nagpur Ganjipeth","440002","Nagpur","Nagpur","Maharashtra"
"Nagpur Giripeth","440001","Nagpur","Nagpur","Maharashtra"
"Nagpur Gokulpeth","440001","Nagpur","Nagpur","Maharashtra"
"Nagpur Gpo","440001","Nagpur","Nagpur","Maharashtra"
"Nagpur Hit Wada","440001","Nagpur","Nagpur","Maharashtra"
"Nagpur Imambada","440002","Nagpur","Nagpur","Maharashtra"
"Nagpur Kasturchand Park","440001","Nagpur","Nagpur","Maharashtra"
"Nagpur Khare Town","440001","Nagpur","Nagpur","Maharashtra"
"Nagpur Mahul","440002","Nagpur","Nagpur","Maharashtra"
"Nagpur Maska Suth","440002","Nagpur","Nagpur","Maharashtra"
"Nagpur Medical College","440001","Nagpur","Nagpur","Maharashtra"
"Nagpur Mehdi Bag Rd","440002","Nagpur","Nagpur","Maharashtra"
"Nagpur Model Mills","440001","Nagpur","Nagpur","Maharashtra"
"Nagpur Mohannagar","440001","Nagpur","Nagpur","Maharashtra"
"Nagpur Momimpura","440002","Nagpur","Nagpur","Maharashtra"
"Nagpur Nayapura","440002","Nagpur","Nagpur","Maharashtra"
"Nagpur Netaji Market","440001","Nagpur","Nagpur","Maharashtra"
"Nagpur New Colony","440001","Nagpur","Nagpur","Maharashtra"
"Nagpur New Mla Hostel","440001","Nagpur","Nagpur","Maharashtra"
"Nagpur Panchsheel Nagar","440002","Nagpur","Nagpur","Maharashtra"
"Nagpur Raje Raghuji Nagar","440002","Nagpur","Nagpur","Maharashtra"
"Nagpur Ramdss Peth","440001","Nagpur","Nagpur","Maharashtra"
"Nagpur Ravinagar","440001","Nagpur","Nagpur","Maharashtra"
"Nagpur Sadar Bazar","440001","Nagpur","Nagpur","Maharashtra"
"Nagpur Shanichara","440002","Nagpur","Nagpur","Maharashtra"
"Nagpur Shradhanand Peth","440001","Nagpur","Nagpur","Maharashtra"
"Nagpur Sitabuldi","440001","Nagpur","Nagpur","Maharashtra"
"Nagpur Tilak Statue","440002","Nagpur","Nagpur","Maharashtra"
"Nagpur Times","440001","Nagpur","Nagpur","Maharashtra"
"Nagpur Vishvakarma Nagar","440001","Nagpur","Nagpur","Maharashtra"
"Nagpure Tin Nal","440002","Nagpur","Nagpur","Maharashtra"
"Nagri","442912","Gadchiroli","Gadchiroli","Maharashtra"
"Nagri Compound","400008","Mumbai","Mumbai","Maharashtra"
"Nagthana","415519","Satara","Satara","Maharashtra"
"Nagwekar Wadi","400025","Mumbai","Mumbai","Maharashtra"
"Nahur East","400080","Mumbai","Mumbai","Maharashtra"
"Nahur Road","400080","Mumbai","Mumbai","Maharashtra"
"Naigaon","431709","Nanded","Nanded","Maharashtra"
"Naigaum","400014","Mumbai","Mumbai","Maharashtra"
"Naigaum Cross Rd","400031","Mumbai","Mumbai","Maharashtra"
"Naigaum Road","400014","Mumbai","Mumbai","Maharashtra"
"Naigaum Road No 16","400012","Mumbai","Mumbai","Maharashtra"
"Naigaum Road No 9","400012","Mumbai","Mumbai","Maharashtra"
"Naigaum Village","400014","Mumbai","Mumbai","Maharashtra"
"Naik Wadi","400063","Mumbai","Mumbai","Maharashtra"
"Naik Wadi","400080","Mumbai","Mumbai","Maharashtra"
"Naiknoor","431125","Beed","Beed","Maharashtra"
"Nair Wadi","400049","Mumbai","Mumbai","Maharashtra"
"Nairwadi","400072","Mumbai","Mumbai","Maharashtra"
"Najam Baug","400009","Mumbai","Mumbai","Maharashtra"
"Naka Dongri","441918","Bhandara","Bhandara","Maharashtra"
"Nakhawachi Wadi","400015","Mumbai","Mumbai","Maharashtra"
"Nakhuda Mohalla","400003","Mumbai","Mumbai","Maharashtra"
"Nakhuda Street Nos 1To9","400003","Mumbai","Mumbai","Maharashtra"
"Naldurg","413602","Osmanabad","Naldurg","Maharashtra"
"Nalegaon","413524","Latur","Latur","Maharashtra"
"Namda Bazar","400003","Mumbai","Mumbai","Maharashtra"
"Nampur","423204","Nashik","Nashik","Maharashtra"
"Nana Chowk","400007","Mumbai","Mumbai","Maharashtra"
"Nana Shankar Seth Wadi","400002","Mumbai","Mumbai","Maharashtra"
"Nanabhoy Lane","400023","Mumbai","Mumbai","Maharashtra"
"Nanabhoy Moose Marg","400005","Mumbai","Mumbai","Maharashtra"
"Nanaj","413205","Ahmednagar","Ahmednagar","Maharashtra"
"Nanaj","413222","Sholapur","Sholapur","Maharashtra"
"Nanaj Dumala","422611","Ahmednagar","Ahmednagar","Maharashtra"
"Nanaji Dudha Wadi","400028","Mumbai","Mumbai","Maharashtra"
"Nancy Road","400066","Mumbai","Mumbai","Maharashtra"
"Nand","441216","Nagpur","Nagpur","Maharashtra"
"Nanda Patkar Street","400057","Mumbai","Mumbai","Maharashtra"
"Nandalal Jani Road 1To131","400009","Mumbai","Mumbai","Maharashtra"
"Nandana","425404","Dhule","Dhule","Maharashtra"
"Nandani","416102","Kolhapur","Kolhapur","Maharashtra"
"Nanded","425106","Jalgaon","Jalgaon","Maharashtra"
"Nanded","431531","Nanded","Nanded","Maharashtra"
"Nanded H O","431601","Nanded","Nanded","Maharashtra"
"Nanded J P Marg","431601","Nanded","Nanded","Maharashtra"
"Nanded Naya Mondha","431601","Nanded","Nanded","Maharashtra"
"Nanded Sarafa","431601","Nanded","Nanded","Maharashtra"
"Nanded Snehnagar","431601","Nanded","Nanded","Maharashtra"
"Nanded Town","431601","Nanded","Nanded","Maharashtra"
"Nandgaon","423106","Nashik","Nandgaon","Maharashtra"
"Nandgaon","402406","Raigarh","Nandgaon","Maharashtra"
"Nandgaon","415607","Ratnagiri","Ratnagiri","Maharashtra"
"Nandgaon","416618","Sindhudurg","Oras","Maharashtra"
"Nandgaon B K","422405","Nashik","Nashik","Maharashtra"
"Nandgaon Bazar","423106","Nashik","Nashik","Maharashtra"
"Nandgaon Kazi","444708","Amraoti","Amraoti","Maharashtra"
"Nandgaon Peth","444901","Amraoti","Amraoti","Maharashtra"
"Nandra Pachora","425115","Jalgaon","Jalgaon","Maharashtra"
"Nandre","416423","Sangli","Sangli","Maharashtra"
"Nandur Shingota","422605","Ahmednagar","Ahmednagar","Maharashtra"
"Nandura","443404","Buldhana","Nandura","Maharashtra"
"Nandurbar","425412","Dhule","Nandurbar","Maharashtra"
"Nandurbar","425412","Nandurbar","Nandurbar","Maharashtra"
"Nandurbar Kutchery","425412","Dhule","Dhule","Maharashtra"
"Nandurbar Kutchery","425412","Nandurbar","Nandurbar","Maharashtra"
"Nandve","416423","Sangli","Sangli","Maharashtra"
"Nandwana Nagar","400062","Mumbai","Mumbai","Maharashtra"
"Nanepada","400081","Mumbai","Mumbai","Maharashtra"
"Nanpada","400602","Thane","Thane","Maharashtra"
"Nanubhai Desai Road","400004","Mumbai","Mumbai","Maharashtra"
"Napier Road","400005","Mumbai","Mumbai","Maharashtra"
"Napier Road Colaba","400005","Mumbai","Mumbai","Maharashtra"
"Napier Road Fort","400001","Mumbai","Mumbai","Maharashtra"
"Napoo Gadens","400019","Mumbai","Mumbai","Maharashtra"
"Napoo Gardens Road","400019","Mumbai","Mumbai","Maharashtra"
"Narayan Chowk M J Market","400002","Mumbai","Mumbai","Maharashtra"
"Narayan Churi Wadi","400025","Mumbai","Mumbai","Maharashtra"
"Narayan Dabholkar Road","400006","Mumbai","Mumbai","Maharashtra"
"Narayan Dhuru Cross Lane","400003","Mumbai","Mumbai","Maharashtra"
"Narayan Dhuru St 1 To 163","400003","Mumbai","Mumbai","Maharashtra"
"Narayan Jiwa Wadi","400028","Mumbai","Mumbai","Maharashtra"
"Narayan Khari Zopadpatti","400025","Mumbai","Mumbai","Maharashtra"
"Narayan Manik Wadi","400028","Mumbai","Mumbai","Maharashtra"
"Narayan Mhatgre Road","400068","Mumbai","Mumbai","Maharashtra"
"Narayan Nagar","400086","Mumbai","Mumbai","Maharashtra"
"Narayan Wadi","400004","Mumbai","Mumbai","Maharashtra"
"Narayandas Joshi Road","400067","Mumbai","Mumbai","Maharashtra"
"Narayangaon","410504","Pune","Pune","Maharashtra"
"Narayanrao Koli Marg Bhan","400003","Mumbai","Mumbai","Maharashtra"
"Nardas Nagar","400078","Mumbai","Mumbai","Maharashtra"
"Nardulla Tank Road","400028","Mumbai","Mumbai","Maharashtra"
"Nardulla Tank Road No 18","400025","Mumbai","Mumbai","Maharashtra"
"Nare Park","400012","Mumbai","Mumbai","Maharashtra"
"Nariel Wadi","400010","Mumbai","Mumbai","Maharashtra"
"Nariel Waid S C East","400055","Mumbai","Mumbai","Maharashtra"
"Nariman Bhavan","400021","Mumbai","Mumbai","Maharashtra"
"Nariman Oberoi","400021","Mumbai","Mumbai","Maharashtra"
"Nariman Point","400021","Mumbai","Mumbai","Maharashtra"
"Nariman Road Prabhadevi","400025","Mumbai","Mumbai","Maharashtra"
"Narimnan Road Vileparle E","400057","Mumbai","Mumbai","Maharashtra"
"Naringne","416630","Sindhudurg","Oras","Maharashtra"
"Nariyal Wadi Prabhadevi","400025","Mumbai","Mumbai","Maharashtra"
"Narkher","441304","Nagpur","Nagpur","Maharashtra"
"Narmada Devi Pada","400080","Mumbai","Mumbai","Maharashtra"
"Narottam Murarji Marg Dou","400038","Mumbai","Mumbai","Maharashtra"
"Narottam Narayan Wadi","400002","Mumbai","Mumbai","Maharashtra"
"Narsarapur","412213","Pune","Pune","Maharashtra"
"Narsi Monji Road","400056","Mumbai","Mumbai","Maharashtra"
"Narsi Nath Street","400009","Mumbai","Mumbai","Maharashtra"
"Narsi Pada","400067","Mumbai","Mumbai","Maharashtra"
"Narsikhoda Wadi","400028","Mumbai","Mumbai","Maharashtra"
"Narsing Lane","400064","Mumbai","Mumbai","Maharashtra"
"Narsobavadi","416104","Kolhapur","Kolhapur","Maharashtra"
"Narsu Khatu Wadi","400006","Mumbai","Mumbai","Maharashtra"
"Narube Street","400020","Mumbai","Mumbai","Maharashtra"
"Nasarwanjee Petit Street","400007","Mumbai","Mumbai","Maharashtra"
"Nashbit Hall","400010","Mumbai","Mumbai","Maharashtra"
"Nashik","422503","Nashik","Nashik","Maharashtra"
"Nashirabad","425309","Jalgaon","Jalgaon","Maharashtra"
"Nasik","422004","Nashik","Nashik","Maharashtra"
"Nasik Budwar Peth","422001","Nashik","Nashik","Maharashtra"
"Nasik Gandhinagar","422006","Nashik","Nashik","Maharashtra"
"Nasik Goley Colony","422002","Nashik","Nashik","Maharashtra"
"Nasik H O","422001","Nashik","Nashik","Maharashtra"
"Nasik H P T College","422005","Nashik","Nashik","Maharashtra"
"Nasik Ind Estate","422007","Nashik","Nashik","Maharashtra"
"Nasik Main Rd","422001","Nashik","Nashik","Maharashtra"
"Nasik Panchavati","422003","Nashik","Nashik","Maharashtra"
"Nasik Ravivarpeth","422001","Nashik","Nashik","Maharashtra"
"Nasik Road Camp","422102","Nashik","Nashik","Maharashtra"
"Nasik Road H O","422101","Nashik","Nashik","Maharashtra"
"Nasik Road I S P","422101","Nashik","Nashik","Maharashtra"
"Nasim Baug","400051","Mumbai","Mumbai","Maharashtra"
"Nata","402305","Raigarh","Alibag","Maharashtra"
"Nata","415806","Ratnagiri","Ratnagiri","Maharashtra"
"Natak Wala Lane","400092","Mumbai","Mumbai","Maharashtra"
"Natepute","413109","Sholapur","Sholapur","Maharashtra"
"Nath Madhav Cross Patit","400004","Mumbai","Mumbai","Maharashtra"
"Nath Madhav Path Khattar","400004","Mumbai","Mumbai","Maharashtra"
"Nath Pai Road Bombay","400078","Mumbai","Mumbai","Maharashtra"
"Nathani Street Yard","400010","Mumbai","Mumbai","Maharashtra"
"Nathani Street Yard","400086","Mumbai","Mumbai","Maharashtra"
"Nathani Wadi","400016","Mumbai","Mumbai","Maharashtra"
"Nathibhai Thakersey Road","400020","Mumbai","Mumbai","Maharashtra"
"Nathlal M Paresh Mg Matun","400031","Mumbai","Mumbai","Maharashtra"
"Nathlal Parekh Marg Old W","400039","Mumbai","Mumbai","Maharashtra"
"Nathlal Parekh Mg No 48 1","400005","Mumbai","Mumbai","Maharashtra"
"Nathnagar South","431108","Aurangabad","Aurangabad","Maharashtra"
"Nathuram Gaushala","400080","Mumbai","Mumbai","Maharashtra"
"Nathushet Wadi","400016","Mumbai","Mumbai","Maharashtra"
"Nati Seva Sadan Rd N P Rd","400084","Mumbai","Mumbai","Maharashtra"
"National Chem Laboratory","411008","Pune","Pune","Maharashtra"
"National Dying & Printing","400068","Mumbai","Mumbai","Maharashtra"
"National High Way Borival","400066","Mumbai","Mumbai","Maharashtra"
"National Highway Dahisai","400068","Mumbai","Mumbai","Maharashtra"
"National Library Road","400012","Mumbai","Mumbai","Maharashtra"
"National Library Road","400050","Mumbai","Mumbai","Maharashtra"
"National Park","400092","Mumbai","Mumbai","Maharashtra"
"Natwar Road 1 To 5","400060","Mumbai","Mumbai","Maharashtra"
"Nauhe Pade","400081","Mumbai","Mumbai","Maharashtra"
"Naupada Jogeshwari","400060","Mumbai","Mumbai","Maharashtra"
"Naupada Lane","400070","Mumbai","Mumbai","Maharashtra"
"Naupada Oshiwara","400060","Mumbai","Mumbai","Maharashtra"
"Naupada Road","400070","Mumbai","Mumbai","Maharashtra"
"Nausherwan Wadi","400016","Mumbai","Mumbai","Maharashtra"
"Naushir Bharucha Marg","400007","Mumbai","Mumbai","Maharashtra"
"Naushir Bharucha Road S R","400007","Mumbai","Mumbai","Maharashtra"
"Naval Stores Depot","400086","Mumbai","Mumbai","Maharashtra"
"Navanagar","400010","Mumbai","Guhagar","Maharashtra"
"Navapur","425418","Dhule","Dhule","Maharashtra"
"Navargaon","441223","Chandrapur","Chandrapur","Maharashtra"
"Navghar Pada East Mulund","400081","Mumbai","Mumbai","Maharashtra"
"Navghar Road","400081","Mumbai","Mumbai","Maharashtra"
"Navghar Village","400081","Mumbai","Mumbai","Maharashtra"
"Navi Bhar Wadi","400004","Mumbai","Mumbai","Maharashtra"
"Navjivan","400040","Mumbai","Mumbai","Maharashtra"
"Navjivan Co-Op Hsg Soc","400008","Mumbai","Mumbai","Maharashtra"
"Navjivan Co-Op Hsg Soc","400054","Mumbai","Mumbai","Maharashtra"
"Navjivan Co-Op Hsg Soc","400074","Mumbai","Mumbai","Maharashtra"
"Navjivan Co-Op Hsg Soc M","400016","Mumbai","Mumbai","Maharashtra"
"Navroj Baug","400012","Mumbai","Mumbai","Maharashtra"
"Navroj Lane","400086","Mumbai","Mumbai","Maharashtra"
"Navroji Road","400005","Mumbai","Mumbai","Maharashtra"
"Navsamaj Co-Op Hsg Socy","400057","Mumbai","Mumbai","Maharashtra"
"Navy Nagar","400005","Mumbai","Mumbai","Maharashtra"
"Nawa Gauthan","400068","Mumbai","Mumbai","Maharashtra"
"Nawab Tank Road","400010","Mumbai","Mumbai","Maharashtra"
"Nawab Wadi","400027","Mumbai","Mumbai","Maharashtra"
"Nawalkar Cross Lane","400004","Mumbai","Mumbai","Maharashtra"
"Nawalkar Street","400058","Mumbai","Mumbai","Maharashtra"
"Nawalkar Wadi","400028","Mumbai","Mumbai","Maharashtra"
"Nawalkar Wadi Jogeshwari","400060","Mumbai","Mumbai","Maharashtra"
"Nawapada Goregaon","400062","Mumbai","Mumbai","Maharashtra"
"Nawapada Road","400050","Mumbai","Mumbai","Maharashtra"
"Nawaroji Street","400005","Mumbai","Mumbai","Maharashtra"
"Nawashakti Nagar","400102","Mumbai","Mumbai","Maharashtra"
"Nawegaon Bandh","441702","Gondia","Bhandara","Maharashtra"
"Nawi Gally M J Market","400002","Mumbai","Mumbai","Maharashtra"
"Nawi Wadi","400002","Mumbai","Mumbai","Maharashtra"
"Naya Nagar","400010","Mumbai","Mumbai","Maharashtra"
"Nazane","413308","Sholapur","Sholapur","Maharashtra"
"Nazir Ahmed Street","400016","Mumbai","Mumbai","Maharashtra"
"Nazir Wadi Jahu","400049","Mumbai","Mumbai","Maharashtra"
"Nehru Nagar","400049","Mumbai","Kankavli","Maharashtra"
"Nehru Nagar Delisle Road","400013","Mumbai","Mumbai","Maharashtra"
"Nehru Road Goregaon","400063","Mumbai","Mumbai","Maharashtra"
"Nehru Road Sahar Delv","400099","Mumbai","Mumbai","Maharashtra"
"Nehru Road Santacruz East","400055","Mumbai","Mumbai","Maharashtra"
"Nehru Road Vileparle","400057","Mumbai","Mumbai","Maharashtra"
"Nehrunagar","400024","Mumbai","Mumbai","Maharashtra"
"Nehrunagar Kurla","400024","Mumbai","Mumbai","Maharashtra"
"Nehrunagar S Cruz East","400055","Mumbai","Mumbai","Maharashtra"
"Neighbourhood Area U A An","400025","Mumbai","Mumbai","Maharashtra"
"Nemani Wadi","400002","Mumbai","Mumbai","Maharashtra"
"Neo Shastri Nagar","400082","Mumbai","Mumbai","Maharashtra"
"Nepean Sea Road L J Marg","400006","Mumbai","Mumbai","Maharashtra"
"Ner","424303","Dhule","Dhule","Maharashtra"
"Neral","410101","Raigarh","Neral","Maharashtra"
"Neri","442904","Chandrapur","Chandrapur","Maharashtra"
"Neri Budruk","425114","Jalgaon","Jalgaon","Maharashtra"
"Nerla","415406","Sangli","Sangli","Maharashtra"
"Nerparsopant","445102","Yeotamal","Yeotamal","Maharashtra"
"Nerpinglli","444707","Amraoti","Amraoti","Maharashtra"
"Nesari","416504","Kolhapur","Kolhapur","Maharashtra"
"Ness Baug","400007","Mumbai","Mumbai","Maharashtra"
"Netaji Bazar","421505","Thane","Thane","Maharashtra"
"Netaji Palkar Mg N S S Rd","400086","Mumbai","Mumbai","Maharashtra"
"Netaji Road","400082","Mumbai","Mumbai","Maharashtra"
"Netaji Subhash Market","400074","Mumbai","Mumbai","Maharashtra"
"Netaji Subhash Nagar","400057","Mumbai","Mumbai","Maharashtra"
"Netaji Subhash Rd No 1,2","400007","Mumbai","Mumbai","Maharashtra"
"Netaji Subhash Road","400080","Mumbai","Mumbai","Maharashtra"
"Netajinagar","400078","Mumbai","Chamorshi","Maharashtra"
"Netajinagar M H B C S T R","400070","Mumbai","Mumbai","Maharashtra"
"Nevasa","414603","Ahmednagar","Ahmednagar","Maharashtra"
"Nevere","415627","Ratnagiri","Ratnagiri","Maharashtra"
"New 52 Chawls Tank Road","400033","Mumbai","Mumbai","Maharashtra"
"New 52 Chawls V Gardens","400027","Mumbai","Mumbai","Maharashtra"
"New Administrative Bldg","400032","Mumbai","Mumbai","Maharashtra"
"New Agripada","400055","Mumbai","Mumbai","Maharashtra"
"New Airport Colony","400099","Mumbai","Mumbai","Maharashtra"
"New Bardan Lane 11,87,8,8","400003","Mumbai","Mumbai","Maharashtra"
"New Bengali Pura N P Road","400009","Mumbai","Mumbai","Maharashtra"
"New Bengali Pura No 1,34","400003","Mumbai","Mumbai","Maharashtra"
"New Bhatia Mahajan Wadi","400002","Mumbai","Mumbai","Maharashtra"
"New Bhatwadi","400004","Mumbai","Mumbai","Maharashtra"
"New Charni Rd R R Marg","400004","Mumbai","Mumbai","Maharashtra"
"New Chikhalwadi","400007","Mumbai","Mumbai","Maharashtra"
"New Chinch Bunder Rd K N","400009","Mumbai","Mumbai","Maharashtra"
"New Citizen Bank Colony","400022","Mumbai","Mumbai","Maharashtra"
"New Council Hall","400021","Mumbai","Mumbai","Maharashtra"
"New Cutlery Market","400002","Mumbai","Mumbai","Maharashtra"
"New Darukhana","400010","Mumbai","Mumbai","Maharashtra"
"New Dhobighat","400008","Mumbai","Mumbai","Maharashtra"
"New Dongari Market","400009","Mumbai","Mumbai","Maharashtra"
"New Ferry Wharf","400009","Mumbai","Mumbai","Maharashtra"
"New Foras Rd S R Nimkar M","400007","Mumbai","Mumbai","Maharashtra"
"New Girgaonkar Wadi Trava","400016","Mumbai","Mumbai","Maharashtra"
"New Govt Hsg Coly Shivaji","400025","Mumbai","Mumbai","Maharashtra"
"New Homi Modi St Bruce St","400023","Mumbai","Mumbai","Maharashtra"
"New India Staff Colony","400058","Mumbai","Mumbai","Maharashtra"
"New Irani Chawals Compoun","400010","Mumbai","Mumbai","Maharashtra"
"New Juhu Road","400056","Mumbai","Mumbai","Maharashtra"
"New Kant Wadi","400050","Mumbai","Mumbai","Maharashtra"
"New Kasai Mohalla","400003","Mumbai","Mumbai","Maharashtra"
"New Kazi St Mohalla","400003","Mumbai","Mumbai","Maharashtra"
"New Khareghat Colony","400007","Mumbai","Mumbai","Maharashtra"
"New Mala","400005","Mumbai","Mumbai","Maharashtra"
"New Market","400002","Mumbai","Mumbai","Maharashtra"
"New Market","400028","Mumbai","Mumbai","Maharashtra"
"New Mills Road","400070","Mumbai","Mumbai","Maharashtra"
"New Municipal Chawls","400025","Mumbai","Mumbai","Maharashtra"
"New Nagardas Road","400069","Mumbai","Mumbai","Maharashtra"
"New Pali","400052","Mumbai","Mumbai","Maharashtra"
"New Phulgalli","400002","Mumbai","Mumbai","Maharashtra"
"New Prabhadevi No 7,179","400025","Mumbai","Mumbai","Maharashtra"
"New Prem Baug","400051","Mumbai","Mumbai","Maharashtra"
"New Railway Quarters","400055","Mumbai","Mumbai","Maharashtra"
"New Reay Road","400010","Mumbai","Mumbai","Maharashtra"
"New Saurashtra Colony","400058","Mumbai","Mumbai","Maharashtra"
"New Sherlay","400052","Mumbai","Mumbai","Maharashtra"
"New Silk Bazat","400002","Mumbai","Mumbai","Maharashtra"
"New Sonapur Lane","400002","Mumbai","Mumbai","Maharashtra"
"New Swadeshi Market","400002","Mumbai","Mumbai","Maharashtra"
"New Tank Bunder Rd Old 52","400010","Mumbai","Mumbai","Maharashtra"
"New Terminal Bldg","400099","Mumbai","Mumbai","Maharashtra"
"New Town Ship","411044","Pune","Pune","Maharashtra"
"New Turner Road","400050","Mumbai","Mumbai","Maharashtra"
"New Wadi","400002","Mumbai","Mumbai","Maharashtra"
"New Worli Road","400018","Mumbai","Mumbai","Maharashtra"
"Nhavara","412211","Pune","Pune","Maharashtra"
"Nighoj","414306","Ahmednagar","Ahmednagar","Maharashtra"
"Nikam Wadi","400028","Mumbai","Mumbai","Maharashtra"
"Nilanja","413521","Latur","Latur","Maharashtra"
"Nimabalkar","412103","Pune","Pune","Maharashtra"
"Nimba","444311","Akola","Akola","Maharashtra"
"Nimbgaon","423212","Nashik","Nashik","Maharashtra"
"Nimbgaon Ketki","413120","Pune","Pune","Maharashtra"
"Nimbhara","425506","Jalgaon","Jalgaon","Maharashtra"
"Nimbhaza","444118","Akola","Akola","Maharashtra"
"Nimblak","415532","Satara","Satara","Maharashtra"
"Nimon","422615","Ahmednagar","Ahmednagar","Maharashtra"
"Nipani Vadgaon","413732","Ahmednagar","Ahmednagar","Maharashtra"
"Niphad","422303","Nashik","Nashik","Maharashtra"
"Nira R S","412102","Pune","Pune","Maharashtra"
"Niranarsingpur","413240","Sholapur","Sholapur","Maharashtra"
"Nirmal","400021","Mumbai","Mumbai","Maharashtra"
"Nirmal","401304","Thane","Thane","Maharashtra"
"Nirmalnagar","400051","Mumbai","Mumbai","Maharashtra"
"Nirmalnagar Road","400051","Mumbai","Mumbai","Maharashtra"
"Nisavi","425511","Jalgaon","Jalgaon","Maharashtra"
"Nittur","413530","Latur","Latur","Maharashtra"
"Nityanand Baug","400074","Mumbai","Mumbai","Maharashtra"
"Nityanand Nagar","400069","Mumbai","Mumbai","Maharashtra"
"Nityanand Nagar","400086","Mumbai","Mumbai","Maharashtra"
"Niwali","415641","Ratnagiri","Ratnagiri","Maharashtra"
"Niwgha","431743","Nanded","Nanded","Maharashtra"
"Nizam Street Cross Lane","400003","Mumbai","Mumbai","Maharashtra"
"Nizam Street Parsi Galli","400003","Mumbai","Mumbai","Maharashtra"
"Nizamgunj","415510","Satara","Satara","Maharashtra"
"Nizampur","424304","Dhule","Dhule","Maharashtra"
"Nizampur","402120","Raigarh","Alibag","Maharashtra"
"Nnariman Bhat Nagar","400025","Mumbai","Mumbai","Maharashtra"
"Noorbaug","400009","Mumbai","Mumbai","Maharashtra"
"North Avenue","400054","Mumbai","Mumbai","Maharashtra"
"North Brock Garden","400004","Mumbai","Mumbai","Maharashtra"
"North South Road","400058","Mumbai","Mumbai","Maharashtra"
"North South Road 1 To 6","400056","Mumbai","Mumbai","Maharashtra"
"North South Road 7 To 13","400049","Mumbai","Mumbai","Maharashtra"
"Nowland Street","400010","Mumbai","Mumbai","Maharashtra"
"Nowraji Cross Lane","400077","Mumbai","Mumbai","Maharashtra"
"Nowraji Lane","400077","Mumbai","Mumbai","Maharashtra"
"Nowroji Furdunji Road","400038","Mumbai","Mumbai","Maharashtra"
"Nowroji Gamadi Cross Lane","400026","Mumbai","Mumbai","Maharashtra"
"Nowroji Gamadi Road","400026","Mumbai","Mumbai","Maharashtra"
"Nowroji Hill Rd 1To12 11T","400009","Mumbai","Mumbai","Maharashtra"
"Nowroji Street","400005","Mumbai","Mumbai","Maharashtra"
"Nowroji Vakil Street","400007","Mumbai","Mumbai","Maharashtra"
"Null Bazar","400003","Mumbai","Mumbai","Maharashtra"
"Nunes Wadi","400028","Mumbai","Mumbai","Maharashtra"
"O E Ambarnath","421502","Thane","Thane","Maharashtra"
"O N G C Colony","400086","Mumbai","Mumbai","Maharashtra"
"O W G C Colony","400077","Mumbai","Mumbai","Maharashtra"
"Oak Lane","400023","Mumbai","Mumbai","Maharashtra"
"Oberoi Hotel Towers","400021","Mumbai","Mumbai","Maharashtra"
"Observation Post","400005","Mumbai","Mumbai","Maharashtra"
"Oghadbhai Lane","400077","Mumbai","Mumbai","Maharashtra"
"Oglewadi","415105","Satara","Satara","Maharashtra"
"Oil Depot Road","400015","Mumbai","Mumbai","Maharashtra"
"Ojji Haines Road","400008","Mumbai","Mumbai","Maharashtra"
"Old Agra Rd S M Marg","400070","Mumbai","Mumbai","Maharashtra"
"Old Bengalipura 1 To 57","400003","Mumbai","Mumbai","Maharashtra"
"Old Body Gaurd Lines","400034","Mumbai","Mumbai","Maharashtra"
"Old Custom House","400023","Mumbai","Mumbai","Maharashtra"
"Old Custom House Rd S B R","400038","Mumbai","Mumbai","Maharashtra"
"Old Hanuman 1St & 2Nd Cro","400002","Mumbai","Mumbai","Maharashtra"
"Old Kasai Mohalla","400003","Mumbai","Mumbai","Maharashtra"
"Old Khar","400052","Mumbai","Mumbai","Maharashtra"
"Old Market","400028","Mumbai","Mumbai","Maharashtra"
"Old Modi Khana","400001","Mumbai","Mumbai","Maharashtra"
"Old Modi Street","400001","Mumbai","Mumbai","Maharashtra"
"Old Nagardas Rd Dr Radhak","400069","Mumbai","Mumbai","Maharashtra"
"Old Nagpada","400008","Mumbai","Mumbai","Maharashtra"
"Old Phulgalli","400002","Mumbai","Mumbai","Maharashtra"
"Old Police Court Lane","400001","Mumbai","Mumbai","Maharashtra"
"Old Police Lane","400054","Mumbai","Mumbai","Maharashtra"
"Old Police Office Lane Ka","400002","Mumbai","Mumbai","Maharashtra"
"Old Police Station Road","400056","Mumbai","Mumbai","Maharashtra"
"Old Post Office Lane Andh","400058","Mumbai","Mumbai","Maharashtra"
"Old Post Office Lane Dr D","400004","Mumbai","Mumbai","Maharashtra"
"Old Post Office Wadi","400014","Mumbai","Mumbai","Maharashtra"
"Old Prabhadevi Rd 1To64","400028","Mumbai","Mumbai","Maharashtra"
"Old Prabhadevi Rd 65&Onwa","400025","Mumbai","Mumbai","Maharashtra"
"Old Secretariate","400032","Mumbai","Mumbai","Maharashtra"
"Old Secretariate Bldg","400032","Mumbai","Mumbai","Maharashtra"
"Old Sita Path Wadi","400010","Mumbai","Mumbai","Maharashtra"
"Oliver Road","400039","Mumbai","Mumbai","Maharashtra"
"Om Shivababanagar","400066","Mumbai","Mumbai","Maharashtra"
"Omerga","413606","Osmanabad","Osmanabad","Maharashtra"
"Ond","415111","Satara","Satara","Maharashtra"
"Oni","416705","Ratnagiri","Ratnagiri","Maharashtra"
"Oos Galli Sayyad Mukri St","400009","Mumbai","Mumbai","Maharashtra"
"Oripada","400068","Mumbai","Mumbai","Maharashtra"
"Orlem Or Valani","400064","Mumbai","Mumbai","Maharashtra"
"Ormiston Road","400039","Mumbai","Mumbai","Maharashtra"
"Oshiwara Marg","400102","Mumbai","Mumbai","Maharashtra"
"Osmanabad H O","413501","Osmanabad","Osmanabad","Maharashtra"
"Osmanabad Town","413501","Osmanabad","Osmanabad","Maharashtra"
"Osmannagar","431707","Nanded","Nanded","Maharashtra"
"Osmanpura","415510","Satara","Satara","Maharashtra"
"Otur","412409","Pune","Pune","Maharashtra"
"Oval Maidan Ground","400020","Mumbai","Mumbai","Maharashtra"
"Oval Wadi","400002","Mumbai","Mumbai","Maharashtra"
"Oval Wadi Girgaon","400004","Mumbai","Mumbai","Maharashtra"
"Oval Wadi Kalbadevi","400002","Mumbai","Mumbai","Maharashtra"
"Owendan Road","400007","Mumbai","Mumbai","Maharashtra"
"Owners Colony","400022","Mumbai","Mumbai","Maharashtra"
"Ozar","422206","Nashik","Ozar","Maharashtra"
"Ozar Township","422207","Nashik","Nashik","Maharashtra"
"P & T Colony Mulund","400080","Mumbai","Mumbai","Maharashtra"
"P & T Colony Sahar Road","400099","Mumbai","Mumbai","Maharashtra"
"P & T Colony Vakola.Oad","400029","Mumbai","Mumbai","Maharashtra"
"P B Marg","400008","Mumbai","Mumbai","Maharashtra"
"P B Marg","400008","Mumbai","Mumbai","Maharashtra"
"P Baloo Marg Sayani Road","400025","Mumbai","Mumbai","Maharashtra"
"P D Mello Road","400038","Mumbai","Mumbai","Maharashtra"
"P D Mello Road 1To146","400009","Mumbai","Mumbai","Maharashtra"
"P D Mello Road Frere Road","400010","Mumbai","Mumbai","Maharashtra"
"P J M Path Kparas Compoun","400062","Mumbai","Mumbai","Maharashtra"
"P K Industrial Estate","400080","Mumbai","Mumbai","Maharashtra"
"P N Lane","400007","Mumbai","Mumbai","Maharashtra"
"P P Dies Compound","400050","Mumbai","Mumbai","Maharashtra"
"P P Marg","400086","Mumbai","Mumbai","Maharashtra"
"P R","400016","Mumbai","Mumbai","Maharashtra"
"P R","400056","Mumbai","Mumbai","Maharashtra"
"P Rd Even No56To64Oddno65","400004","Mumbai","Mumbai","Maharashtra"
"P Road","400036","Mumbai","Mumbai","Maharashtra"
"P S K J H M 11","400009","Mumbai","Mumbai","Maharashtra"
"P S K J H M-1","400009","Mumbai","Mumbai","Maharashtra"
"P S Manduk Bridge S Bridg","400080","Mumbai","Mumbai","Maharashtra"
"P S No122","400004","Mumbai","Mumbai","Maharashtra"
"P S Rd","400067","Mumbai","Mumbai","Maharashtra"
"P T C","400028","Mumbai","Mumbai","Maharashtra"
"P T M","400001","Mumbai","Mumbai","Maharashtra"
"P Thakre Kridangan Marg","400015","Mumbai","Mumbai","Maharashtra"
"P U U B","400019","Mumbai","Mumbai","Maharashtra"
"P V M Gymkhana","400021","Mumbai","Mumbai","Maharashtra"
"P W D Building","400032","Mumbai","Mumbai","Maharashtra"
"P W D Quarters Colony","400051","Mumbai","Mumbai","Maharashtra"
"P W L","400058","Mumbai","Mumbai","Maharashtra"
"Pabai","412403","Pune","Pune","Maharashtra"
"Pabhane","402121","Raigarh","Alibag","Maharashtra"
"Pachal","416704","Ratnagiri","Ratnagiri","Maharashtra"
"Pachod","431121","Aurangabad","Aurangabad","Maharashtra"
"Pachora","424201","Jalgaon","Pachora","Maharashtra"
"Pachvad","415513","Satara","Satara","Maharashtra"
"Padagha","421101","Thane","Padagha","Maharashtra"
"Padalsa","425519","Jalgaon","Jalgaon","Maharashtra"
"Padam Takri","400026","Mumbai","Mumbai","Maharashtra"
"Padamsi Road","400004","Mumbai","Mumbai","Maharashtra"
"Padel","416804","Sindhudurg","Oras","Maharashtra"
"Padhambe","415633","Ratnagiri","Ratnagiri","Maharashtra"
"Padhegaon","413721","Ahmednagar","Ahmednagar","Maharashtra"
"Padhye Wadi","400028","Mumbai","Mumbai","Maharashtra"
"Padli","443107","Buldhana","Buldhana","Maharashtra"
"Padma Hsg Society","400072","Mumbai","Mumbai","Maharashtra"
"Padma Nagar","400064","Mumbai","Mumbai","Maharashtra"
"Padmabai Thakkar Rd","400028","Mumbai","Mumbai","Maharashtra"
"Padmabai Thakkar Rd Mahim","400016","Mumbai","Mumbai","Maharashtra"
"Padmakar Jawle Road","400068","Mumbai","Mumbai","Maharashtra"
"Padmani Wadi","400010","Mumbai","Mumbai","Maharashtra"
"Padmgi Road","400004","Mumbai","Mumbai","Maharashtra"
"Padri Wadi","400025","Mumbai","Mumbai","Maharashtra"
"Pahadi Municipal Road","400063","Mumbai","Mumbai","Maharashtra"
"Pahela","441924","Bhandara","Bhandara","Maharashtra"
"Pahur","424205","Jalgaon","Jalgaon","Maharashtra"
"Pai Nagar","400092","Mumbai","Mumbai","Maharashtra"
"Paili Village","400074","Mumbai","Mumbai","Maharashtra"
"Pais Street","400011","Mumbai","Mumbai","Maharashtra"
"Paithan","431107","Aurangabad","Paithan","Maharashtra"
"Paithan Sugar Factory","431148","Aurangabad","Aurangabad","Maharashtra"
"Pakmodia Street","400003","Mumbai","Mumbai","Maharashtra"
"Pakni","413242","Sholapur","Sholapur","Maharashtra"
"Pal","425512","Jalgaon","Jalgaon","Maharashtra"
"Pal Wadi","400017","Mumbai","Mumbai","Maharashtra"
"Pala Galli Sameul St 1,93","400009","Mumbai","Mumbai","Maharashtra"
"Palam","431720","Parbhani","Parbhani","Maharashtra"
"Palandur","441811","Bhandara","Bhandara","Maharashtra"
"Palasdeo","413132","Pune","Pune","Maharashtra"
"Paldhi","425103","Jalgaon","Jalgaon","Maharashtra"
"Paldhi Pahur","425119","Jalgaon","Jalgaon","Maharashtra"
"Palgad","415716","Ratnagiri","Ratnagiri","Maharashtra"
"Palghar H O","401404","Thane","Thane","Maharashtra"
"Pali","410205","Raigarh","Pali","Maharashtra"
"Pali","415803","Ratnagiri","Ratnagiri","Maharashtra"
"Pali Bandra Road Bandra","400050","Mumbai","Mumbai","Maharashtra"
"Pali Bandra Road Khar","400052","Mumbai","Mumbai","Maharashtra"
"Pali Hill","400050","Mumbai","Mumbai","Maharashtra"
"Pali Hill Cross Road","400050","Mumbai","Mumbai","Maharashtra"
"Pali Hill Road","400050","Mumbai","Mumbai","Maharashtra"
"Pali Hill Road","400052","Mumbai","Mumbai","Maharashtra"
"Pali Market Road","400050","Mumbai","Mumbai","Maharashtra"
"Pali Mela Road","400050","Mumbai","Mumbai","Maharashtra"
"Pali Pathar","400050","Mumbai","Mumbai","Maharashtra"
"Pali Rama Road","400058","Mumbai","Mumbai","Maharashtra"
"Pali Village","400050","Mumbai","Mumbai","Maharashtra"
"Palkhed","422216","Nashik","Nashik","Maharashtra"
"Palkhi Mohalla","400009","Mumbai","Mumbai","Maharashtra"
"Palkhi Wadi Galli","400025","Mumbai","Mumbai","Maharashtra"
"Palm Aeres","400081","Mumbai","Mumbai","Maharashtra"
"Palm Lands","400016","Mumbai","Mumbai","Maharashtra"
"Palonji Sojpal Chawls","400028","Mumbai","Mumbai","Maharashtra"
"Palshet","415704","Ratnagiri","Ratnagiri","Maharashtra"
"Palton Road","400001","Mumbai","Mumbai","Maharashtra"
"Palus","416310","Sangli","Sangli","Maharashtra"
"Pambhurna","442506","Chandrapur","Chandrapur","Maharashtra"
"Pan Gulli Only Suryakiran","400063","Mumbai","Mumbai","Maharashtra"
"Panch Sheela Nagar","400080","Mumbai","Mumbai","Maharashtra"
"Panch Sheela Zopadpatti","400103","Mumbai","Mumbai","Maharashtra"
"Panchagani","412805","Satara","Satara","Maharashtra"
"Panchan Dhobighat","400006","Mumbai","Mumbai","Maharashtra"
"Panchayat Wadi Dawooji Cr","400004","Mumbai","Mumbai","Maharashtra"
"Panchipirachi Wadi Mohd W","400016","Mumbai","Mumbai","Maharashtra"
"Pandara","413110","Pune","Pune","Maharashtra"
"Pandav Kund","400078","Mumbai","Mumbai","Maharashtra"
"Pandav Road","400065","Mumbai","Mumbai","Maharashtra"
"Pandav Wadi","400060","Mumbai","Mumbai","Maharashtra"
"Pandhar Kawda","445302","Yeotamal","Yeotamal","Maharashtra"
"Pandharinath L Patkar Rd","400005","Mumbai","Mumbai","Maharashtra"
"Pandharpur Bhaji Mkt","413304","Sholapur","Sholapur","Maharashtra"
"Pandharpur H O","413304","Sholapur","Sholapur","Maharashtra"
"Pandharpur Mahadwar","413304","Sholapur","Sholapur","Maharashtra"
"Pandharpur St Road","413304","Sholapur","Sholapur","Maharashtra"
"Pandit B Buwa Bakhale Pat","400004","Mumbai","Mumbai","Maharashtra"
"Pandit D U Marg Mulund","400080","Mumbai","Mumbai","Maharashtra"
"Pandit Gunidas Marg","400016","Mumbai","Mumbai","Maharashtra"
"Pandit J Buwa P Mg Harvey","400016","Mumbai","Mumbai","Maharashtra"
"Pandit Satvalekar Mg M La","400016","Mumbai","Mumbai","Maharashtra"
"Pandita Ramabai Road","400007","Mumbai","Mumbai","Maharashtra"
"Pandmanath Pail Marg","400005","Mumbai","Mumbai","Maharashtra"
"Pandu Mali Adda","400008","Mumbai","Mumbai","Maharashtra"
"Pandu Patil Road/Lane","400058","Mumbai","Mumbai","Maharashtra"
"Pandurang B Mg Globe Mill","400025","Mumbai","Mumbai","Maharashtra"
"Pandurang Govind Road","400068","Mumbai","Mumbai","Maharashtra"
"Pandurang Wadi","400004","Mumbai","Mumbai","Maharashtra"
"Pandurang Wadi","400063","Mumbai","Mumbai","Maharashtra"
"Pandurang Wadi J S Road","400004","Mumbai","Mumbai","Maharashtra"
"Pandurang Wadi Rd 1 To 6","400063","Mumbai","Mumbai","Maharashtra"
"Pandurang Wadi Road 1To6","400063","Mumbai","Mumbai","Maharashtra"
"Pandya Lanes","400049","Mumbai","Mumbai","Maharashtra"
"Pangaon","431522","Latur","Latur","Maharashtra"
"Pangaon","413403","Sholapur","Sholapur","Maharashtra"
"Pangri","413404","Sholapur","Sholapur","Maharashtra"
"Panhala","416201","Kolhapur","Panhala","Maharashtra"
"Panjarpole Compound","400004","Mumbai","Mumbai","Maharashtra"
"Panjarpole Lane","400004","Mumbai","Mumbai","Maharashtra"
"Panjarpole Lane","400077","Mumbai","Mumbai","Maharashtra"
"Panjarpole Road","400004","Mumbai","Mumbai","Maharashtra"
"Panjarpole Road","400004","Mumbai","Mumbai","Maharashtra"
"Pankai Sonal Dargah","400086","Mumbai","Mumbai","Maharashtra"
"Pannalal Ghosh Road","400064","Mumbai","Mumbai","Maharashtra"
"Pannalal Terace","400007","Mumbai","Mumbai","Maharashtra"
"Panni","441409","Nagpur","Nagpur","Maharashtra"
"Panshet","412107","Pune","Pune","Maharashtra"
"Pantnagar","400075","Mumbai","Mumbai","Maharashtra"
"Pantnagar Colony Road","400075","Mumbai","Mumbai","Maharashtra"
"Panunagar","400075","Mumbai","Mumbai","Maharashtra"
"Panvel City","410206","Raigarh","Alibag","Maharashtra"
"Panvel H O","410206","Raigarh","Alibag","Maharashtra"
"Papanas Wadi","400036","Mumbai","Mumbai","Maharashtra"
"Papdi","401207","Thane","Thane","Maharashtra"
"Paper Mill Lane","400004","Mumbai","Mumbai","Maharashtra"
"Pappaiva Adda","400033","Mumbai","Mumbai","Maharashtra"
"Paradsinga","441305","Nagpur","Nagpur","Maharashtra"
"Parali","415013","Satara","Satara","Maharashtra"
"Parampujaya J Maharaj Rd","400025","Mumbai","Mumbai","Maharashtra"
"Paranda","413502","Osmanabad","Paranda","Maharashtra"
"Parandavade","413128","Sholapur","Sholapur","Maharashtra"
"Paranjape A S Rd No1Rcm","400057","Mumbai","Mumbai","Maharashtra"
"Paranjape A S Rd No1To3","400057","Mumbai","Mumbai","Maharashtra"
"Paranjape B S Rd No1To4","400057","Mumbai","Mumbai","Maharashtra"
"Paranjape Colony","400078","Mumbai","Mumbai","Maharashtra"
"Paratwada H O","444805","Amraoti","Amraoti","Maharashtra"
"Parbhani H O","431401","Parbhani","Parbhani","Maharashtra"
"Parbhani Kranti Chowk","431401","Parbhani","Parbhani","Maharashtra"
"Parbhani Mangalwadi","431401","Parbhani","Parbhani","Maharashtra"
"Parbhani Naya Mondha","431401","Parbhani","Parbhani","Maharashtra"
"Parbhani Station","431402","Aurangabad","Aurangabad","Maharashtra"
"Pardeshi Co Opp Hou Socie","400022","Mumbai","Mumbai","Maharashtra"
"Pareiva Road","400050","Mumbai","Mumbai","Maharashtra"
"Parekh Lane/Galli","400067","Mumbai","Mumbai","Maharashtra"
"Parekh Nagar","400067","Mumbai","Mumbai","Maharashtra"
"Parekh Street","400004","Mumbai","Mumbai","Maharashtra"
"Parekh Wadi","400004","Mumbai","Mumbai","Maharashtra"
"Parel","400012","Mumbai","Mumbai","Maharashtra"
"Parel Back Road","400012","Mumbai","Mumbai","Maharashtra"
"Parel Best Staff Qrt","400012","Mumbai","Mumbai","Maharashtra"
"Parel Chamarbag","400012","Mumbai","Mumbai","Maharashtra"
"Parel Haffkin Institute","400012","Mumbai","Mumbai","Maharashtra"
"Parel Lalbaug","400012","Mumbai","Mumbai","Maharashtra"
"Parel Naka","400012","Mumbai","Mumbai","Maharashtra"
"Parel Raoli Camp","400012","Mumbai","Mumbai","Maharashtra"
"Parel Rly Workshop","400012","Mumbai","Mumbai","Maharashtra"
"Parel Station Road","400012","Mumbai","Mumbai","Maharashtra"
"Parel Village","400012","Mumbai","Mumbai","Maharashtra"
"Parel Village Road","400012","Mumbai","Mumbai","Maharashtra"
"Pargaon","416137","Kolhapur","Kolhapur","Maharashtra"
"Pargaon","413526","Osmanabad","Osmanabad","Maharashtra"
"Parinche","412311","Pune","Pune","Maharashtra"
"Parite","416211","Kolhapur","Kolhapur","Maharashtra"
"Parival Society","400058","Mumbai","Mumbai","Maharashtra"
"Park Bay","400029","Mumbai","Mumbai","Maharashtra"
"Park Cross Road","400057","Mumbai","Mumbai","Maharashtra"
"Park Klane","400072","Mumbai","Mumbai","Maharashtra"
"Park Road","400057","Mumbai","Mumbai","Maharashtra"
"Park-Side Municipal Colon","400079","Mumbai","Mumbai","Maharashtra"
"Parkside Road","400079","Mumbai","Mumbai","Maharashtra"
"Parle Colony","400057","Mumbai","Mumbai","Maharashtra"
"Parle Colony No 2","400099","Mumbai","Mumbai","Maharashtra"
"Parle Road","400057","Mumbai","Mumbai","Maharashtra"
"Parleshwar Co Opp Hou Soc","400057","Mumbai","Mumbai","Maharashtra"
"Parli Thermal Power Stati","431520","Beed","Beed","Maharashtra"
"Parli Vaijanath","431515","Beed","Beed","Maharashtra"
"Parmanand Co Opp Hou Soci","400052","Mumbai","Mumbai","Maharashtra"
"Parmanand D H Rd","400052","Mumbai","Mumbai","Maharashtra"
"Parmanand Wadi","400002","Mumbai","Mumbai","Maharashtra"
"Parmanand Wadi","400012","Mumbai","Mumbai","Maharashtra"
"Parner","414302","Ahmednagar","Ahmednagar","Maharashtra"
"Parola","425111","Jalgaon","Parola","Maharashtra"
"Parsee Gally","400003","Mumbai","Mumbai","Maharashtra"
"Parsee Panchayat Rd J M M","400003","Mumbai","Mumbai","Maharashtra"
"Parsee Wada","400099","Mumbai","Mumbai","Maharashtra"
"Parsee Wada Lane","400004","Mumbai","Mumbai","Maharashtra"
"Parseoni","441105","Nagpur","Nagpur","Maharashtra"
"Parshuram","415707","Ratnagiri","Ratnagiri","Maharashtra"
"Parshuram Kavil Wadi","400028","Mumbai","Mumbai","Maharashtra"
"Parshuram P Cross Lane","400008","Mumbai","Mumbai","Maharashtra"
"Parshuram P Marg","400008","Mumbai","Mumbai","Maharashtra"
"Parshuram Wadi","400004","Mumbai","Mumbai","Maharashtra"
"Parsi Bakery Compound","400025","Mumbai","Mumbai","Maharashtra"
"Parsi Colony","400014","Mumbai","Mumbai","Maharashtra"
"Parsi Colony Road","400014","Mumbai","Mumbai","Maharashtra"
"Parsi Colony Scheme 60 61","400014","Mumbai","Mumbai","Maharashtra"
"Parsi Statue","400008","Mumbai","Mumbai","Maharashtra"
"Parsi Wadi","400078","Mumbai","Mumbai","Maharashtra"
"Parsi Wadi","400086","Mumbai","Mumbai","Maharashtra"
"Partur","431501","Aurangabad","Partur","Maharashtra"
"Parula","416523","Sindhudurg","Oras","Maharashtra"
"Parvati","411009","Pune","Pune","Maharashtra"
"Parvati Nagar","440027","Nagpur","Nagpur","Maharashtra"
"Parvati Tilak V Nagar","411009","Pune","Pune","Maharashtra"
"Parvati Wadi","400016","Mumbai","Mumbai","Maharashtra"
"Parwa","445306","Yeotamal","Yeotamal","Maharashtra"
"Pascar Wadi","400060","Mumbai","Mumbai","Maharashtra"
"Pasco Louis Wadi","400025","Mumbai","Mumbai","Maharashtra"
"Pashan","411045","Pune","Pune","Maharashtra"
"Pasta Lane 1 To 4","400005","Mumbai","Mumbai","Maharashtra"
"Pat","416522","Sindhudurg","Oras","Maharashtra"
"Patak Wadi","400002","Mumbai","Mumbai","Maharashtra"
"Patak Wadi Road","400002","Mumbai","Mumbai","Maharashtra"
"Patan","415206","Satara","Patan","Maharashtra"
"Patan Kodoli","416202","Kolhapur","Kolhapur","Maharashtra"
"Patanbor","445305","Yeotamal","Yeotamal","Maharashtra"
"Pateil Wadi","400028","Mumbai","Mumbai","Maharashtra"
"Patel Colony","400068","Mumbai","Mumbai","Maharashtra"
"Patel Compound","400008","Mumbai","Mumbai","Maharashtra"
"Patel Esate","400007","Mumbai","Mumbai","Maharashtra"
"Patel Esate Marg","400012","Mumbai","Mumbai","Maharashtra"
"Patel Galli","400070","Mumbai","Mumbai","Maharashtra"
"Patel Industrial Estate","400062","Mumbai","Mumbai","Maharashtra"
"Patel Industrial Estate","400068","Mumbai","Mumbai","Maharashtra"
"Patel Pada","400052","Mumbai","Mumbai","Maharashtra"
"Patel Wadi","400069","Mumbai","Mumbai","Maharashtra"
"Patel Wadi","400070","Mumbai","Mumbai","Maharashtra"
"Pathan Adda","400012","Mumbai","Mumbai","Maharashtra"
"Pathan Wadi","400064","Mumbai","Mumbai","Maharashtra"
"Pathanpura","442401","Chandrapur","Chandrapur","Maharashtra"
"Pathaot","444808","Amraoti","Amraoti","Maharashtra"
"Pathar Blocks","400050","Mumbai","Mumbai","Maharashtra"
"Pathar Compound","400078","Mumbai","Mumbai","Maharashtra"
"Patharc K Samaj Chowk","400007","Mumbai","Mumbai","Maharashtra"
"Pathardi","414102","Ahmednagar","Pathardi","Maharashtra"
"Pathare Prabhu S Hou Soci","400052","Mumbai","Mumbai","Maharashtra"
"Pathe Baboorao M","400034","Mumbai","Mumbai","Maharashtra"
"Pathri","441215","Chandrapur","Pathri","Maharashtra"
"Pathri","431506","Parbhani","Pathri","Maharashtra"
"Pathrud","431144","Aurangabad","Aurangabad","Maharashtra"
"Patil Wadi","400025","Mumbai","Mumbai","Maharashtra"
"Patiwala Chawls","400019","Mumbai","Mumbai","Maharashtra"
"Patkul","413233","Sholapur","Sholapur","Maharashtra"
"Patoda","414204","Beed","Beed","Maharashtra"
"Patoda B K","431524","Beed","Beed","Maharashtra"
"Patonda","424102","Jalgaon","Jalgaon","Maharashtra"
"Patrakar Nagar","400051","Mumbai","Mumbai","Maharashtra"
"Patroda","425436","Jalgaon","Jalgaon","Maharashtra"
"Patur","444501","Akola","Patur","Maharashtra"
"Paturda","444201","Buldhana","Buldhana","Maharashtra"
"Patwa Chawls","400002","Mumbai","Mumbai","Maharashtra"
"Patwardhan Ground","440012","Nagpur","Nagpur","Maharashtra"
"Paud","412108","Pune","Pune","Maharashtra"
"Paunar","442111","Wardha","Wardha","Maharashtra"
"Pavani","441910","Bhandara","Bhandara","Maharashtra"
"Pawai Andheri Road","400076","Mumbai","Mumbai","Maharashtra"
"Pawai Check Naka","400065","Mumbai","Mumbai","Maharashtra"
"Pawai Chowk","400082","Mumbai","Mumbai","Maharashtra"
"Pawai Park","400072","Mumbai","Mumbai","Maharashtra"
"Pawai Road","400006","Mumbai","Mumbai","Maharashtra"
"Pawan Baug","400064","Mumbai","Mumbai","Maharashtra"
"Pawashar Wadi","400028","Mumbai","Mumbai","Maharashtra"
"Pawaskar Zopadaptti","400025","Mumbai","Mumbai","Maharashtra"
"Pawwala Lane","400007","Mumbai","Mumbai","Maharashtra"
"Pawwala Street","400004","Mumbai","Mumbai","Maharashtra"
"Pay & Accounts","400021","Mumbai","Mumbai","Maharashtra"
"Payali Pada","400088","Mumbai","Mumbai","Maharashtra"
"Ped","416321","Sangli","Sangli","Maharashtra"
"Pedgaon","431537","Parbhani","Parbhani","Maharashtra"
"Pednekar Wadi","400025","Mumbai","Mumbai","Maharashtra"
"Pednekar Wadi","400063","Mumbai","Mumbai","Maharashtra"
"Peerkhan Street","400008","Mumbai","Mumbai","Maharashtra"
"Peint","422208","Nashik","Nashik","Maharashtra"
"Peip","416622","Sindhudurg","Oras","Maharashtra"
"Pen","402107","Raigarh","Pen","Maharashtra"
"Pendse Wadi","400004","Mumbai","Mumbai","Maharashtra"
"Pendurkar Wadi","400016","Mumbai","Mumbai","Maharashtra"
"Pennal","413248","Sholapur","Sholapur","Maharashtra"
"People Own Housing Colony","400062","Mumbai","Mumbai","Maharashtra"
"Pereira Road","400050","Mumbai","Mumbai","Maharashtra"
"Pereira Wadi","400068","Mumbai","Mumbai","Maharashtra"
"Perin Nariman Street","400001","Mumbai","Mumbai","Maharashtra"
"Perry Cross Rd/Lane","400050","Mumbai","Mumbai","Maharashtra"
"Perry Rd","400050","Mumbai","Mumbai","Maharashtra"
"Peru Baug","400063","Mumbai","Mumbai","Maharashtra"
"Peru Baug Road","400063","Mumbai","Mumbai","Maharashtra"
"Pesram Nagar","400077","Mumbai","Mumbai","Maharashtra"
"Peston Sagar","400077","Mumbai","Mumbai","Maharashtra"
"Pestonji Street","400005","Mumbai","Mumbai","Maharashtra"
"Peter Dias Road","400050","Mumbai","Mumbai","Maharashtra"
"Peth","415407","Sangli","Sangli","Maharashtra"
"Pethwadaj","431744","Nanded","Nanded","Maharashtra"
"Petit Hall","400006","Mumbai","Mumbai","Maharashtra"
"Pgms Office","400030","Mumbai","Mumbai","Maharashtra"
"Phadke Wadi","400004","Mumbai","Mumbai","Maharashtra"
"Phailal Road","400064","Mumbai","Mumbai","Maharashtra"
"Phalenwadi","416010","Kolhapur","Kolhapur","Maharashtra"
"Phalke Road","400014","Mumbai","Mumbai","Maharashtra"
"Phalke Wadi","400025","Mumbai","Mumbai","Maharashtra"
"Phaltan","415523","Satara","Phaltan","Maharashtra"
"Phardapur","431118","Jalgaon","Jalgaon","Maharashtra"
"Phatal Wadi","400063","Mumbai","Mumbai","Maharashtra"
"Philip Wadi","400055","Mumbai","Mumbai","Maharashtra"
"Phirozshah Godrej Marg","400083","Mumbai","Mumbai","Maharashtra"
"Phirozshah Mehta Garden","400006","Mumbai","Mumbai","Maharashtra"
"Phirozshah Mehta Garden","400054","Mumbai","Mumbai","Maharashtra"
"Phirozshah Mehta Road","400057","Mumbai","Mumbai","Maharashtra"
"Phirozshah Road /Street","400054","Mumbai","Mumbai","Maharashtra"
"Phondaghat","416601","Sindhudurg","Oras","Maharashtra"
"Phondsiras","413121","Sholapur","Sholapur","Maharashtra"
"Phra","441809","Bhandara","Bhandara","Maharashtra"
"Phulamrai","431111","Aurangabad","Aurangabad","Maharashtra"
"Phulwadi","400058","Mumbai","Ghansawangi","Maharashtra"
"Phurasangi","412308","Pune","Pune","Maharashtra"
"Phurwadi","400061","Mumbai","Mumbai","Maharashtra"
"Picnic Spot","400065","Mumbai","Mumbai","Maharashtra"
"Pilav","413310","Sholapur","Sholapur","Maharashtra"
"Pimpalgaon","422209","Nashik","Nashik","Maharashtra"
"Pimpalgaon B K","424203","Jalgaon","Jalgaon","Maharashtra"
"Pimpalgaon Kale","443403","Buldhana","Buldhana","Maharashtra"
"Pimpalgaon Pisa","413724","Ahmednagar","Ahmednagar","Maharashtra"
"Pimpalgaon Raja","444306","Buldhana","Buldhana","Maharashtra"
"Pimpalner","424306","Dhule","Dhule","Maharashtra"
"Pimpalner","413210","Sholapur","Sholapur","Maharashtra"
"Pimpalwadi","412412","Pune","Pune","Maharashtra"
"Pimpalwandi","413229","Beed","Beed","Maharashtra"
"Pimpede","415525","Satara","Satara","Maharashtra"
"Pimphalwadi","400004","Mumbai","Mumbai","Maharashtra"
"Pimpode","415525","Satara","Satara","Maharashtra"
"Pimpri","431213","Aurangabad","Aurangabad","Maharashtra"
"Pimpri Chinchwad","431213","Aurangabad","Pimpri Chinchwad","Maharashtra"
"Pimpri Colony","411017","Pune","Pune","Maharashtra"
"Pimpri Khurd","425104","Jalgaon","Jalgaon","Maharashtra"
"Pimpri P F","411018","Pune","Pune","Maharashtra"
"Pinjar","444407","Akola","Akola","Maharashtra"
"Pinjara Gali","400003","Mumbai","Mumbai","Maharashtra"
"Pipe Lane","400072","Mumbai","Mumbai","Maharashtra"
"Pipe Line","400051","Mumbai","Mumbai","Maharashtra"
"Pipe Line","400055","Mumbai","Mumbai","Maharashtra"
"Pipe Line Zopadpatti","400059","Mumbai","Mumbai","Maharashtra"
"Pir Pau","400074","Mumbai","Mumbai","Maharashtra"
"Pirangut","412111","Pune","Pune","Maharashtra"
"Pirmal Nagar","400062","Mumbai","Mumbai","Maharashtra"
"Pishore","431104","Aurangabad","Aurangabad","Maharashtra"
"Pitale Road","400052","Mumbai","Mumbai","Maharashtra"
"Pitale Wadi","400016","Mumbai","Mumbai","Maharashtra"
"Pitale Wadi","400057","Mumbai","Mumbai","Maharashtra"
"Pitamber Lane","400016","Mumbai","Mumbai","Maharashtra"
"Pitamber Wadi","400016","Mumbai","Mumbai","Maharashtra"
"Pitha Street","400001","Mumbai","Mumbai","Maharashtra"
"Pitha Street Crpss Lane","400001","Mumbai","Mumbai","Maharashtra"
"Play Ground Road","400057","Mumbai","Mumbai","Maharashtra"
"Play Hou Corner","400007","Mumbai","Mumbai","Maharashtra"
"Play Hou Corner","400008","Mumbai","Mumbai","Maharashtra"
"Play House Corner","400004","Mumbai","Mumbai","Maharashtra"
"Pochkhanwala Road","400025","Mumbai","Mumbai","Maharashtra"
"Poddar Estate","400064","Mumbai","Mumbai","Maharashtra"
"Poddar Nagar","400067","Mumbai","Mumbai","Maharashtra"
"Poddar Street","400067","Mumbai","Mumbai","Maharashtra"
"Pohegaon","423605","Ahmednagar","Ahmednagar","Maharashtra"
"Poisar","400067","Mumbai","Mumbai","Maharashtra"
"Poladpur","402303","Raigarh","Poladpur","Maharashtra"
"Police Camp","400025","Mumbai","Mumbai","Maharashtra"
"Police Camp A To Z","400025","Mumbai","Mumbai","Maharashtra"
"Police Camp Rd","400018","Mumbai","Mumbai","Maharashtra"
"Police Court Lane","400001","Mumbai","Mumbai","Maharashtra"
"Police Head Quarter","400014","Mumbai","Mumbai","Maharashtra"
"Police Station Rd","400099","Mumbai","Mumbai","Maharashtra"
"Polydan Of India","400101","Mumbai","Mumbai","Maharashtra"
"Pomalwadi","413206","Sholapur","Sholapur","Maharashtra"
"Pond Gavthan Road","400056","Mumbai","Mumbai","Maharashtra"
"Poona Street","400009","Mumbai","Mumbai","Maharashtra"
"Poonawala Wadi","400016","Mumbai","Mumbai","Maharashtra"
"Popat Lal Wadi","400028","Mumbai","Mumbai","Maharashtra"
"Popat Wadi","400002","Mumbai","Mumbai","Maharashtra"
"Pophali","415601","Ratnagiri","Ratnagiri","Maharashtra"
"Pophali","445213","Yeotamal","Yeotamal","Maharashtra"
"Postal Colony Chembur","400071","Mumbai","Mumbai","Maharashtra"
"Posts & Telegraphs Q","400099","Mumbai","Mumbai","Maharashtra"
"Powai Road","400006","Mumbai","Mumbai","Maharashtra"
"Powai Telephone Exchange","400083","Mumbai","Mumbai","Maharashtra"
"Power Works Street","400010","Mumbai","Mumbai","Maharashtra"
"Powwala Street/Wadi","400004","Mumbai","Mumbai","Maharashtra"
"Poynad","402108","Raigarh","Alibag","Maharashtra"
"Prabhadevi","400025","Mumbai","Mumbai","Maharashtra"
"Prabhadevi Century Mills","400025","Mumbai","Mumbai","Maharashtra"
"Prabhadevi Cross Lane","400025","Mumbai","Mumbai","Maharashtra"
"Prabhadevi New","400025","Mumbai","Mumbai","Maharashtra"
"Prabhadevi Road","400025","Mumbai","Mumbai","Maharashtra"
"Prabhadevi Road 1 To 130","400025","Mumbai","Mumbai","Maharashtra"
"Prabhadevi Worli","400025","Mumbai","Mumbai","Maharashtra"
"Prabhadevi Worli Sea Face","400025","Mumbai","Mumbai","Maharashtra"
"Prabhat Colony","400055","Mumbai","Mumbai","Maharashtra"
"Prabhat Roller Flour","400068","Mumbai","Mumbai","Maharashtra"
"Prabhatnagar","400069","Mumbai","Mumbai","Maharashtra"
"Prabhatnagar","400102","Mumbai","Mumbai","Maharashtra"
"Pragati Housing Ksociety","400028","Mumbai","Mumbai","Maharashtra"
"Pragati Housing Society","400071","Mumbai","Mumbai","Maharashtra"
"Pragatinagar","400062","Mumbai","Mumbai","Maharashtra"
"Pragraj Galli","400002","Mumbai","Mumbai","Maharashtra"
"Prakash Kotnis Road","400016","Mumbai","Mumbai","Maharashtra"
"Prakash Pethe Marg","400005","Mumbai","Mumbai","Maharashtra"
"Prakash Sadar","400072","Mumbai","Mumbai","Maharashtra"
"Prakash Wadi","400093","Mumbai","Mumbai","Maharashtra"
"Prakasha","425422","Dhule","Dhule","Maharashtra"
"Praneshwar Lane","400077","Mumbai","Mumbai","Maharashtra"
"Prarthana Samaj","400004","Mumbai","Mumbai","Maharashtra"
"Prarthana Samaj Road","400057","Mumbai","Mumbai","Maharashtra"
"Pratap Co-Opp Housing Soc","400058","Mumbai","Mumbai","Maharashtra"
"Pratap Nagar","400031","Mumbai","Mumbai","Maharashtra"
"Pratap Nagar","400060","Mumbai","Mumbai","Maharashtra"
"Pratap Nagar","400078","Mumbai","Kalwan","Maharashtra"
"Pratap Nagar Road","400078","Mumbai","Mumbai","Maharashtra"
"Pratiraksha Nagar","400055","Mumbai","Mumbai","Maharashtra"
"Pravaranagar","413712","Ahmednagar","Ahmednagar","Maharashtra"
"Prem Estate","400010","Mumbai","Mumbai","Maharashtra"
"Prem Nagare","400060","Mumbai","Mumbai","Maharashtra"
"Prem Nagare","400067","Mumbai","Mumbai","Maharashtra"
"Prem Nagare","400080","Mumbai","Mumbai","Maharashtra"
"Prem Nagare","400092","Mumbai","Mumbai","Maharashtra"
"Premier Road","400070","Mumbai","Mumbai","Maharashtra"
"Premnagar Janata Colony","400060","Mumbai","Mumbai","Maharashtra"
"Prerma Premises","400021","Mumbai","Mumbai","Maharashtra"
"Prernicr Colonyr","400070","Mumbai","Mumbai","Maharashtra"
"Prescott Road","400001","Mumbai","Mumbai","Maharashtra"
"Princess Avenue Road","400050","Mumbai","Mumbai","Maharashtra"
"Princess Dock","400009","Mumbai","Mumbai","Maharashtra"
"Principal R S N M Kale Ma","400028","Mumbai","Mumbai","Maharashtra"
"Private Road","400055","Mumbai","Mumbai","Maharashtra"
"Proctor Cross Road","400007","Mumbai","Mumbai","Maharashtra"
"Prof Almeda Road","400050","Mumbai","Mumbai","Maharashtra"
"Prof Almeda Udyan","400050","Mumbai","Mumbai","Maharashtra"
"Prof V S Agashe Path","400028","Mumbai","Mumbai","Maharashtra"
"Pulachi Shiroli","416122","Kolhapur","Kolhapur","Maharashtra"
"Pulgaon","442302","Wardha","Pulgaon","Maharashtra"
"Pulgaon Camp","442303","Wardha","Wardha","Maharashtra"
"Pune","411001","Pune","Pune","Maharashtra"
"Pune","411010","Pune","Pune","Maharashtra"
"Pune Cantt East","411001","Pune","Pune","Maharashtra"
"Pune Cda","411001","Pune","Pune","Maharashtra"
"Pune City H O","411002","Pune","Pune","Maharashtra"
"Pune City Nanapeth","411002","Pune","Pune","Maharashtra"
"Pune Dr B Ambedkar Chowk","411001","Pune","Pune","Maharashtra"
"Pune Garpade Peth","411002","Pune","Pune","Maharashtra"
"Pune Ghor Bazar","411001","Pune","Pune","Maharashtra"
"Pune Ghorpuri","411001","Pune","Pune","Maharashtra"
"Pune Guruwar Peth","411002","Pune","Pune","Maharashtra"
"Pune H O","411001","Pune","Pune","Maharashtra"
"Pune Middle Road","411001","Pune","Pune","Maharashtra"
"Pune New Bazar","411001","Pune","Pune","Maharashtra"
"Pune New College","411001","Pune","Pune","Maharashtra"
"Pune Phule Mkt","411002","Pune","Pune","Maharashtra"
"Pune R S N P O","411001","Pune","Pune","Maharashtra"
"Pune Rasta Peth","411002","Pune","Pune","Maharashtra"
"Pune Sachhapir St","411001","Pune","Pune","Maharashtra"
"Pune Salisbury Park","411001","Pune","Pune","Maharashtra"
"Pune Southern Command","411001","Pune","Pune","Maharashtra"
"Pune Sukrawarpeth","411002","Pune","Pune","Maharashtra"
"Pune Swar Gate","411002","Pune","Pune","Maharashtra"
"Pune Vanowrie","411001","Pune","Pune","Maharashtra"
"Punjabi Camp","400037","Mumbai","Mumbai","Maharashtra"
"Punjabi Wadi","400092","Mumbai","Mumbai","Maharashtra"
"Puntambha","413707","Ahmednagar","Ahmednagar","Maharashtra"
"Pural","416809","Sindhudurg","Oras","Maharashtra"
"Purandare Wadi","400028","Mumbai","Mumbai","Maharashtra"
"Purandhar","412302","Pune","Pune","Maharashtra"
"Purna","431511","Parbhani","Purna","Maharashtra"
"Purnanagar","444804","Amraoti","Amraoti","Maharashtra"
"Puroshattam Wadi","400028","Mumbai","Mumbai","Maharashtra"
"Purushottam Nagar Shahada","425424","Dhule","Dhule","Maharashtra"
"Pusad","445204","Yeotamal","Pusad","Maharashtra"
"Pusalkar Wadi","400055","Mumbai","Mumbai","Maharashtra"
"Pusegaon","415502","Satara","Satara","Maharashtra"
"Pusesavali","415512","Satara","Satara","Maharashtra"
"Pushapa Park","400064","Mumbai","Mumbai","Maharashtra"
"Pustikar Co Op Hou Societ","400060","Mumbai","Mumbai","Maharashtra"
"Pydhoknie Road","400009","Mumbai","Mumbai","Maharashtra"
"Pydhonie","400003","Mumbai","Mumbai","Maharashtra"
"Q-Block","400060","Mumbai","Mumbai","Maharashtra"
"Quarr Street","400033","Mumbai","Mumbai","Maharashtra"
"Quarry Road","400058","Mumbai","Mumbai","Maharashtra"
"Quarry Road","400064","Mumbai","Mumbai","Maharashtra"
"Quarry Street","400010","Mumbai","Mumbai","Maharashtra"
"Quarter Road","400071","Mumbai","Mumbai","Maharashtra"
"Queens Barracks","400021","Mumbai","Mumbai","Maharashtra"
"Qureshi Nagar","400070","Mumbai","Mumbai","Maharashtra"
"R A K R No 11To44,78To86","400031","Mumbai","Mumbai","Maharashtra"
"R B Kadam Cross Road","400084","Mumbai","Mumbai","Maharashtra"
"R B Mehta Road","400077","Mumbai","Mumbai","Maharashtra"
"R C Church","400005","Mumbai","Mumbai","Maharashtra"
"R C Mama Path No2To28","400002","Mumbai","Mumbai","Maharashtra"
"R D Davliwadi","400028","Mumbai","Mumbai","Maharashtra"
"R D Kavliwadi","400028","Mumbai","Mumbai","Maharashtra"
"R K Buldings","400033","Mumbai","Mumbai","Maharashtra"
"R K Vaidya Road","400028","Mumbai","Mumbai","Maharashtra"
"R P F Kcolony","400081","Mumbai","Mumbai","Maharashtra"
"R P Masani Road","400019","Mumbai","Mumbai","Maharashtra"
"R Q K R/B/Iii 3To7,11To12","400022","Mumbai","Mumbai","Maharashtra"
"R R Road","400060","Mumbai","Mumbai","Maharashtra"
"R S Nimbalkar Marg","400008","Mumbai","Mumbai","Maharashtra"
"R S Sapre Marg","400002","Mumbai","Mumbai","Maharashtra"
"R V Patkar Road","400050","Mumbai","Mumbai","Maharashtra"
"Radha Dalvi Nagar","400067","Mumbai","Mumbai","Maharashtra"
"Radhabhai Mhatra Road","400068","Mumbai","Mumbai","Maharashtra"
"Radhanagari","416212","Kolhapur","Kolhapur","Maharashtra"
"Rafi Ahmed Kidwai Road","400019","Mumbai","Mumbai","Maharashtra"
"Rafil Range Road","400086","Mumbai","Mumbai","Maharashtra"
"Raghaji Road","400036","Mumbai","Mumbai","Maharashtra"
"Raghav Wadi","400007","Mumbai","Mumbai","Maharashtra"
"Raghnath Jashi Wadi","400028","Mumbai","Mumbai","Maharashtra"
"Ragho Muley Wadi","400025","Mumbai","Mumbai","Maharashtra"
"Raghunath Dadaji Street","400001","Mumbai","Mumbai","Maharashtra"
"Raghunath Maharaj Strrt","400003","Mumbai","Mumbai","Maharashtra"
"Raghunathnagar","431110","Aurangabad","Aurangabad","Maharashtra"
"Rahata","423107","Ahmednagar","Ahmednagar","Maharashtra"
"Raher","431740","Nanded","Nanded","Maharashtra"
"Rahimatpur","415511","Satara","Rahimatpur","Maharashtra"
"Rahuri","413705","Ahmednagar","Rahuri","Maharashtra"
"Rahuri Factory","413706","Ahmednagar","Ahmednagar","Maharashtra"
"Rahuri M P K Vidyapith","413722","Ahmednagar","Ahmednagar","Maharashtra"
"Raichand Wadi","400028","Mumbai","Mumbai","Maharashtra"
"Raichur Street","400009","Mumbai","Mumbai","Maharashtra"
"Railway Colony","400075","Mumbai","Mumbai","Maharashtra"
"Railway Quaraters Scruz","400054","Mumbai","Mumbai","Maharashtra"
"Railway Siding Road","400010","Mumbai","Mumbai","Maharashtra"
"Rainapur","413527","Osmanabad","Osmanabad","Maharashtra"
"Raj Bhavan","400035","Mumbai","Mumbai","Maharashtra"
"Raj Bjavan Compound","400035","Mumbai","Mumbai","Maharashtra"
"Raj Guru Nagar","410505","Pune","Pune","Maharashtra"
"Raja Ram Mohan Roy Marg","400004","Mumbai","Mumbai","Maharashtra"
"Raja Wadi Road 1To 7","400077","Mumbai","Mumbai","Maharashtra"
"Raja Wadkar Street","400005","Mumbai","Mumbai","Maharashtra"
"Rajabjai Patel Road","400026","Mumbai","Mumbai","Maharashtra"
"Rajan Village/Road","400050","Mumbai","Mumbai","Maharashtra"
"Rajapur","416702","Ratnagiri","Rajapur","Maharashtra"
"Rajaram Dhuru Wadi","400028","Mumbai","Mumbai","Maharashtra"
"Rajaram Dube Compound","400067","Mumbai","Mumbai","Maharashtra"
"Rajaram Keshav Vaidya Mar","400028","Mumbai","Mumbai","Maharashtra"
"Rajaram Tawade Road","400068","Mumbai","Mumbai","Maharashtra"
"Rajaram Wadi","400099","Mumbai","Mumbai","Maharashtra"
"Rajarampuri","416008","Kolhapur","Kolhapur","Maharashtra"
"Rajashree Shahu Nagar","400017","Mumbai","Mumbai","Maharashtra"
"Rajastan Hou Society Lane","400059","Mumbai","Mumbai","Maharashtra"
"Rajawadi","400077","Mumbai","Basmath","Maharashtra"
"Rajendra Prasad Road","400080","Mumbai","Mumbai","Maharashtra"
"Rajendra Singhji Road","400029","Mumbai","Mumbai","Maharashtra"
"Rajendranagar","400066","Mumbai","Mumbai","Maharashtra"
"Rajewadi","412104","Pune","Pune","Maharashtra"
"Rajmadhkar Street","400005","Mumbai","Mumbai","Maharashtra"
"Rajoli","441213","Chandrapur","Chandrapur","Maharashtra"
"Rajori","414205","Beed","Beed","Maharashtra"
"Rajpuri","402405","Raigarh","Alibag","Maharashtra"
"Rajur","422604","Ahmednagar","Rajur","Maharashtra"
"Rajur","445309","Yeotamal","Yeotamal","Maharashtra"
"Rajura Manik Garh","442905","Chandrapur","Chandrapur","Maharashtra"
"Ralegaon","445402","Yeotamal","Yeotamal","Maharashtra"
"Ram Chandani Marg","400039","Mumbai","Mumbai","Maharashtra"
"Ram Drishna Mission Marg","400052","Mumbai","Mumbai","Maharashtra"
"Ram Ganesh Gadkari Chowk","400016","Mumbai","Mumbai","Maharashtra"
"Ram Hajare Marg","400079","Mumbai","Mumbai","Maharashtra"
"Ram Krishna Chemburkar Mr","400071","Mumbai","Mumbai","Maharashtra"
"Ram Krishna Mission Ashra","400052","Mumbai","Mumbai","Maharashtra"
"Ram Krishna Wadi","400028","Mumbai","Mumbai","Maharashtra"
"Ram Kuvar Rd Thakur","400068","Mumbai","Mumbai","Maharashtra"
"Ram Lane","400067","Mumbai","Mumbai","Maharashtra"
"Ram Mabdir Lane","400092","Mumbai","Mumbai","Maharashtra"
"Ram Mandir Marg","400050","Mumbai","Mumbai","Maharashtra"
"Ram Mandir Road","400051","Mumbai","Mumbai","Maharashtra"
"Ram Mandir Road","400062","Mumbai","Mumbai","Maharashtra"
"Ram Mandir Road","400063","Mumbai","Mumbai","Maharashtra"
"Ram Mandir Road Khar","400052","Mumbai","Mumbai","Maharashtra"
"Ram Mandir Road Kurla","400070","Mumbai","Mumbai","Maharashtra"
"Ram Mandir Road Vileparle","400057","Mumbai","Mumbai","Maharashtra"
"Ram Maruti Road","400028","Mumbai","Mumbai","Maharashtra"
"Ram Narayan Narkar Marg","400075","Mumbai","Mumbai","Maharashtra"
"Ram Ratan Trivedi Road","400080","Mumbai","Mumbai","Maharashtra"
"Ram Tekdi","400074","Mumbai","Mumbai","Maharashtra"
"Ram Wadi","400002","Mumbai","Mumbai","Maharashtra"
"Ram Wadi","400058","Mumbai","Mumbai","Maharashtra"
"Ram Wadi","400080","Mumbai","Mumbai","Maharashtra"
"Ramabai Sahakar Nagar","400075","Mumbai","Mumbai","Maharashtra"
"Ramabai Sahkar Nagar","400077","Mumbai","Mumbai","Maharashtra"
"Ramade Road","400028","Mumbai","Mumbai","Maharashtra"
"Ramade Wadi Prabladevi","400025","Mumbai","Mumbai","Maharashtra"
"Ramakant Deshmukh Marg","400083","Mumbai","Mumbai","Maharashtra"
"Ramanand Co Opp Hou Socit","400057","Mumbai","Mumbai","Maharashtra"
"Ramar Wadi","400017","Mumbai","Mumbai","Maharashtra"
"Rambaug","400004","Mumbai","Mumbai","Maharashtra"
"Rambaug","400062","Mumbai","Mumbai","Maharashtra"
"Rambaug","400064","Mumbai","Mumbai","Maharashtra"
"Rambaug","400074","Mumbai","Mumbai","Maharashtra"
"Rambaug","400092","Mumbai","Mumbai","Maharashtra"
"Rambaug","400093","Mumbai","Mumbai","Maharashtra"
"Rambhau Bhogale Marg","400010","Mumbai","Mumbai","Maharashtra"
"Rambhau Bhogale Marg","400033","Mumbai","Mumbai","Maharashtra"
"Ramchandra Bhatt Marg","400009","Mumbai","Mumbai","Maharashtra"
"Ramchandra Drishnaji P Mr","400050","Mumbai","Mumbai","Maharashtra"
"Ramchandra Wadi","400028","Mumbai","Mumbai","Maharashtra"
"Ramdas Dharnamdas Wadi","400028","Mumbai","Mumbai","Maharashtra"
"Ramdas Wadi","400080","Mumbai","Mumbai","Maharashtra"
"Ramdeo Singh R Thakur Mar","400060","Mumbai","Mumbai","Maharashtra"
"Ramgad","416616","Gadchiroli","Gadchiroli","Maharashtra"
"Ramjamgaon Khurd","413719","Ahmednagar","Ahmednagar","Maharashtra"
"Ramji Ashar Road","400077","Mumbai","Mumbai","Maharashtra"
"Ramji Bhagwandas Wadi","400004","Mumbai","Mumbai","Maharashtra"
"Ramnagar","400057","Mumbai","Mumbai","Maharashtra"
"Ramnagar","400060","Mumbai","Mumbai","Maharashtra"
"Ramnagar","400062","Mumbai","Mumbai","Maharashtra"
"Ramnagar","400067","Mumbai","Mumbai","Maharashtra"
"Ramnagar","400092","Mumbai","Mumbai","Maharashtra"
"Ramnagar","421205","Thane","Thane","Maharashtra"
"Rampur","415701","Ratnagiri","Ratnagiri","Maharashtra"
"Rampuri B K","431541","Parbhani","Parbhani","Maharashtra"
"Ramtek","441106","Nagpur","Ramtek","Maharashtra"
"Ramu Shet Adda","400028","Mumbai","Mumbai","Maharashtra"
"Ranala","425411","Dhule","Dhule","Maharashtra"
"Ranchoddas Kanji Wadi","400004","Mumbai","Mumbai","Maharashtra"
"Ranchoddas Kanji Wadi","400068","Mumbai","Mumbai","Maharashtra"
"Ranchoddas Road","400068","Mumbai","Mumbai","Maharashtra"
"Rane Road","400068","Mumbai","Mumbai","Maharashtra"
"Rane Wadi","400058","Mumbai","Mumbai","Maharashtra"
"Rane Wadi","400060","Mumbai","Mumbai","Maharashtra"
"Rang Bhawan","400001","Mumbai","Mumbai","Maharashtra"
"Rangari Mohalla","400003","Mumbai","Mumbai","Maharashtra"
"Rangari Wadi","400070","Mumbai","Mumbai","Maharashtra"
"Rangari Wadi Road","400070","Mumbai","Mumbai","Maharashtra"
"Range Hills","411020","Pune","Pune","Maharashtra"
"Rangnath Keskar Rd","400068","Mumbai","Mumbai","Maharashtra"
"Rangnath Mhatre Rd","400068","Mumbai","Mumbai","Maharashtra"
"Rangwala Galli","400010","Mumbai","Mumbai","Maharashtra"
"Rani Satinagar","400064","Mumbai","Mumbai","Maharashtra"
"Rani Satti Marg","400064","Mumbai","Mumbai","Maharashtra"
"Ranjangaon Ganapati","412209","Pune","Pune","Maharashtra"
"Ranjani","431207","Jalgaon","Jalgaon","Maharashtra"
"Ranjani","416411","Sangli","Sangli","Maharashtra"
"Ranjit Rathar Compound","400078","Mumbai","Mumbai","Maharashtra"
"Ranwar","400050","Mumbai","Mumbai","Maharashtra"
"Rao Bahadur G K Bole Road","400028","Mumbai","Mumbai","Maharashtra"
"Rao Bahadur S D Marg","400071","Mumbai","Mumbai","Maharashtra"
"Rao Bahadur V B Marg","400050","Mumbai","Mumbai","Maharashtra"
"Raoji Shojpal Chawals","400015","Mumbai","Mumbai","Maharashtra"
"Raoji Shojpal Chawals","400033","Mumbai","Mumbai","Maharashtra"
"Raoli Camp","400022","Mumbai","Mumbai","Maharashtra"
"Raoli Hill","400022","Mumbai","Mumbai","Maharashtra"
"Rasayani","410207","Raigarh","Alibag","Maharashtra"
"Rashivade","416224","Kolhapur","Kolhapur","Maharashtra"
"Rashmi Baug","400057","Mumbai","Mumbai","Maharashtra"
"Rashtriya Shala Road","400056","Mumbai","Mumbai","Maharashtra"
"Rasin","414403","Ahmednagar","Ahmednagar","Maharashtra"
"Ratan Tata Road","400034","Mumbai","Mumbai","Maharashtra"
"Ratan Tata Trust Colony","400012","Mumbai","Mumbai","Maharashtra"
"Ratansi Hirji Bhojraj Rd","400080","Mumbai","Mumbai","Maharashtra"
"Ratedi Village","400064","Mumbai","Mumbai","Maharashtra"
"Rath Wadi","400028","Mumbai","Mumbai","Maharashtra"
"Ratilal B Mehta Marg","400077","Mumbai","Mumbai","Maharashtra"
"Ratnagiri H O","415612","Ratnagiri","Ratnagiri","Maharashtra"
"Ratnpakumbhar Nagar","416121","Kolhapur","Kolhapur","Maharashtra"
"Rattilal R Thakkar Marg","400006","Mumbai","Mumbai","Maharashtra"
"Raut Galli","400068","Mumbai","Mumbai","Maharashtra"
"Raut Wadi","400016","Mumbai","Mumbai","Maharashtra"
"Raut Wadi","400028","Mumbai","Mumbai","Maharashtra"
"Ravalgaon","423108","Nashik","Nashik","Maharashtra"
"Rave","402123","Raigarh","Alibag","Maharashtra"
"Ravelin Street","400001","Mumbai","Mumbai","Maharashtra"
"Raver","425508","Jalgaon","Raver","Maharashtra"
"Ravji Jetha Market","400002","Mumbai","Mumbai","Maharashtra"
"Rawalpada","400068","Mumbai","Mumbai","Maharashtra"
"Ray Murzcllo Wadi","400028","Mumbai","Mumbai","Maharashtra"
"Rd No 1 To 12","400055","Mumbai","Mumbai","Maharashtra"
"Rebello Road","400050","Mumbai","Mumbai","Maharashtra"
"Rebseh Street","400008","Mumbai","Mumbai","Maharashtra"
"Recent Chamber","400021","Mumbai","Mumbai","Maharashtra"
"Red Cross Street","400011","Mumbai","Mumbai","Maharashtra"
"Redi","416517","Sindhudurg","Oras","Maharashtra"
"Reheja Centre","400021","Mumbai","Mumbai","Maharashtra"
"Reheja Chambers","400021","Mumbai","Mumbai","Maharashtra"
"Republic Housing Society","400071","Mumbai","Mumbai","Maharashtra"
"Reserve Bank Quarters","400008","Mumbai","Mumbai","Maharashtra"
"Reserve Bank Quarters","400016","Mumbai","Mumbai","Maharashtra"
"Reserve Bank Quarters","400028","Mumbai","Mumbai","Maharashtra"
"Reserve Bank Quarters","400054","Mumbai","Mumbai","Maharashtra"
"Reti Bunder","400010","Mumbai","Mumbai","Maharashtra"
"Revdanda","402202","Raigarh","Alibag","Maharashtra"
"Reynolds Road","400008","Mumbai","Mumbai","Maharashtra"
"Ridge","414001","Ahmednagar","Ahmednagar","Maharashtra"
"Ridge Rd K","400006","Mumbai","Mumbai","Maharashtra"
"Rising Son Co-Opp Society","400049","Mumbai","Mumbai","Maharashtra"
"Risod","444506","Akola","Risod","Maharashtra"
"Rithad","444510","Akola","Akola","Maharashtra"
"Rithapur","444716","Amraoti","Amraoti","Maharashtra"
"Riyani Gram Borivali","400092","Mumbai","Mumbai","Maharashtra"
"Road No 1To 35 Khar","400052","Mumbai","Mumbai","Maharashtra"
"Robert Rd","400005","Mumbai","Mumbai","Maharashtra"
"Rock Road","400050","Mumbai","Mumbai","Maharashtra"
"Rockey Hill","400006","Mumbai","Mumbai","Maharashtra"
"Rodrique Wadi","400028","Mumbai","Mumbai","Maharashtra"
"Roha","402105","Raigarh","Alibag","Maharashtra"
"Roha A V","402116","Raigarh","Alibag","Maharashtra"
"Rokadia Lane","400092","Mumbai","Mumbai","Maharashtra"
"Roopnagar","400067","Mumbai","Mumbai","Maharashtra"
"Ropa Lane","400002","Mumbai","Mumbai","Maharashtra"
"Ropewlk Street","400023","Mumbai","Mumbai","Maharashtra"
"Ropla","413313","Sholapur","Sholapur","Maharashtra"
"Rose Cottage Lane","400010","Mumbai","Mumbai","Maharashtra"
"Rose Lands","400054","Mumbai","Mumbai","Maharashtra"
"Round Temple","400004","Mumbai","Mumbai","Maharashtra"
"Royal Opera House","400004","Mumbai","Mumbai","Maharashtra"
"Royal Turner Road","400049","Mumbai","Mumbai","Maharashtra"
"Royal Western India Turf","400034","Mumbai","Mumbai","Maharashtra"
"Rozaria Wadi","400028","Mumbai","Mumbai","Maharashtra"
"Rpts Khandala","410302","Pune","Pune","Maharashtra"
"Ruby Mills Lane","400028","Mumbai","Mumbai","Maharashtra"
"Ruia Park","400054","Mumbai","Mumbai","Maharashtra"
"Rukadi","416119","Kolhapur","Kolhapur","Maharashtra"
"Rukmini Baug","400028","Mumbai","Mumbai","Maharashtra"
"Rungta Lane","400006","Mumbai","Mumbai","Maharashtra"
"Rupee Nagar","412114","Pune","Pune","Maharashtra"
"Rusi Mehta Compound","400008","Mumbai","Mumbai","Maharashtra"
"Rusi Mehta Industrial Est","400008","Mumbai","Mumbai","Maharashtra"
"Russel Street","400009","Mumbai","Mumbai","Maharashtra"
"Rustom Baug","400027","Mumbai","Mumbai","Maharashtra"
"Rustom Sidhaw Marg","400001","Mumbai","Mumbai","Maharashtra"
"Rutherfield Road","400023","Mumbai","Mumbai","Maharashtra"
"Ruzaru Wadi","400028","Mumbai","Mumbai","Maharashtra"
"S Amar Shaikh Marg","400011","Mumbai","Mumbai","Maharashtra"
"S B P Pune","411022","Pune","Pune","Maharashtra"
"S Balawant Mehta Marg","400018","Mumbai","Mumbai","Maharashtra"
"S Co Opp Hou Society","400057","Mumbai","Mumbai","Maharashtra"
"S G Barve Marg","400070","Mumbai","Mumbai","Maharashtra"
"S G Barve Marg East Kurla","400071","Mumbai","Mumbai","Maharashtra"
"S G Barve Marg East Kurla","400098","Mumbai","Mumbai","Maharashtra"
"S G Barve Marg West Kurla","400098","Mumbai","Mumbai","Maharashtra"
"S Gandhi Marg","400002","Mumbai","Mumbai","Maharashtra"
"S K Bole Road","400028","Mumbai","Mumbai","Maharashtra"
"S K Patil Gardens","400002","Mumbai","Mumbai","Maharashtra"
"S L Matkar Marg","400018","Mumbai","Mumbai","Maharashtra"
"S Mangal Pande Marg","400080","Mumbai","Mumbai","Maharashtra"
"S N D T Road","400020","Mumbai","Mumbai","Maharashtra"
"S P College","411030","Pune","Pune","Maharashtra"
"S P College Lokuranya Nag","411030","Pune","Pune","Maharashtra"
"S P D C Quarters","400074","Mumbai","Mumbai","Maharashtra"
"S P Narayanpeth","411030","Pune","Pune","Maharashtra"
"S P Rashtra Bhasha Bhavan","411030","Pune","Pune","Maharashtra"
"S P Sadashiv Peth","411030","Pune","Pune","Maharashtra"
"S P Saniwar Peth","411030","Pune","Pune","Maharashtra"
"S S C Exam Board","411022","Pune","Pune","Maharashtra"
"S S Wagh Road","400014","Mumbai","Mumbai","Maharashtra"
"S V Mhatre Wadi","400025","Mumbai","Mumbai","Maharashtra"
"S V P Rd","400009","Mumbai","Mumbai","Maharashtra"
"S V Patel Road","400067","Mumbai","Mumbai","Maharashtra"
"S V Sahani Path","400004","Mumbai","Mumbai","Maharashtra"
"Sabrabadi Galli","400008","Mumbai","Mumbai","Maharashtra"
"Sabu Siddik Road","400001","Mumbai","Mumbai","Maharashtra"
"Sachivalaya Gym","400032","Mumbai","Mumbai","Maharashtra"
"Sada","413251","Sholapur","Sholapur","Maharashtra"
"Sadaia Bazar","400003","Mumbai","Mumbai","Maharashtra"
"Sadaia Bazar","400004","Mumbai","Mumbai","Maharashtra"
"Sadakarjuni","441807","Nagpur","Nagpur","Maharashtra"
"Sadan Wadi","400078","Mumbai","Mumbai","Maharashtra"
"Sadanand Churi Wadi","400028","Mumbai","Mumbai","Maharashtra"
"Sadanand Kawli Wadi","400016","Mumbai","Mumbai","Maharashtra"
"Sadanand Khada","400025","Mumbai","Mumbai","Maharashtra"
"Sadanand Parulekar Wadi","400016","Mumbai","Mumbai","Maharashtra"
"Sadanand Rd","400077","Mumbai","Mumbai","Maharashtra"
"Sadanand Thakur Rd","400028","Mumbai","Mumbai","Maharashtra"
"Sadanand Wadi","400004","Mumbai","Mumbai","Maharashtra"
"Sadashiv Street","400004","Mumbai","Mumbai","Maharashtra"
"Sadashiv Street Cross Lan","400004","Mumbai","Mumbai","Maharashtra"
"Sadashivaangai","413111","Sholapur","Sholapur","Maharashtra"
"Sadhana Estate","400060","Mumbai","Mumbai","Maharashtra"
"Sadhu Vaswani Park","400050","Mumbai","Mumbai","Maharashtra"
"Sadhu Vaswani Road","400005","Mumbai","Mumbai","Maharashtra"
"Sadi Bazar","400008","Mumbai","Mumbai","Maharashtra"
"Sadi Sadoba","445106","Yeotamal","Yeotamal","Maharashtra"
"Saeikh H Marg Sanklist","400008","Mumbai","Mumbai","Maharashtra"
"Safia Zubair Rd","400008","Mumbai","Mumbai","Maharashtra"
"Sagave","416709","Ratnagiri","Ratnagiri","Maharashtra"
"Sagroli","431731","Nanded","Nanded","Maharashtra"
"Sahab Gally","400009","Mumbai","Mumbai","Maharashtra"
"Sahakar Bhawan","400071","Mumbai","Mumbai","Maharashtra"
"Sahakar Lane","400063","Mumbai","Mumbai","Maharashtra"
"Sahakar Marg","400051","Mumbai","Mumbai","Maharashtra"
"Sahakar Nagar","400034","Mumbai","Mumbai","Maharashtra"
"Sahakar Nivas","400028","Mumbai","Mumbai","Maharashtra"
"Sahakar Road","400057","Mumbai","Mumbai","Maharashtra"
"Sahakar Road","400102","Mumbai","Mumbai","Maharashtra"
"Sahakari Smt Girani","445215","Yeotamal","Yeotamal","Maharashtra"
"Sahar","400099","Mumbai","Mumbai","Maharashtra"
"Sahar Church Pakhadi","400099","Mumbai","Mumbai","Maharashtra"
"Sahar Gally","400026","Mumbai","Mumbai","Maharashtra"
"Sahar Lanes 1 2 & 3","400069","Mumbai","Mumbai","Maharashtra"
"Sahar Parivartan","400099","Mumbai","Mumbai","Maharashtra"
"Sahar Road","400069","Mumbai","Mumbai","Maharashtra"
"Sahar Talav Pakhadi","400099","Mumbai","Mumbai","Maharashtra"
"Sahar Village","400099","Mumbai","Mumbai","Maharashtra"
"Sahar Village Road","400099","Mumbai","Mumbai","Maharashtra"
"Sahyadri Cottage","400060","Mumbai","Mumbai","Maharashtra"
"Sahyadri Nagar Charkope","400067","Mumbai","Mumbai","Maharashtra"
"Sai Hills","400078","Mumbai","Mumbai","Maharashtra"
"Sai Road","400050","Mumbai","Mumbai","Maharashtra"
"Saibaba Lane","400054","Mumbai","Mumbai","Maharashtra"
"Saibaba Nagar","400092","Mumbai","Mumbai","Maharashtra"
"Saibaba Road","400051","Mumbai","Mumbai","Maharashtra"
"Saibaba Tekadi","400051","Mumbai","Mumbai","Maharashtra"
"Saibag","400067","Mumbai","Mumbai","Maharashtra"
"Saidham Wadi","400004","Mumbai","Mumbai","Maharashtra"
"Saidham Wadi","400064","Mumbai","Mumbai","Maharashtra"
"Saifee Jubille Street","400003","Mumbai","Mumbai","Maharashtra"
"Saifi Jubilee Street","400003","Mumbai","Mumbai","Maharashtra"
"Saigal Road","400076","Mumbai","Mumbai","Maharashtra"
"Sailu","431503","Parbhani","Sailu","Maharashtra"
"Sainagar","400067","Mumbai","Mumbai","Maharashtra"
"Sainath Chowk","400070","Mumbai","Mumbai","Maharashtra"
"Sainath Road","400064","Mumbai","Mumbai","Maharashtra"
"Sainath Wadi","400084","Mumbai","Mumbai","Maharashtra"
"Saitvada","415613","Ratnagiri","Ratnagiri","Maharashtra"
"Sajan Compound","400008","Mumbai","Mumbai","Maharashtra"
"Sajana Lane","400050","Mumbai","Mumbai","Maharashtra"
"Sakar Wadi","400010","Mumbai","Mumbai","Maharashtra"
"Sakar Wadiound","400010","Mumbai","Mumbai","Maharashtra"
"Sakeria Compound","400064","Mumbai","Mumbai","Maharashtra"
"Sakhar Karkhana","425524","Jalgaon","Jalgaon","Maharashtra"
"Sakhar Kherda","443202","Buldhana","Buldhana","Maharashtra"
"Sakharam Keer Road","400016","Mumbai","Mumbai","Maharashtra"
"Sakharam Keer Road","400068","Mumbai","Mumbai","Maharashtra"
"Sakharam Klanjekar Path","400015","Mumbai","Mumbai","Maharashtra"
"Sakharam Tare Rd","400068","Mumbai","Mumbai","Maharashtra"
"Sakharpa","415801","Ratnagiri","Ratnagiri","Maharashtra"
"Sakharwadi","413708","Ahmednagar","Ahmednagar","Maharashtra"
"Sakharwadi","415522","Satara","Satara","Maharashtra"
"Sakhore Wadi","400078","Mumbai","Mumbai","Maharashtra"
"Sakhubi Mohite Marg","400013","Mumbai","Mumbai","Maharashtra"
"Sakhubi Mohite Marg","400078","Mumbai","Mumbai","Maharashtra"
"Saki Vihar","400072","Mumbai","Mumbai","Maharashtra"
"Saki Vihar Road","400087","Mumbai","Mumbai","Maharashtra"
"Sakinaka","400072","Mumbai","Mumbai","Maharashtra"
"Sakinaka Road","400072","Mumbai","Mumbai","Maharashtra"
"Sakli","443108","Buldhana","Buldhana","Maharashtra"
"Sakli","425302","Jalgaon","Jalgaon","Maharashtra"
"Sakoze","423114","Nashik","Nashik","Maharashtra"
"Sakri","424304","Dhule","Dhule","Maharashtra"
"Saksena Wadi Juhu","400547","Mumbai","Mumbai","Maharashtra"
"Sakur","422619","Ahmednagar","Ahmednagar","Maharashtra"
"Salagare","416418","Sangli","Sangli","Maharashtra"
"Salekasa","441916","Bhandara","Bhandara","Maharashtra"
"Salgaon","416522","Sindhudurg","Oras","Maharashtra"
"Salgar","413231","Sholapur","Sholapur","Maharashtra"
"Salsette Road","400058","Mumbai","Mumbai","Maharashtra"
"Salsingi","425320","Jalgaon","Jalgaon","Maharashtra"
"Salve","425121","Jalgaon","Jalgaon","Maharashtra"
"Salvi Wadi","400081","Mumbai","Mumbai","Maharashtra"
"Samant Chowk","400050","Mumbai","Mumbai","Maharashtra"
"Samant Wadi","400057","Mumbai","Mumbai","Maharashtra"
"Samant Wadi","400063","Mumbai","Mumbai","Maharashtra"
"Samantbhai Nanji Marg","400009","Mumbai","Mumbai","Maharashtra"
"Samarth Hanuman Path","400033","Mumbai","Mumbai","Maharashtra"
"Samarth Nagar","400060","Mumbai","Mumbai","Maharashtra"
"Samarth Ramdas Road","400080","Mumbai","Mumbai","Maharashtra"
"Samathangar","415570","Aurangabad","Aurangabad","Maharashtra"
"Sambaji Nagar","400013","Mumbai","Mumbai","Maharashtra"
"Sambaji Nagar V P East","400099","Mumbai","Mumbai","Maharashtra"
"Samrat Ashok Bridge","400022","Mumbai","Mumbai","Maharashtra"
"Samrat Ashok Marg","400017","Mumbai","Mumbai","Maharashtra"
"Samrat Ashok Nagar","400009","Mumbai","Mumbai","Maharashtra"
"Samrat Ashok Nagar","400088","Mumbai","Mumbai","Maharashtra"
"Samrat Ashok Nagar","400099","Mumbai","Mumbai","Maharashtra"
"Samudrapur","442305","Wardha","Wardha","Maharashtra"
"Samuel Street","400003","Mumbai","Mumbai","Maharashtra"
"Samuel Street","400009","Mumbai","Mumbai","Maharashtra"
"Samuel Street","400039","Mumbai","Mumbai","Maharashtra"
"Samuntanand Anant H G C","400004","Mumbai","Mumbai","Maharashtra"
"Sanas Wadi","400033","Mumbai","Mumbai","Maharashtra"
"Sancha Galli M J Market","400002","Mumbai","Mumbai","Maharashtra"
"Sand Bunder","400010","Mumbai","Mumbai","Maharashtra"
"Sandhurst Road Rly Statio","400009","Mumbai","Mumbai","Maharashtra"
"Sandozbaug","400607","Thane","Thane","Maharashtra"
"Sandu Wadi","400071","Mumbai","Mumbai","Maharashtra"
"Sane Guruji Marg","400011","Mumbai","Mumbai","Maharashtra"
"Sane Guruji Marg","400012","Mumbai","Mumbai","Maharashtra"
"Sane Guruji Marg","400034","Mumbai","Mumbai","Maharashtra"
"Sane Guruji Nagar","400062","Mumbai","Mumbai","Maharashtra"
"Sane Wadi","400081","Mumbai","Mumbai","Maharashtra"
"Saneguruji Vasahat","400607","Thane","Thane","Maharashtra"
"Sangadi","441808","Bhandara","Bhandara","Maharashtra"
"Sangam Nagar Zopadpatti","400037","Mumbai","Mumbai","Maharashtra"
"Sangameshwar","415611","Ratnagiri","Ratnagiri","Maharashtra"
"Sangamner","422605","Ahmednagar","Sangamner","Maharashtra"
"Sangamner Sakar Karkhana","422608","Ahmednagar","Ahmednagar","Maharashtra"
"Sangaon","416217","Kolhapur","Kolhapur","Maharashtra"
"Sangeeta Apartments","400049","Mumbai","Mumbai","Maharashtra"
"Sangli Factory Area","416416","Sangli","Sangli","Maharashtra"
"Sangli Gajanan Mills","416416","Sangli","Sangli","Maharashtra"
"Sangli Ganpati Peth","416416","Sangli","Sangli","Maharashtra"
"Sangli H O","416416","Sangli","Sangli","Maharashtra"
"Sangli Market Yard","416416","Sangli","Sangli","Maharashtra"
"Sangli Old","416416","Sangli","Sangli","Maharashtra"
"Sangli Radha Krishna Extn","416416","Sangli","Sangli","Maharashtra"
"Sangli Sakhar Karkhana","416416","Sangli","Sangli","Maharashtra"
"Sangli Vakharbag","416416","Sangli","Sangli","Maharashtra"
"Sangole","413307","Sholapur","Sangole","Maharashtra"
"Sangrampur","444202","Buldhana","Buldhana","Maharashtra"
"Sangve","416609","Sindhudurg","Oras","Maharashtra"
"Sangvi","425326","Jalgaon","Jalgaon","Maharashtra"
"Sangvi","413125","Sholapur","Sholapur","Maharashtra"
"Sangvi Kr","444120","Dhule","Dhule","Maharashtra"
"Sanira Marg Cleaveland R","400025","Mumbai","Mumbai","Maharashtra"
"Sanitorium Road Lane","400086","Mumbai","Mumbai","Maharashtra"
"Sanitory Hill Road","400012","Mumbai","Mumbai","Maharashtra"
"Sanjay Gandhi Nagar","400099","Mumbai","Mumbai","Maharashtra"
"Sanjay Hutments","400037","Mumbai","Mumbai","Maharashtra"
"Sankh","416412","Sangli","Sangli","Maharashtra"
"Sankli Street Cross Lane","400008","Mumbai","Mumbai","Maharashtra"
"Sankli Tank Street","400008","Mumbai","Mumbai","Maharashtra"
"Sanraswat Co Op Hsg Socty","400016","Mumbai","Mumbai","Maharashtra"
"Sanraswat Co Op Hsg Socty","400054","Mumbai","Mumbai","Maharashtra"
"Sant Dnyaneshwar Road","400081","Mumbai","Mumbai","Maharashtra"
"Sant Gadge Maharaj Chowk","400011","Mumbai","Mumbai","Maharashtra"
"Sant Ganganath Maharaj Ch","400011","Mumbai","Mumbai","Maharashtra"
"Sant Santaji Maharaj J C","400012","Mumbai","Mumbai","Maharashtra"
"Sant Santaji Maharaj J C","400125","Mumbai","Mumbai","Maharashtra"
"Sant Savatha Path","400027","Mumbai","Mumbai","Maharashtra"
"Sant Savatha Path Cross L","400027","Mumbai","Mumbai","Maharashtra"
"Sant Savta Marg Low Level","400010","Mumbai","Mumbai","Maharashtra"
"Sant Savta Marg Victoriar","400027","Mumbai","Mumbai","Maharashtra"
"Sant Sena Maharaj Marg","400004","Mumbai","Mumbai","Maharashtra"
"Sant Sena Marg Kumbharw S","400004","Mumbai","Mumbai","Maharashtra"
"Sant Shiieshtha Cora K C","400015","Mumbai","Mumbai","Maharashtra"
"Sant Tukaram Road","400081","Mumbai","Mumbai","Maharashtra"
"Sant Tukaram Road Argyl R","400009","Mumbai","Mumbai","Maharashtra"
"Sant Val,Miki Mandir Marg","400017","Mumbai","Mumbai","Maharashtra"
"Santacruz East","400055","Mumbai","Mumbai","Maharashtra"
"Santacruz Rly Statiom Col","400055","Mumbai","Mumbai","Maharashtra"
"Santacruz Road No 1 To 12","400055","Mumbai","Mumbai","Maharashtra"
"Santacruz Vakola","400055","Mumbai","Mumbai","Maharashtra"
"Santacruz West","400054","Mumbai","Mumbai","Maharashtra"
"Santoshi Matanagar","400099","Mumbai","Mumbai","Maharashtra"
"Santtok Lane","400002","Mumbai","Mumbai","Maharashtra"
"Sanzgiri Wadi","400028","Mumbai","Mumbai","Maharashtra"
"Saoli","441225","Chandrapur","Chandrapur","Maharashtra"
"Saradar Balvant Singh D M","400010","Mumbai","Mumbai","Maharashtra"
"Saraf Bazar","400002","Mumbai","Mumbai","Maharashtra"
"Sarambal","416542","Sindhudurg","Oras","Maharashtra"
"Sarang","400021","Mumbai","Mumbai","Maharashtra"
"Sarang Street Khokha Baza","400003","Mumbai","Mumbai","Maharashtra"
"Sarankheda","425410","Dhule","Dhule","Maharashtra"
"Saraswat Colony","400060","Mumbai","Mumbai","Maharashtra"
"Saraswat Colony Matunga","400019","Mumbai","Mumbai","Maharashtra"
"Saraswat Colony Santacruz","400054","Mumbai","Mumbai","Maharashtra"
"Saraswat Hitwardhak Wadi","400016","Mumbai","Mumbai","Maharashtra"
"Saraswati Bag Raod","400060","Mumbai","Mumbai","Maharashtra"
"Saraswati Road","400054","Mumbai","Mumbai","Maharashtra"
"Sarawali","421311","Thane","Thane","Maharashtra"
"Sarawati Colony","415510","Satara","Satara","Maharashtra"
"Sardar Nagar Sion Koli Wa","400037","Mumbai","Mumbai","Maharashtra"
"Sardar Pratap Singh Marg","400078","Mumbai","Mumbai","Maharashtra"
"Sardar Vallabhbhai Patel","400003","Mumbai","Mumbai","Maharashtra"
"Sardar Vallabhbhai Patel","400004","Mumbai","Mumbai","Maharashtra"
"Sardar Vallabhbhai Patel","400007","Mumbai","Mumbai","Maharashtra"
"Sardar Vallabhbhai Patel","400009","Mumbai","Mumbai","Maharashtra"
"Sardar Vallabhbhai Patel","400018","Mumbai","Mumbai","Maharashtra"
"Sardar Vallabhbhai Patel","400067","Mumbai","Mumbai","Maharashtra"
"Sardar Vallabhbhai Patel","400080","Mumbai","Mumbai","Maharashtra"
"Sardar Vallabhbhai Patel","400092","Mumbai","Mumbai","Maharashtra"
"Sarjepura","414001","Ahmednagar","Ahmednagar","Maharashtra"
"Sarkar Bawdi","400050","Mumbai","Mumbai","Maharashtra"
"Sarkar Tabela Kranti Naga","400004","Mumbai","Mumbai","Maharashtra"
"Sarmalkar Wadi","400016","Mumbai","Mumbai","Maharashtra"
"Sarojini Naidu Road","400067","Mumbai","Mumbai","Maharashtra"
"Sarojini Naidu Road Mulun","400080","Mumbai","Mumbai","Maharashtra"
"Sarojini Naidu Road S Cru","400054","Mumbai","Mumbai","Maharashtra"
"Sarojini Naidu Road S Cru","400067","Mumbai","Mumbai","Maharashtra"
"Sarojini Road","400056","Mumbai","Mumbai","Maharashtra"
"Sarpachi Wadi","400028","Mumbai","Mumbai","Maharashtra"
"Sarud","416214","Kolhapur","Kolhapur","Maharashtra"
"Sarveswar Mandir Marg","400070","Mumbai","Mumbai","Maharashtra"
"Sarvodaya Hospital","400086","Mumbai","Mumbai","Maharashtra"
"Sarvodaya Nagar","400004","Mumbai","Mumbai","Maharashtra"
"Sarvodaya Nagar","400078","Mumbai","Mumbai","Maharashtra"
"Sarvottom Colony","400058","Mumbai","Mumbai","Maharashtra"
"Sasoon Dock","400005","Mumbai","Mumbai","Maharashtra"
"Sasoon Estates","400006","Mumbai","Mumbai","Maharashtra"
"Sasti","442706","Chandrapur","Sasti","Maharashtra"
"Saswad","412301","Pune","Pune","Maharashtra"
"Satam Estate","400093","Mumbai","Mumbai","Maharashtra"
"Satana","423301","Nashik","Satana","Maharashtra"
"Satara Budhwar Peth","415001","Satara","Satara","Maharashtra"
"Satara City","415002","Satara","Satara","Maharashtra"
"Satara H O","415001","Satara","Satara","Maharashtra"
"Satara Malhar Peth","415001","Satara","Satara","Maharashtra"
"Satara Road","415010","Satara","Satara","Maharashtra"
"Satara Sangamnagar","415001","Satara","Satara","Maharashtra"
"Satara Yadogopal Peth","415001","Satara","Satara","Maharashtra"
"Sate Wadi","400028","Mumbai","Mumbai","Maharashtra"
"Satebhoy Karimji Barodawa","400026","Mumbai","Mumbai","Maharashtra"
"Satgaon","441921","Bhandara","Bhandara","Maharashtra"
"Satona","431502","Parbhani","Parbhani","Maharashtra"
"Satpati","401405","Thane","Thane","Maharashtra"
"Satpur Township","422008","Nashik","Nashik","Maharashtra"
"Satta Bazar","400002","Mumbai","Mumbai","Maharashtra"
"Sattar Happa Wadi","400017","Mumbai","Mumbai","Maharashtra"
"Sattar Koliwada Bhandari","400003","Mumbai","Mumbai","Maharashtra"
"Satya Maruti Road","400067","Mumbai","Mumbai","Maharashtra"
"Satya Wadi","400025","Mumbai","Mumbai","Maharashtra"
"Satyadham Vidhyapeeth M","400080","Mumbai","Mumbai","Maharashtra"
"Saudane","423208","Nashik","Nashik","Maharashtra"
"Saundur","441806","Bhandara","Bhandara","Maharashtra"
"Savara","444124","Akola","Akola","Maharashtra"
"Savda","425502","Jalgaon","Savda","Maharashtra"
"Saving Bureau","400001","Mumbai","Mumbai","Maharashtra"
"Savita Estates","400062","Mumbai","Mumbai","Maharashtra"
"Savitribai Chowk","400028","Mumbai","Mumbai","Maharashtra"
"Savkheda","425122","Jalgaon","Jalgaon","Maharashtra"
"Savlaj","416311","Sangli","Sangli","Maharashtra"
"Savlya Tandel Chowk","400010","Mumbai","Mumbai","Maharashtra"
"Savner","441107","Nagpur","Savner","Maharashtra"
"Sawana","443207","Buldhana","Buldhana","Maharashtra"
"Sawantwadi H O","416510","Sindhudurg","Oras","Maharashtra"
"Sawarda","415606","Ratnagiri","Ratnagiri","Maharashtra"
"Sawargaon","441306","Nagpur","Nagpur","Maharashtra"
"Sayal","444816","Amraoti","Amraoti","Maharashtra"
"Sayed Abdulla Brelvi Rd","400001","Mumbai","Mumbai","Maharashtra"
"Sayed Mukri Street","400009","Mumbai","Mumbai","Maharashtra"
"Saykheda","422210","Nashik","Nashik","Maharashtra"
"Scheme 57 Siwri Wadala Rd","400015","Mumbai","Mumbai","Maharashtra"
"Scheme 57 Siwri Wadala Rd","400031","Mumbai","Mumbai","Maharashtra"
"Schindya Colony","400069","Mumbai","Mumbai","Maharashtra"
"School Road","400064","Mumbai","Mumbai","Maharashtra"
"Seaface Cross Road","400007","Mumbai","Mumbai","Maharashtra"
"Sebastine Road","400050","Mumbai","Mumbai","Maharashtra"
"Second Avenue","400004","Mumbai","Mumbai","Maharashtra"
"Seepz","400096","Mumbai","Mumbai","Maharashtra"
"Segaon","442906","Chandrapur","Chandrapur","Maharashtra"
"Sehaza","441915","Chandrapur","Chandrapur","Maharashtra"
"Selu","442204","Wardha","Wardha","Maharashtra"
"Seminary Hills","440006","Nagpur","Nagpur","Maharashtra"
"Sen Nagar Rly Colony","400055","Mumbai","Mumbai","Maharashtra"
"Senapati Bapat Marg","400013","Mumbai","Mumbai","Maharashtra"
"Senapati Bapat Marg","400016","Mumbai","Mumbai","Maharashtra"
"Senapati Bapat Marg","400028","Mumbai","Mumbai","Maharashtra"
"Senapati Bapat Marg","400055","Mumbai","Mumbai","Maharashtra"
"Senipuri Market","400054","Mumbai","Mumbai","Maharashtra"
"Setalwad Road","400036","Mumbai","Mumbai","Maharashtra"
"Seth Bhawandas Narott. Rd","400019","Mumbai","Mumbai","Maharashtra"
"Seth Motisha Lane","400027","Mumbai","Mumbai","Maharashtra"
"Seth Wadi","400017","Mumbai","Mumbai","Maharashtra"
"Sethna Hall Compound","400010","Mumbai","Mumbai","Maharashtra"
"Sevagram","442102","Wardha","Wardha","Maharashtra"
"Sevaram Lalwani Road","400080","Mumbai","Mumbai","Maharashtra"
"Sevasadan Road","400055","Mumbai","Mumbai","Maharashtra"
"Sewari Wadala Scheme Rd","400031","Mumbai","Mumbai","Maharashtra"
"Sewri","400015","Mumbai","Mumbai","Maharashtra"
"Sewri Naka","400015","Mumbai","Mumbai","Maharashtra"
"Sewri Road","400033","Mumbai","Mumbai","Maharashtra"
"Shah Industrial Estate","400058","Mumbai","Mumbai","Maharashtra"
"Shahad","421103","Thane","Thane","Maharashtra"
"Shahade","425409","Dhule","Shahade","Maharashtra"
"Shahaji Raje Marg","400054","Mumbai","Mumbai","Maharashtra"
"Shahani Trust Colony","400081","Mumbai","Mumbai","Maharashtra"
"Shahapur","424210","Jalgaon","Jalgaon","Maharashtra"
"Shahapur","431723","Nanded","Nanded","Maharashtra"
"Shahapur","421601","Thane","Thane","Maharashtra"
"Shahde","425409","Nandurbar","Nandurbar","Maharashtra"
"Shahgani","415510","Satara","Satara","Maharashtra"
"Shahid Bhagat Singh Road","400005","Mumbai","Mumbai","Maharashtra"
"Shahid Bhagat Singh Road","400038","Mumbai","Mumbai","Maharashtra"
"Shahpur","441920","Bhandara","Bhandara","Maharashtra"
"Shahuwadi","416215","Kolhapur","Kolhapur","Maharashtra"
"Shak Galli","400001","Mumbai","Mumbai","Maharashtra"
"Shak Galli","400009","Mumbai","Mumbai","Maharashtra"
"Shakala","400021","Mumbai","Mumbai","Maharashtra"
"Shakti Hall","400007","Mumbai","Mumbai","Maharashtra"
"Shakti Mils","400011","Mumbai","Mumbai","Maharashtra"
"Shakti Mils Lane","400011","Mumbai","Mumbai","Maharashtra"
"Shakti Nagar","400011","Mumbai","Mumbai","Maharashtra"
"Shalt Industrial Estate","400058","Mumbai","Mumbai","Maharashtra"
"Sham Wadi","400028","Mumbai","Mumbai","Maharashtra"
"Shambang","400013","Mumbai","Mumbai","Maharashtra"
"Shami Galli","400002","Mumbai","Mumbai","Maharashtra"
"Shamji Moraiji Wadi","400010","Mumbai","Mumbai","Maharashtra"
"Shamrao V Marg Old Kiln L","400007","Mumbai","Mumbai","Maharashtra"
"Shamshet Street","400002","Mumbai","Mumbai","Maharashtra"
"Shani Nagar","400060","Mumbai","Mumbai","Maharashtra"
"Shankar Abaji Palav Marg","400014","Mumbai","Mumbai","Maharashtra"
"Shankar Bari Lane","400002","Mumbai","Mumbai","Maharashtra"
"Shankar Chanckar Marg","400028","Mumbai","Mumbai","Maharashtra"
"Shankar Lune/Galli","400067","Mumbai","Mumbai","Maharashtra"
"Shankar Nagar","440010","Nagpur","Nagpur","Maharashtra"
"Shankar Puppala Road","400008","Mumbai","Mumbai","Maharashtra"
"Shankar Rao Naran Path","400036","Mumbai","Mumbai","Maharashtra"
"Shankar Seth Road","400007","Mumbai","Mumbai","Maharashtra"
"Shankar Wadi","400060","Mumbai","Mumbai","Maharashtra"
"Shanta Wadi","400058","Mumbai","Mumbai","Maharashtra"
"Shantabai Estate","400062","Mumbai","Mumbai","Maharashtra"
"Shantaram Bhat Chawls","400051","Mumbai","Mumbai","Maharashtra"
"Shantaram Narayan Lane","400006","Mumbai","Mumbai","Maharashtra"
"Shantaram Tekdi","400064","Mumbai","Mumbai","Maharashtra"
"Shantikunji Wadi","400028","Mumbai","Mumbai","Maharashtra"
"Shantilal Compound","400051","Mumbai","Mumbai","Maharashtra"
"Shantilal Estate","400062","Mumbai","Mumbai","Maharashtra"
"Shantinagar","400011","Mumbai","Mumbai","Maharashtra"
"Shantinagar","400055","Mumbai","Chamorshi","Maharashtra"
"Shantinagar","400071","Mumbai","Chamorshi","Maharashtra"
"Shantinagar","400093","Mumbai","Mumbai","Maharashtra"
"Shantinagar","400099","Mumbai","Mumbai","Maharashtra"
"Shantiniketan","400029","Mumbai","Mumbai","Maharashtra"
"Shapur Bagh","400004","Mumbai","Mumbai","Maharashtra"
"Shapur Bagh","400071","Mumbai","Mumbai","Maharashtra"
"Shapurji Bharuchla Baug","400058","Mumbai","Mumbai","Maharashtra"
"Shapurji Bharuchla Girgao","400004","Mumbai","Mumbai","Maharashtra"
"Shapurji Palonji Compound","400012","Mumbai","Mumbai","Maharashtra"
"Shapurji Palonji Compound","400025","Mumbai","Mumbai","Maharashtra"
"Sharadchandra Chatarji Ma","400054","Mumbai","Mumbai","Maharashtra"
"Sharamadham Road","400064","Mumbai","Mumbai","Maharashtra"
"Sharan Singh Colony","400093","Mumbai","Mumbai","Maharashtra"
"Sharatchandra Chatterjee","400054","Mumbai","Mumbai","Maharashtra"
"Sharda Estate","400092","Mumbai","Mumbai","Maharashtra"
"Sharddhanand Cross Road","400019","Mumbai","Mumbai","Maharashtra"
"Sharddhanand Road","400019","Mumbai","Mumbai","Maharashtra"
"Sharddhanand Road","400057","Mumbai","Mumbai","Maharashtra"
"Sharddhanand Road","400086","Mumbai","Mumbai","Maharashtra"
"Sharddhanand Road &Extens","400059","Mumbai","Mumbai","Maharashtra"
"Share Bazar Old/New","400001","Mumbai","Mumbai","Maharashtra"
"Sharma Wadi","400028","Mumbai","Mumbai","Maharashtra"
"Shastri Nagar","400011","Mumbai","Mumbai","Maharashtra"
"Shastri Nagar","400029","Mumbai","Mumbai","Maharashtra"
"Shastri Nagar","400054","Mumbai","Mumbai","Maharashtra"
"Shastri Nagar Santacruz E","400055","Mumbai","Mumbai","Maharashtra"
"Shastrinagar","442401","Chandrapur","Chandrapur","Maharashtra"
"Shayada Marg Dongri St","400009","Mumbai","Mumbai","Maharashtra"
"Shcikh Bhuram Kamurdin St","400008","Mumbai","Mumbai","Maharashtra"
"Shegaon","444203","Buldhana","Buldhana","Maharashtra"
"Sheikh Menon Street","400002","Mumbai","Mumbai","Maharashtra"
"Sheikh Mistri Daragh","400002","Mumbai","Mumbai","Maharashtra"
"Sheikh Mistri Road","400037","Mumbai","Mumbai","Maharashtra"
"Shekhade Galli","400002","Mumbai","Mumbai","Maharashtra"
"Shelapur Street","400009","Mumbai","Mumbai","Maharashtra"
"Shelgaon","413554","Osmanabad","Osmanabad","Maharashtra"
"Shelgaon","413124","Pune","Pune","Maharashtra"
"Shell Colony","400071","Mumbai","Mumbai","Maharashtra"
"Shell Colony Road","400071","Mumbai","Mumbai","Maharashtra"
"Shelu Bazar","444402","Akola","Akola","Maharashtra"
"Shendurdi","425204","Jalgaon","Jalgaon","Maharashtra"
"Shendurjanaghat","444907","Amraoti","Amraoti","Maharashtra"
"Shenvi Wadi","400004","Mumbai","Mumbai","Maharashtra"
"Shepherd Road","400008","Mumbai","Mumbai","Maharashtra"
"Sheraton","400021","Mumbai","Mumbai","Maharashtra"
"Sheri Bawdi","400036","Mumbai","Mumbai","Maharashtra"
"Sherial Baug Babala Rank","400009","Mumbai","Mumbai","Maharashtra"
"Sheriff Devji St Chaka St","400003","Mumbai","Mumbai","Maharashtra"
"Sherly","400050","Mumbai","Mumbai","Maharashtra"
"Sherly Road","400050","Mumbai","Mumbai","Maharashtra"
"Sherly Village Road","400050","Mumbai","Mumbai","Maharashtra"
"Sheth Moti Pachan R S Mar","400002","Mumbai","Mumbai","Maharashtra"
"Shetphul","413324","Sholapur","Sholapur","Maharashtra"
"Shevgaon","414502","Ahmednagar","Ahmednagar","Maharashtra"
"Shillphate","410203","Raigarh","Alibag","Maharashtra"
"Shillphate Shivaji Peth","410203","Raigarh","Alibag","Maharashtra"
"Shimpoli Corpn Of India","400021","Mumbai","Mumbai","Maharashtra"
"Shimpoli Road","400092","Mumbai","Mumbai","Maharashtra"
"Shimpoli Village","400092","Mumbai","Mumbai","Maharashtra"
"Shingnapur","423603","Ahmednagar","Ahmednagar","Maharashtra"
"Shiposhi","415802","Ratnagiri","Ratnagiri","Maharashtra"
"Shirad Sholapur","431737","Sholapur","Sholapur","Maharashtra"
"Shiradhon","413528","Osmanabad","Osmanabad","Maharashtra"
"Shiral","415628","Ratnagiri","Ratnagiri","Maharashtra"
"Shirala","444821","Amraoti","Amraoti","Maharashtra"
"Shirala","413536","Osmanabad","Osmanabad","Maharashtra"
"Shirala","415408","Sangli","Sangli","Maharashtra"
"Shirasgaon Kasaba","444810","Amraoti","Amraoti","Maharashtra"
"Shirdi","423109","Ahmednagar","Shirdi","Maharashtra"
"Shirdon","416419","Sangli","Sangli","Maharashtra"
"Shirgaon","415602","Ratnagiri","Ratnagiri","Maharashtra"
"Shirgaon","415629","Ratnagiri","Ratnagiri","Maharashtra"
"Shirgaon","401407","Thane","Thane","Maharashtra"
"Shirgaon Devgad","416610","Sindhudurg","Oras","Maharashtra"
"Shirjoli","425126","Jalgaon","Jalgaon","Maharashtra"
"Shiroda","416518","Sindhudurg","Oras","Maharashtra"
"Shirodkar Gaikawad Wadi","400080","Mumbai","Mumbai","Maharashtra"
"Shirodkar High School","400012","Mumbai","Mumbai","Maharashtra"
"Shirodkar Wadi","400063","Mumbai","Mumbai","Maharashtra"
"Shirol","416103","Kolhapur","Kolhapur","Maharashtra"
"Shirpur","443110","Buldhana","Buldhana","Maharashtra"
"Shirpur","425405","Dhule","Dhule","Maharashtra"
"Shirud","424308","Dhule","Dhule","Maharashtra"
"Shirur","413249","Beed","Shirur","Maharashtra"
"Shirval","412801","Satara","Satara","Maharashtra"
"Shiv Tekdi","400060","Mumbai","Mumbai","Maharashtra"
"Shiv Vallabh Road","400068","Mumbai","Mumbai","Maharashtra"
"Shivaji Chowk","400082","Mumbai","Mumbai","Maharashtra"
"Shivaji Colony","400099","Mumbai","Mumbai","Maharashtra"
"Shivaji Nagar","400013","Mumbai","Mumbai","Maharashtra"
"Shivaji Nagar","400043","Mumbai","Mumbai","Maharashtra"
"Shivaji Nagar","400055","Mumbai","Mumbai","Maharashtra"
"Shivaji Nagar","400058","Mumbai","Mumbai","Maharashtra"
"Shivaji Nagar","400060","Mumbai","Mumbai","Maharashtra"
"Shivaji Nagar","400062","Mumbai","Mumbai","Maharashtra"
"Shivaji Nagar","400064","Mumbai","Mumbai","Maharashtra"
"Shivaji Nagar","400078","Mumbai","Mumbai","Maharashtra"
"Shivaji Nagar Pach Pakhad","400080","Mumbai","Mumbai","Maharashtra"
"Shivaji Nagar Worli","400025","Mumbai","Mumbai","Maharashtra"
"Shivaji Nagar Zopadpatti","400013","Mumbai","Mumbai","Maharashtra"
"Shivaji Nagar Zopadpatti","400022","Mumbai","Mumbai","Maharashtra"
"Shivaji Park","400016","Mumbai","Mumbai","Maharashtra"
"Shivaji Park","400028","Mumbai","Mumbai","Maharashtra"
"Shivaji Park 138-171-188","400016","Mumbai","Mumbai","Maharashtra"
"Shivaji Park Cross Rd No3","400016","Mumbai","Mumbai","Maharashtra"
"Shivaji Park Road No 122","400028","Mumbai","Mumbai","Maharashtra"
"Shivaji Park Road No 5","400016","Mumbai","Mumbai","Maharashtra"
"Shivaji Park Telephone Ex","400028","Mumbai","Mumbai","Maharashtra"
"Shivaji Road","400067","Mumbai","Mumbai","Maharashtra"
"Shivaji Road","400068","Mumbai","Mumbai","Maharashtra"
"Shivaji University","416004","Kolhapur","Kolhapur","Maharashtra"
"Shivajinagar","442503","Chandrapur","Shivajinagar","Maharashtra"
"Shivajinagar","400091","Mumbai","Mumbai","Maharashtra"
"Shivajinagar","431602","Nanded","Nanded","Maharashtra"
"Shivajinagar Eng College","411005","Pune","Pune","Maharashtra"
"Shivajinagar H O","411005","Pune","Pune","Maharashtra"
"Shivajinagar Hamraoti)","444603","Amraoti","Amraoti","Maharashtra"
"Shivajinagar Weather Atic","411005","Pune","Pune","Maharashtra"
"Shivani","431815","Nanded","Nanded","Maharashtra"
"Shivashahi","413224","Sholapur","Sholapur","Maharashtra"
"Shivdas Champsey Marg M R","400010","Mumbai","Mumbai","Maharashtra"
"Shiver","431116","Aurangabad","Aurangabad","Maharashtra"
"Shivna","431132","Jalgaon","Jalgaon","Maharashtra"
"Shivnagar","415108","Satara","Satara","Maharashtra"
"Shivnapar","413116","Pune","Pune","Maharashtra"
"Shivram Amritwar Marg Old","400018","Mumbai","Mumbai","Maharashtra"
"Shivram Sheth Amritwar Ma","400013","Mumbai","Mumbai","Maharashtra"
"Shivshankar Zopadpatti","400037","Mumbai","Mumbai","Maharashtra"
"Sholapur Ashok Chowk","413001","Sholapur","Sholapur","Maharashtra"
"Sholapur Bharni Peth","413001","Sholapur","Sholapur","Maharashtra"
"Sholapur City","413001","Sholapur","Sholapur","Maharashtra"
"Sholapur City","413007","Sholapur","Sholapur","Maharashtra"
"Sholapur Dayanand College","413001","Sholapur","Sholapur","Maharashtra"
"Sholapur Jodbhavi Peth","413001","Sholapur","Sholapur","Maharashtra"
"Sholapur Mangalwar Peth","413001","Sholapur","Sholapur","Maharashtra"
"Sholapur Medical College","413001","Sholapur","Sholapur","Maharashtra"
"Sholapur Navi Peth","413001","Sholapur","Sholapur","Maharashtra"
"Sholapur Sahakar Peth","413001","Sholapur","Sholapur","Maharashtra"
"Sholapur Shaniwar Peth","413001","Sholapur","Sholapur","Maharashtra"
"Sholapur Shukrawar Peth","413001","Sholapur","Sholapur","Maharashtra"
"Sholapur Sidheshwar Peth","413001","Sholapur","Sholapur","Maharashtra"
"Shoorji Vallabhdas Marg","400038","Mumbai","Mumbai","Maharashtra"
"Shopping Centre Sai Bazar","400054","Mumbai","Mumbai","Maharashtra"
"Shree Co Op H S C Soc","400057","Mumbai","Mumbai","Maharashtra"
"Shree Industrial Estate","400054","Mumbai","Mumbai","Maharashtra"
"Shree Kadeshwari Mandir M","400050","Mumbai","Mumbai","Maharashtra"
"Shree Sai Dhan Wadi Bapty","400004","Mumbai","Mumbai","Maharashtra"
"Shreepur","413112","Sholapur","Sholapur","Maharashtra"
"Shreyas Colony","400063","Mumbai","Mumbai","Maharashtra"
"Shri Appasa Heb Sidhaye R","400066","Mumbai","Mumbai","Maharashtra"
"Shri Daji Tykaram Raut Ma","400013","Mumbai","Mumbai","Maharashtra"
"Shri Gangarambuva Indulka","400057","Mumbai","Mumbai","Maharashtra"
"Shri Girijasankar Shankal","400004","Mumbai","Mumbai","Maharashtra"
"Shri Gurunak Road Turner","400050","Mumbai","Mumbai","Maharashtra"
"Shri Krishan Saraswati Ma","400063","Mumbai","Mumbai","Maharashtra"
"Shri Krishna Chandra Marg","400050","Mumbai","Mumbai","Maharashtra"
"Shri Krishna Nagar","400066","Mumbai","Mumbai","Maharashtra"
"Shri Kunj","400021","Mumbai","Mumbai","Maharashtra"
"Shri Narayan Daji Samant","400050","Mumbai","Mumbai","Maharashtra"
"Shri Narayandas Dayabhai","400050","Mumbai","Mumbai","Maharashtra"
"Shri Nirmaladas Gurbaxani","400052","Mumbai","Mumbai","Maharashtra"
"Shri Paresh Parkar Marg","400079","Mumbai","Mumbai","Maharashtra"
"Shri Parmar Gurji Orad Ch","400012","Mumbai","Mumbai","Maharashtra"
"Shri Rambhau Salgaonkar M","400005","Mumbai","Mumbai","Maharashtra"
"Shri Sadguru Kadam Baba L","400004","Mumbai","Mumbai","Maharashtra"
"Shri Sai Dhamwadi Duarts","400004","Mumbai","Mumbai","Maharashtra"
"Shri Shrirang Marg","400062","Mumbai","Mumbai","Maharashtra"
"Shri V L Padnekar Marg","400004","Mumbai","Mumbai","Maharashtra"
"Shrigonda","413701","Ahmednagar","Ahmednagar","Maharashtra"
"Shrigonda S K","413726","Ahmednagar","Ahmednagar","Maharashtra"
"Shrimat Raichandra Marg","400077","Mumbai","Mumbai","Maharashtra"
"Shrinagar Tali","415724","Ratnagiri","Ratnagiri","Maharashtra"
"Shrirampur H O","413709","Ahmednagar","Ahmednagar","Maharashtra"
"Shrisadashiv Ganesh Joshi","400050","Mumbai","Mumbai","Maharashtra"
"Shrivardham Chowk","400002","Mumbai","Mumbai","Maharashtra"
"Shrivardhan","402110","Raigarh","Shrivardhan","Maharashtra"
"Shroff Market","400025","Mumbai","Mumbai","Maharashtra"
"Shroff Street","400005","Mumbai","Mumbai","Maharashtra"
"Shroff Wadi","400010","Mumbai","Mumbai","Maharashtra"
"Shroff Wadi","400025","Mumbai","Mumbai","Maharashtra"
"Shukravarpeth","416002","Kolhapur","Kolhapur","Maharashtra"
"Shyam Yeswany Chowk","400033","Mumbai","Mumbai","Maharashtra"
"Shyamnarayan Dubet Road","400016","Mumbai","Mumbai","Maharashtra"
"Shyamsunder Wadi","400068","Mumbai","Mumbai","Maharashtra"
"Sicca Nagar","400004","Mumbai","Mumbai","Maharashtra"
"Sidapura Ind Estate","400062","Mumbai","Mumbai","Maharashtra"
"Sidapura Ind Estate","400086","Mumbai","Mumbai","Maharashtra"
"Siddi Mehalla Tandal St","400009","Mumbai","Mumbai","Maharashtra"
"Sidharth Colony Chembur","400071","Mumbai","Mumbai","Maharashtra"
"Sidharth Colony Pandra E","400051","Mumbai","Mumbai","Maharashtra"
"Sidharth Nagar","400051","Mumbai","Mumbai","Maharashtra"
"Sidharth Nagar","400055","Mumbai","Mumbai","Maharashtra"
"Sidharth Nagar","400062","Mumbai","Mumbai","Maharashtra"
"Sidharth Nagar Roads 1-17","400062","Mumbai","Mumbai","Maharashtra"
"Sidharth Nagar Zopadpatti","400018","Mumbai","Mumbai","Maharashtra"
"Sidhnerli","416232","Kolhapur","Kolhapur","Maharashtra"
"Sien","400022","Mumbai","Mumbai","Maharashtra"
"Sien R S","400022","Mumbai","Mumbai","Maharashtra"
"Sien Transit Camp","400022","Mumbai","Mumbai","Maharashtra"
"Sillewarg","441109","Nagpur","Nagpur","Maharashtra"
"Sillod","431112","Jalgaon","Sillod","Maharashtra"
"Sillod Sakhar Karkhana","431135","Jalgaon","Jalgaon","Maharashtra"
"Silver Oak Estate","400026","Mumbai","Mumbai","Maharashtra"
"Simichi Wadi","400028","Mumbai","Mumbai","Maharashtra"
"Sind Khep","431814","Nanded","Nanded","Maharashtra"
"Sind Merchantile Syndicat","400004","Mumbai","Mumbai","Maharashtra"
"Sind Seva Samiti Nagar","400022","Mumbai","Mumbai","Maharashtra"
"Sinde Wahi","441222","Chandrapur","Chandrapur","Maharashtra"
"Sindhi Baug/Wadi","400077","Mumbai","Mumbai","Maharashtra"
"Sindhi Colony","400022","Mumbai","Mumbai","Maharashtra"
"Sindhi Colony Mala","400064","Mumbai","Mumbai","Maharashtra"
"Sindhi Colony Prabhadevi","400025","Mumbai","Mumbai","Maharashtra"
"Sindhi Galli Lane","400004","Mumbai","Mumbai","Maharashtra"
"Sindhi Housing Colony","400060","Mumbai","Mumbai","Maharashtra"
"Sindhi Housing Society","400052","Mumbai","Mumbai","Maharashtra"
"Sindhi Industrial Estate","400062","Mumbai","Mumbai","Maharashtra"
"Sindhi Nagar","400025","Mumbai","Mumbai","Maharashtra"
"Sindhi Society","400060","Mumbai","Mumbai","Maharashtra"
"Sindhi Society","400071","Mumbai","Mumbai","Maharashtra"
"Sindhwa Marg","400001","Mumbai","Mumbai","Maharashtra"
"Sindi","442105","Wardha","Sindi","Maharashtra"
"Sindkhed Raja","443203","Bhandara","Sindkhed Raja","Maharashtra"
"Sindola Mines","445307","Yeotamal","Yeotamal","Maharashtra"
"Singal Hill Avenue","400033","Mumbai","Mumbai","Maharashtra"
"Singal Hill Avenue Road","400010","Mumbai","Mumbai","Maharashtra"
"Sinkheda","425406","Dhule","Dhule","Maharashtra"
"Sinnar","422103","Nashik","Sinnar","Maharashtra"
"Sion Bridge","400022","Mumbai","Mumbai","Maharashtra"
"Sion Causeway","400022","Mumbai","Mumbai","Maharashtra"
"Sion Circle","400022","Mumbai","Mumbai","Maharashtra"
"Sion Fort","400022","Mumbai","Mumbai","Maharashtra"
"Sion Housing Society","400022","Mumbai","Mumbai","Maharashtra"
"Sion Matunga Estate","400022","Mumbai","Mumbai","Maharashtra"
"Sion Railway Quarters","400022","Mumbai","Mumbai","Maharashtra"
"Sion Rd Uptoto King Circl","400022","Mumbai","Mumbai","Maharashtra"
"Sion Station Road","400022","Mumbai","Mumbai","Maharashtra"
"Sir Bhalchandra Cross Rd","400014","Mumbai","Mumbai","Maharashtra"
"Sir Bhalchandra Rd Plot","400019","Mumbai","Mumbai","Maharashtra"
"Sir Bhalchandra Road No 6","400014","Mumbai","Mumbai","Maharashtra"
"Sir Dineshaw Mulla Road","400020","Mumbai","Mumbai","Maharashtra"
"Sir Ibrahim Rahimtulla Rd","400003","Mumbai","Mumbai","Maharashtra"
"Sir Jamshedji Road","400008","Mumbai","Mumbai","Maharashtra"
"Sir Phirozeshah Mehta Rd","400001","Mumbai","Mumbai","Maharashtra"
"Sir Purushootadas Thakurd","400033","Mumbai","Mumbai","Maharashtra"
"Sir Vithaldas Galli","400002","Mumbai","Mumbai","Maharashtra"
"Sir Vithaldas Thackarsey","400020","Mumbai","Mumbai","Maharashtra"
"Siri Road","400006","Mumbai","Mumbai","Maharashtra"
"Sironcha","442504","Chandrapur","Chandrapur","Maharashtra"
"Sita Nagar","400060","Mumbai","Mumbai","Maharashtra"
"Sitabai Patil Road","400067","Mumbai","Mumbai","Maharashtra"
"Sitabai Road","400068","Mumbai","Mumbai","Maharashtra"
"Sitadevi Temple Road","400016","Mumbai","Mumbai","Maharashtra"
"Sitaphal Wadi","400010","Mumbai","Mumbai","Maharashtra"
"Sitaram Adda","400012","Mumbai","Mumbai","Maharashtra"
"Sitaram Jadhav Coss Lane","400013","Mumbai","Mumbai","Maharashtra"
"Sitaram Jadhav Marg","400013","Mumbai","Mumbai","Maharashtra"
"Sitaram Patkar Marg","400007","Mumbai","Mumbai","Maharashtra"
"Sitaram Patkar Marg 1-8-9","400036","Mumbai","Mumbai","Maharashtra"
"Sitaram Poddar Road Fanas","400002","Mumbai","Mumbai","Maharashtra"
"Siwri B D D Chawls 5To16","400015","Mumbai","Mumbai","Maharashtra"
"Siwri Bunder","400015","Mumbai","Mumbai","Maharashtra"
"Siwri Cross Road","400015","Mumbai","Mumbai","Maharashtra"
"Siwri Cross Road Part","400031","Mumbai","Mumbai","Maharashtra"
"Siwri Fort Road","400015","Mumbai","Mumbai","Maharashtra"
"Siwri Koliwad Road","400015","Mumbai","Mumbai","Maharashtra"
"Siwri Road","400033","Mumbai","Mumbai","Maharashtra"
"Siwri Station Road","400015","Mumbai","Mumbai","Maharashtra"
"Siwri Wadala Road","400031","Mumbai","Mumbai","Maharashtra"
"Sizali","410511","Pune","Pune","Maharashtra"
"Sizasgaon Band","444723","Amraoti","Amraoti","Maharashtra"
"Sizpur","444504","Akola","Akola","Maharashtra"
"Sizpur Tajband","413514","Latur","Latur","Maharashtra"
"Sizur Anantpal","413544","Latur","Latur","Maharashtra"
"Slaughter House","400050","Mumbai","Mumbai","Maharashtra"
"Sleater Cross Lane","400007","Mumbai","Mumbai","Maharashtra"
"Sluice Road Clearland Rd","400025","Mumbai","Mumbai","Maharashtra"
"Small Nusserwangi Street","400007","Mumbai","Mumbai","Maharashtra"
"Smashan Tekdi","400060","Mumbai","Mumbai","Maharashtra"
"Smt Hiraben V Desai Marg","400054","Mumbai","Mumbai","Maharashtra"
"Smt Indu Sakrikar Path","400005","Mumbai","Mumbai","Maharashtra"
"Smt Indumatis Patel Marg","400005","Mumbai","Mumbai","Maharashtra"
"Smt Maherbanu Jhabuwall","400052","Mumbai","Mumbai","Maharashtra"
"Sobani Road","400005","Mumbai","Mumbai","Maharashtra"
"Social Nagar","400017","Mumbai","Mumbai","Maharashtra"
"Society Road","400056","Mumbai","Mumbai","Maharashtra"
"Society Road","400058","Mumbai","Mumbai","Maharashtra"
"Sodwala Lane","400092","Mumbai","Mumbai","Maharashtra"
"Sofia College Road","400026","Mumbai","Mumbai","Maharashtra"
"Sofia Zubber Road","400008","Mumbai","Mumbai","Maharashtra"
"Sohrab Palau Kete Road Da","400014","Mumbai","Mumbai","Maharashtra"
"Solan Road","400005","Mumbai","Mumbai","Maharashtra"
"Solapur H O","413001","Sholapur","Sholapur","Maharashtra"
"Solapur Market","413002","Sholapur","Sholapur","Maharashtra"
"Somanigram","400062","Mumbai","Mumbai","Maharashtra"
"Somerset Lane","400026","Mumbai","Mumbai","Maharashtra"
"Someshwarnagar","412306","Pune","Pune","Maharashtra"
"Somnath Lane","400050","Mumbai","Mumbai","Maharashtra"
"Sonai","411105","Pune","Pune","Maharashtra"
"Sonala","444204","Buldhana","Buldhana","Maharashtra"
"Sonapur Cross Lane","400002","Mumbai","Mumbai","Maharashtra"
"Sonapur Galli","400002","Mumbai","Mumbai","Maharashtra"
"Sonapur Galli","400010","Mumbai","Mumbai","Maharashtra"
"Sonapur Lane","400070","Mumbai","Mumbai","Maharashtra"
"Sonapur Road","400017","Mumbai","Mumbai","Maharashtra"
"Sonapur Road","400058","Mumbai","Mumbai","Maharashtra"
"Sonapur Road","400068","Mumbai","Mumbai","Maharashtra"
"Sonapur St Cross Lane 1&2","400002","Mumbai","Mumbai","Maharashtra"
"Sonapur Street","400002","Mumbai","Mumbai","Maharashtra"
"Sonari","413505","Osmanabad","Osmanabad","Maharashtra"
"Sonawalla","400063","Mumbai","Mumbai","Maharashtra"
"Sonawalla Cross Road","400063","Mumbai","Mumbai","Maharashtra"
"Sonawalla Estate","400007","Mumbai","Mumbai","Maharashtra"
"Sonawalla Road","400063","Mumbai","Mumbai","Maharashtra"
"Sondur","441806","Nagpur","Nagpur","Maharashtra"
"Songaon","413711","Ahmednagar","Ahmednagar","Maharashtra"
"Songir","424309","Dhule","Dhule","Maharashtra"
"Soni","416420","Sangli","Sangli","Maharashtra"
"Sonkhed","431725","Nanded","Nanded","Maharashtra"
"Sonpeth","431516","Latur","Sonpeth","Maharashtra"
"Sony Baug","400099","Mumbai","Mumbai","Maharashtra"
"Soonawalla Agiary Marg","400016","Mumbai","Mumbai","Maharashtra"
"Sopara","401203","Thane","Thane","Maharashtra"
"Sophia Zulhair Road Old S","400008","Mumbai","Mumbai","Maharashtra"
"Sorab Bharucha Road","400005","Mumbai","Mumbai","Maharashtra"
"Sorbji Santok Lane","400002","Mumbai","Mumbai","Maharashtra"
"Soubhani Co Op Hsg Soc","400022","Mumbai","Mumbai","Maharashtra"
"Souter Street No 6;8&10","400011","Mumbai","Mumbai","Maharashtra"
"South Anthony Road","400056","Mumbai","Mumbai","Maharashtra"
"South Indian Gyir Khana R","400019","Mumbai","Mumbai","Maharashtra"
"South Pond Road","400056","Mumbai","Mumbai","Maharashtra"
"Spence Road","400008","Mumbai","Mumbai","Maharashtra"
"Sprort Road","400001","Mumbai","Mumbai","Maharashtra"
"Squarters Colony Road 1-7","400060","Mumbai","Mumbai","Maharashtra"
"Sri Gawasji Road","400005","Mumbai","Mumbai","Maharashtra"
"Sri Krishna Calli","400002","Mumbai","Mumbai","Maharashtra"
"Srinagar Society","400062","Mumbai","Mumbai","Maharashtra"
"Sriram Nagar","400058","Mumbai","Mumbai","Maharashtra"
"St Alosous Road","400054","Mumbai","Mumbai","Maharashtra"
"St Andrews Road","400050","Mumbai","Mumbai","Maharashtra"
"St Andrews Road","400054","Mumbai","Mumbai","Maharashtra"
"St Annes Church","400010","Mumbai","Mumbai","Maharashtra"
"St Anthony Road","400056","Mumbai","Mumbai","Maharashtra"
"St Anthony Road Bandra","400050","Mumbai","Mumbai","Maharashtra"
"St Anthony Road Kandivali","400067","Mumbai","Mumbai","Maharashtra"
"St Brana Road","400056","Mumbai","Mumbai","Maharashtra"
"St Cyril Road","400050","Mumbai","Mumbai","Maharashtra"
"St Domenic Road","400050","Mumbai","Mumbai","Maharashtra"
"St Francis Avenue","400051","Mumbai","Mumbai","Maharashtra"
"St Francis Road","400050","Mumbai","Mumbai","Maharashtra"
"St Francis Road","400056","Mumbai","Mumbai","Maharashtra"
"St Francis Xavier Street","400002","Mumbai","Mumbai","Maharashtra"
"St Georges Road","400001","Mumbai","Mumbai","Maharashtra"
"St John Baptista Road","400050","Mumbai","Mumbai","Maharashtra"
"St John Road","400050","Mumbai","Mumbai","Maharashtra"
"St John Road","400056","Mumbai","Mumbai","Maharashtra"
"St Joseph Avenue","400054","Mumbai","Mumbai","Maharashtra"
"St Leos Road","400050","Mumbai","Mumbai","Maharashtra"
"St Martin Cross Road","400050","Mumbai","Mumbai","Maharashtra"
"St Martin Road","400050","Mumbai","Mumbai","Maharashtra"
"St Mary Road","400010","Mumbai","Mumbai","Maharashtra"
"St Mary Road","400056","Mumbai","Mumbai","Maharashtra"
"St Mount Carmel Road","400050","Mumbai","Mumbai","Maharashtra"
"St Mourica Road","400050","Mumbai","Mumbai","Maharashtra"
"St Paul Church Street","400014","Mumbai","Mumbai","Maharashtra"
"St Paul Cross Road","400050","Mumbai","Mumbai","Maharashtra"
"St Paul Nagar","400092","Mumbai","Mumbai","Maharashtra"
"St Paul Road","400050","Mumbai","Mumbai","Maharashtra"
"St Peter Dias Road","400050","Mumbai","Mumbai","Maharashtra"
"St Peter Road","400050","Mumbai","Mumbai","Maharashtra"
"St Roque Road","400050","Mumbai","Mumbai","Maharashtra"
"St Sebastian Colony","400050","Mumbai","Mumbai","Maharashtra"
"St Sebastian Road","400050","Mumbai","Mumbai","Maharashtra"
"St Tyrit Road","400050","Mumbai","Mumbai","Maharashtra"
"St Xavier Road","400056","Mumbai","Mumbai","Maharashtra"
"St Xavier School Raod","400056","Mumbai","Mumbai","Maharashtra"
"St Xavier Street","400012","Mumbai","Mumbai","Maharashtra"
"Standard Gardens","400028","Mumbai","Mumbai","Maharashtra"
"Standard Mill Lane","400025","Mumbai","Mumbai","Maharashtra"
"Stanvae Nagar East","400074","Mumbai","Mumbai","Maharashtra"
"State Bank Colony","400053","Mumbai","Mumbai","Maharashtra"
"Station Avenue Road","400071","Mumbai","Mumbai","Maharashtra"
"Station Colony","400071","Mumbai","Mumbai","Maharashtra"
"Station Rd Ulhas Nagar","421003","Thane","Thane","Maharashtra"
"Station Road","400019","Mumbai","Mumbai","Maharashtra"
"Station Road","400037","Mumbai","Mumbai","Maharashtra"
"Station Road Andheri","400058","Mumbai","Mumbai","Maharashtra"
"Station Road Bandra","400050","Mumbai","Mumbai","Maharashtra"
"Station Road Bhandup","400078","Mumbai","Mumbai","Maharashtra"
"Station Road Jogeshwari","400102","Mumbai","Mumbai","Maharashtra"
"Station Road Mulund","400080","Mumbai","Mumbai","Maharashtra"
"Station Road Mulund East","400081","Mumbai","Mumbai","Maharashtra"
"Station Road Rajawadi","400077","Mumbai","Mumbai","Maharashtra"
"Station Road Santacruz","400054","Mumbai","Mumbai","Maharashtra"
"Station Road Tagore Nagar","400083","Mumbai","Mumbai","Maharashtra"
"Steny Wadi","400028","Mumbai","Mumbai","Maharashtra"
"Stevens Street","400039","Mumbai","Mumbai","Maharashtra"
"Stock Exchange","400023","Mumbai","Mumbai","Maharashtra"
"Store Lane","400001","Mumbai","Mumbai","Maharashtra"
"Stusa Premises","400021","Mumbai","Mumbai","Maharashtra"
"Subhash Bose Gally","400033","Mumbai","Mumbai","Maharashtra"
"Subhash Bose Road","400080","Mumbai","Mumbai","Maharashtra"
"Subhash Lane","400033","Mumbai","Mumbai","Maharashtra"
"Subhash Nagar","400051","Mumbai","Kankavli","Maharashtra"
"Subhash Nagar","400060","Mumbai","Kankavli","Maharashtra"
"Subhash Nagar","400071","Mumbai","Mumbai","Maharashtra"
"Subhash Nagar","400078","Mumbai","Mumbai","Maharashtra"
"Subhash Nagar Road","400057","Mumbai","Mumbai","Maharashtra"
"Subhash Nagar Road","400060","Mumbai","Mumbai","Maharashtra"
"Subhash Nagar Road","400078","Mumbai","Mumbai","Maharashtra"
"Subhash Road","400051","Mumbai","Mumbai","Maharashtra"
"Subhashbose Lane Kandivli","400067","Mumbai","Mumbai","Maharashtra"
"Subhashbose Lane Malad","400064","Mumbai","Mumbai","Maharashtra"
"Subhashnagar Jacob Circle","400011","Mumbai","Mumbai","Maharashtra"
"Sudam Kalu Ahir Marg","400018","Mumbai","Mumbai","Maharashtra"
"Sugaon","413901","Ahmednagar","Ahmednagar","Maharashtra"
"Sukalwadi","416534","Sindhudurg","Oras","Maharashtra"
"Sukarwadi","400066","Mumbai","Mumbai","Maharashtra"
"Sukena","422302","Nashik","Nashik","Maharashtra"
"Sukhanand Wadi","400004","Mumbai","Mumbai","Maharashtra"
"Sukhlaji Street","400003","Mumbai","Mumbai","Maharashtra"
"Suleman Chowki","400008","Mumbai","Mumbai","Maharashtra"
"Suleman Maniyar Wadi","400028","Mumbai","Mumbai","Maharashtra"
"Sultanpur","443307","Buldhana","Buldhana","Maharashtra"
"Suman Apptts","400067","Mumbai","Mumbai","Maharashtra"
"Sumati Nagar","400067","Mumbai","Mumbai","Maharashtra"
"Summar Band","400005","Mumbai","Mumbai","Maharashtra"
"Sunder Chowk","400002","Mumbai","Mumbai","Maharashtra"
"Sunder Lane","400011","Mumbai","Mumbai","Maharashtra"
"Sunder Nagar","400068","Mumbai","Mumbai","Maharashtra"
"Sunder Nagar","400071","Mumbai","Mumbai","Maharashtra"
"Sunder Nagar","400098","Mumbai","Mumbai","Maharashtra"
"Sunder Nagari","400005","Mumbai","Mumbai","Maharashtra"
"Sunder Wadi","400028","Mumbai","Mumbai","Maharashtra"
"Sunderbai Hall","400020","Mumbai","Mumbai","Maharashtra"
"Sunderban","400057","Mumbai","Mumbai","Maharashtra"
"Sunderdas Milk Compound","400011","Mumbai","Mumbai","Maharashtra"
"Sundersang Estate","400070","Mumbai","Mumbai","Maharashtra"
"Sunil Shopping Centre","400058","Mumbai","Mumbai","Maharashtra"
"Sunite","400021","Mumbai","Mumbai","Maharashtra"
"Supa","414301","Ahmednagar","Ahmednagar","Maharashtra"
"Supa","412204","Pune","Pune","Maharashtra"
"Supne","415114","Satara","Satara","Maharashtra"
"Supper Bazar","400054","Mumbai","Mumbai","Maharashtra"
"Supreme Ind Estate","400058","Mumbai","Mumbai","Maharashtra"
"Supreme Shopping Centre","400058","Mumbai","Mumbai","Maharashtra"
"Suraj Wadi","400004","Mumbai","Mumbai","Maharashtra"
"Surat Street","400009","Mumbai","Mumbai","Maharashtra"
"Suren Road","400069","Mumbai","Mumbai","Maharashtra"
"Suresh Samant Marg","400102","Mumbai","Mumbai","Maharashtra"
"Surgana","422211","Nashik","Surgana","Maharashtra"
"Surj Vallabhdas Marg","400038","Mumbai","Mumbai","Maharashtra"
"Surti Mohalla Cross Lane","400003","Mumbai","Mumbai","Maharashtra"
"Suruchi","400021","Mumbai","Mumbai","Maharashtra"
"Surur","415517","Satara","Satara","Maharashtra"
"Surve Wadi","400028","Mumbai","Mumbai","Maharashtra"
"Surya Kunj","400010","Mumbai","Mumbai","Maharashtra"
"Suryanagar","401609","Thane","Thane","Maharashtra"
"Suryavanshi Kshatriya Mrg","400028","Mumbai","Mumbai","Maharashtra"
"Sutar Bazar","400003","Mumbai","Mumbai","Maharashtra"
"Sutar Chawl","400002","Mumbai","Mumbai","Maharashtra"
"Sutar Gally","400010","Mumbai","Mumbai","Maharashtra"
"Sutar Pakhadi","400099","Mumbai","Mumbai","Maharashtra"
"Swadeshi Market Mg Market","400002","Mumbai","Mumbai","Maharashtra"
"Swadeshi Mills Road","400070","Mumbai","Mumbai","Maharashtra"
"Swadeshimills Estate Comp","400004","Mumbai","Mumbai","Maharashtra"
"Swami Narayan Wadi","400004","Mumbai","Mumbai","Maharashtra"
"Swami Nityananda Road","400057","Mumbai","Mumbai","Maharashtra"
"Swami Nityananda Road","400069","Mumbai","Mumbai","Maharashtra"
"Swami Samarth Nagar","400004","Mumbai","Mumbai","Maharashtra"
"Swami Vivekananda Road","400056","Mumbai","Mumbai","Maharashtra"
"Swamichi Wadi","400006","Mumbai","Mumbai","Maharashtra"
"Swamigyan Jivandas Marg","400016","Mumbai","Mumbai","Maharashtra"
"Swamivivekanda Rd","400050","Mumbai","Mumbai","Maharashtra"
"Swamivivekanda Rd","400052","Mumbai","Mumbai","Maharashtra"
"Swamivivekanda Rd","400054","Mumbai","Mumbai","Maharashtra"
"Swamivivekanda Rd","400062","Mumbai","Mumbai","Maharashtra"
"Swamivivekanda Rd","400064","Mumbai","Mumbai","Maharashtra"
"Swamivivekanda Rd","400067","Mumbai","Mumbai","Maharashtra"
"Swamivivekanda Rd","400068","Mumbai","Mumbai","Maharashtra"
"Swamivivekanda Rd","400092","Mumbai","Mumbai","Maharashtra"
"Swamivivekanda Rd","400102","Mumbai","Mumbai","Maharashtra"
"Swamivivekandard","400058","Mumbai","Mumbai","Maharashtra"
"Swatantrya Marg","400025","Mumbai","Mumbai","Maharashtra"
"Swatantrya Marg","400064","Mumbai","Mumbai","Maharashtra"
"Swatantrya Sanik Nagar","400102","Mumbai","Mumbai","Maharashtra"
"Swatantrya Udayam","400064","Mumbai","Mumbai","Maharashtra"
"Swatantrya Udayan","400064","Mumbai","Mumbai","Maharashtra"
"Swatantrya Veersavarkar","400016","Mumbai","Mumbai","Maharashtra"
"Swatantrya Veersavarkar","400025","Mumbai","Mumbai","Maharashtra"
"Swatantrya Veersavarkar","400028","Mumbai","Mumbai","Maharashtra"
"Syed Abdulla Brelviroad","400001","Mumbai","Mumbai","Maharashtra"
"Synat Hill Avenue Road","400010","Mumbai","Mumbai","Maharashtra"
"Syndicate Bank Quarters","400099","Mumbai","Mumbai","Maharashtra"
"T.P.S. Road","400058","Mumbai","Mumbai","Maharashtra"
"T.P.S. Road No 1,6To9,13","400052","Mumbai","Mumbai","Maharashtra"
"Tabake Pole","400001","Mumbai","Mumbai","Maharashtra"
"Tad Wadi","400002","Mumbai","Mumbai","Maharashtra"
"Tadeshwar Wadi","400016","Mumbai","Mumbai","Maharashtra"
"Tadwadi Wadi B It Chwls","400010","Mumbai","Mumbai","Maharashtra"
"Tagore Nagar","400083","Mumbai","Mumbai","Maharashtra"
"Tagore Nagar Colony","400083","Mumbai","Mumbai","Maharashtra"
"Tagore Road","400054","Mumbai","Mumbai","Maharashtra"
"Taharabad","423302","Nashik","Nashik","Maharashtra"
"Taher Ansari Marg","400008","Mumbai","Mumbai","Maharashtra"
"Taikal Wadi","400016","Mumbai","Mumbai","Maharashtra"
"Taj Building Compound","400036","Mumbai","Mumbai","Maharashtra"
"Tajmahal","400039","Mumbai","Mumbai","Maharashtra"
"Tak Wadi","400002","Mumbai","Mumbai","Maharashtra"
"Takandas H Kataria Marg","400016","Mumbai","Mumbai","Maharashtra"
"Takari","415313","Sangli","Sangli","Maharashtra"
"Takarkheda","444826","Amraoti","Amraoti","Maharashtra"
"Takiya Ward","400017","Mumbai","Mumbai","Maharashtra"
"Takiya Ward","400070","Mumbai","Mumbai","Maharashtra"
"Takli","416108","Kolhapur","Kolhapur","Maharashtra"
"Takli Bhor","413725","Ahmednagar","Ahmednagar","Maharashtra"
"Takli Dhokeshwar","414304","Ahmednagar","Ahmednagar","Maharashtra"
"Takpad Road","400059","Mumbai","Mumbai","Maharashtra"
"Takpadarapapets","400059","Mumbai","Mumbai","Maharashtra"
"Talasari","401606","Thane","Thane","Maharashtra"
"Talashet","402112","Raigarh","Alibag","Maharashtra"
"Talavali","415719","Ratnagiri","Ratnagiri","Maharashtra"
"Talavde","416529","Sindhudurg","Oras","Maharashtra"
"Tale","402111","Raigarh","Alibag","Maharashtra"
"Talegaon","442204","Wardha","Wardha","Maharashtra"
"Talegaon Dabhada","410506","Pune","Pune","Maharashtra"
"Talegaon Dashasar","444710","Amraoti","Amraoti","Maharashtra"
"Talegaon Dhamdhera","412208","Pune","Pune","Maharashtra"
"Talegaon Dighe","422607","Ahmednagar","Ahmednagar","Maharashtra"
"Talegaon Gen Hospital","410507","Pune","Pune","Maharashtra"
"Talegaon Ord Factory","410506","Pune","Pune","Maharashtra"
"Talera","416801","Sindhudurg","Oras","Maharashtra"
"Talkhed","431129","Beed","Beed","Maharashtra"
"Talmaki Road","400054","Mumbai","Mumbai","Maharashtra"
"Talmaki Wadi","400007","Mumbai","Mumbai","Maharashtra"
"Talode","425413","Dhule","Talode","Maharashtra"
"Talode","425413","Nandurbar","Nandurbar","Maharashtra"
"Talodhi Balapur","441221","Chandrapur","Chandrapur","Maharashtra"
"Taloje Audyogik","441221","Chandrapur","Chandrapur","Maharashtra"
"Tamba Kanta","400003","Mumbai","Mumbai","Maharashtra"
"Tambdi Road","400015","Mumbai","Mumbai","Maharashtra"
"Tamrind Street","400023","Mumbai","Mumbai","Maharashtra"
"Tamsa","431713","Nanded","Nanded","Maharashtra"
"Tandulwadi","413312","Sholapur","Sholapur","Maharashtra"
"Tank Bunder Road","400010","Mumbai","Mumbai","Maharashtra"
"Tank Bunder Road","400033","Mumbai","Mumbai","Maharashtra"
"Tank Colony","400064","Mumbai","Mumbai","Maharashtra"
"Tank Cotton Exchange","400033","Mumbai","Mumbai","Maharashtra"
"Tank Kala Chowki","400033","Mumbai","Mumbai","Maharashtra"
"Tank Lalbahadur Shastri","400033","Mumbai","Mumbai","Maharashtra"
"Tank Pakhadi Street","400011","Mumbai","Mumbai","Maharashtra"
"Tank Pase Village","400011","Mumbai","Mumbai","Maharashtra"
"Tank Reay Road","400033","Mumbai","Mumbai","Maharashtra"
"Tank Road","400033","Mumbai","Mumbai","Maharashtra"
"Tank Road","400078","Mumbai","Mumbai","Maharashtra"
"Tank Street","400008","Mumbai","Mumbai","Maharashtra"
"Tank Street","400067","Mumbai","Mumbai","Maharashtra"
"Tank Street","400078","Mumbai","Mumbai","Maharashtra"
"Tantan Pura Street","400009","Mumbai","Mumbai","Maharashtra"
"Tapovan","444703","Jalna","Jalna","Maharashtra"
"Tara Bag","400010","Mumbai","Mumbai","Maharashtra"
"Tara Bag Estate","400004","Mumbai","Mumbai","Maharashtra"
"Tara Temple Lane","400007","Mumbai","Mumbai","Maharashtra"
"Tara Village","400049","Mumbai","Mumbai","Maharashtra"
"Taradgaon","415528","Satara","Satara","Maharashtra"
"Tarala","415014","Satara","Satara","Maharashtra"
"Tarapur","401502","Thane","Tarapur","Maharashtra"
"Tarapur A P P","401504","Thane","Thane","Maharashtra"
"Tarapur I A","401506","Thane","Thane","Maharashtra"
"Tarde0 Road","400034","Mumbai","Mumbai","Maharashtra"
"Targaon","415107","Satara","Satara","Maharashtra"
"Tarkarli","416621","Sindhudurg","Oras","Maharashtra"
"Tasgaon","416312","Sangli","Tasgaon","Maharashtra"
"Tasgaon Gurwar Peth","416312","Sangli","Sangli","Maharashtra"
"Tasgaon Somwar Peth","416312","Sangli","Sangli","Maharashtra"
"Tasgoan Varchegalli","416312","Sangli","Sangli","Maharashtra"
"Tata Blocks","400050","Mumbai","Mumbai","Maharashtra"
"Tata Colony","400012","Mumbai","Mumbai","Maharashtra"
"Tata Colony","400034","Mumbai","Mumbai","Maharashtra"
"Tata Colony","400058","Mumbai","Mumbai","Maharashtra"
"Tata Compound","400058","Mumbai","Mumbai","Maharashtra"
"Tata Co-Operative Hsg Sty","400022","Mumbai","Mumbai","Maharashtra"
"Tata Gharpure Path","400004","Mumbai","Mumbai","Maharashtra"
"Tata Housing Colony","400071","Mumbai","Mumbai","Maharashtra"
"Tata Nagar","400022","Mumbai","Mumbai","Maharashtra"
"Tata Nagar","400070","Mumbai","Mumbai","Maharashtra"
"Tata Power House Colony","400074","Mumbai","Mumbai","Maharashtra"
"Tata Power House Road","400078","Mumbai","Mumbai","Maharashtra"
"Tata Road","400004","Mumbai","Mumbai","Maharashtra"
"Tata Road","400005","Mumbai","Mumbai","Maharashtra"
"Tatan Tata Road","400034","Mumbai","Mumbai","Maharashtra"
"Tatya Saheb Ghodke Chowk","400011","Mumbai","Mumbai","Maharashtra"
"Tauri Pada","400012","Mumbai","Mumbai","Maharashtra"
"Tawa Lanea","400003","Mumbai","Mumbai","Maharashtra"
"Teachers Colony","400051","Mumbai","Mumbai","Maharashtra"
"Teen Batti","400006","Mumbai","Mumbai","Maharashtra"
"Teer Andan Nagar","400076","Mumbai","Mumbai","Maharashtra"
"Tejpal Road","400007","Mumbai","Mumbai","Maharashtra"
"Tejpal Road","400057","Mumbai","Mumbai","Maharashtra"
"Tejpal Scheme Road","400057","Mumbai","Mumbai","Maharashtra"
"Tel Gali","400002","Mumbai","Mumbai","Maharashtra"
"Tel Galli","400002","Mumbai","Mumbai","Maharashtra"
"Tel Wadi","400002","Mumbai","Mumbai","Maharashtra"
"Telang Crosds Road","400019","Mumbai","Mumbai","Maharashtra"
"Telang Road","400019","Mumbai","Mumbai","Maharashtra"
"Telecom Factory","400088","Mumbai","Mumbai","Maharashtra"
"Telecom Municipal Col","400088","Mumbai","Mumbai","Maharashtra"
"Telecome Factory Colony","400074","Mumbai","Mumbai","Maharashtra"
"Telhara","444108","Akola","Telhara","Maharashtra"
"Teli Galli","400007","Mumbai","Mumbai","Maharashtra"
"Teli Galli","400069","Mumbai","Mumbai","Maharashtra"
"Teli Moholla","400008","Mumbai","Mumbai","Maharashtra"
"Telwadi","400007","Mumbai","Mumbai","Maharashtra"
"Telway Line","400005","Mumbai","Mumbai","Maharashtra"
"Tembhurni","431208","Aurangabad","Aurangabad","Maharashtra"
"Tembhurni","413211","Sholapur","Sholapur","Maharashtra"
"Tembipada Road","400078","Mumbai","Mumbai","Maharashtra"
"Temkar Moholla","400008","Mumbai","Mumbai","Maharashtra"
"Temkar Street","400008","Mumbai","Mumbai","Maharashtra"
"Ter","413509","Osmanabad","Osmanabad","Maharashtra"
"Ternanagar","413580","Osmanabad","Osmanabad","Maharashtra"
"Thakar Compound","400058","Mumbai","Mumbai","Maharashtra"
"Thakar Mistri Wadi","400028","Mumbai","Mumbai","Maharashtra"
"Thakkar Bapa Colony","400071","Mumbai","Mumbai","Maharashtra"
"Thakurli","421206","Thane","Thane","Maharashtra"
"Thal","402207","Raigarh","Alibag","Maharashtra"
"Thalner","425421","Dhule","Dhule","Maharashtra"
"Thana Street","400009","Mumbai","Mumbai","Maharashtra"
"Thanawala Lane","400057","Mumbai","Mumbai","Maharashtra"
"Thane","416544","Thane","Thane","Maharashtra"
"Thane Dr Ambedkar Marg","400601","Thane","Thane","Maharashtra"
"Thane East","400601","Thane","Thane","Maharashtra"
"Thane Gokhale Rd","400601","Thane","Thane","Maharashtra"
"Thane H O","400601","Thane","Thane","Maharashtra"
"Thane R S","400601","Thane","Thane","Maharashtra"
"Thane Shantinagar","400601","Thane","Thane","Maharashtra"
"Thargavan","425501","Jalgaon","Jalgaon","Maharashtra"
"Thatte Wadi","400028","Mumbai","Mumbai","Maharashtra"
"Theosphical Colony","400049","Mumbai","Mumbai","Maharashtra"
"Thermal Power Station","422105","Nashik","Nashik","Maharashtra"
"Theur","412110","Pune","Pune","Maharashtra"
"Thikpurli","416227","Kolhapur","Kolhapur","Maharashtra"
"Third Avenue","400033","Mumbai","Mumbai","Maharashtra"
"Thomas Dsilva Road","400068","Mumbai","Mumbai","Maharashtra"
"Thomas Street","400005","Mumbai","Mumbai","Maharashtra"
"Three Bunglows","400051","Mumbai","Mumbai","Maharashtra"
"Thuthi Agiari","400006","Mumbai","Mumbai","Maharashtra"
"Tigris Road","400005","Mumbai","Mumbai","Maharashtra"
"Tik Bunder","400010","Mumbai","Mumbai","Maharashtra"
"Tikekarwadi","413225","Sholapur","Sholapur","Maharashtra"
"Tilak Bridge","400028","Mumbai","Mumbai","Maharashtra"
"Tilak Mandir Road","400057","Mumbai","Mumbai","Maharashtra"
"Tilak Nagar","400004","Mumbai","Mumbai","Maharashtra"
"Tilak Nagar Colony","400089","Mumbai","Mumbai","Maharashtra"
"Tilak Road","400004","Mumbai","Mumbai","Maharashtra"
"Tilak Road","400014","Mumbai","Mumbai","Maharashtra"
"Tilak Road","400015","Mumbai","Mumbai","Maharashtra"
"Tilak Road","400031","Mumbai","Mumbai","Maharashtra"
"Tilak Road","400054","Mumbai","Mumbai","Maharashtra"
"Tilak Road","400067","Mumbai","Mumbai","Maharashtra"
"Tilak Road","400077","Mumbai","Mumbai","Maharashtra"
"Tilak Road","400077","Mumbai","Mumbai","Maharashtra"
"Tilak Vidyalaya Road","400057","Mumbai","Mumbai","Maharashtra"
"Tilaknagar","413720","Ahmednagar","Ahmednagar","Maharashtra"
"Tilaknagar","413531","Latur","Latur","Maharashtra"
"Tilaknagar","400089","Mumbai","Mumbai","Maharashtra"
"Tilaknagar","421201","Thane","Thane","Maharashtra"
"Tilakwadi","400060","Mumbai","Mumbai","Maharashtra"
"Tilari Nagar","416527","Kolhapur","Kolhapur","Maharashtra"
"Timber Market","400010","Mumbai","Mumbai","Maharashtra"
"Tin Bunglow","400051","Mumbai","Mumbai","Maharashtra"
"Tirlot","416807","Sindhudurg","Oras","Maharashtra"
"Tirora","441911","Nagpur","Tirora","Maharashtra"
"Tisgaon","414106","Ahmednagar","Ahmednagar","Maharashtra"
"Tiwari Industrial Estate","400062","Mumbai","Mumbai","Maharashtra"
"Tlosa","444903","Bhandara","Bhandara","Maharashtra"
"Tobela Road","400055","Mumbai","Mumbai","Maharashtra"
"Todankar Wadi","400025","Mumbai","Mumbai","Maharashtra"
"Tokersay Wadi","400015","Mumbai","Mumbai","Maharashtra"
"Tokersey Jivaraj Road","400015","Mumbai","Mumbai","Maharashtra"
"Tondapur","425211","Jalgaon","Jalgaon","Maharashtra"
"Tondon","413563","Latur","Latur","Maharashtra"
"Tony Compound","400099","Mumbai","Mumbai","Maharashtra"
"Top","416132","Kolhapur","Kolhapur","Maharashtra"
"Topiwala Compound","400062","Mumbai","Mumbai","Maharashtra"
"Topiwala Estate","400062","Mumbai","Mumbai","Maharashtra"
"Topiwala Lane","400007","Mumbai","Mumbai","Maharashtra"
"Topiwala Wadi Lane","400004","Mumbai","Mumbai","Maharashtra"
"Totladoh","441403","Nagpur","Nagpur","Maharashtra"
"Tower Of Silence","400006","Mumbai","Mumbai","Maharashtra"
"Town Hall","400023","Mumbai","Mumbai","Maharashtra"
"Town Planning Scheme No3","400050","Mumbai","Mumbai","Maharashtra"
"Township Colony","400075","Mumbai","Mumbai","Maharashtra"
"Tractor Workshop","400065","Mumbai","Mumbai","Maharashtra"
"Trafalgar Square","400008","Mumbai","Mumbai","Maharashtra"
"Transit Camp","400050","Mumbai","Mumbai","Maharashtra"
"Transit Camp 1,2 & 3","400022","Mumbai","Mumbai","Maharashtra"
"Transit Camp Ambedkar Nag","400017","Mumbai","Mumbai","Maharashtra"
"Transit Camp Nehru Nagar","400017","Mumbai","Mumbai","Maharashtra"
"Transit Camp Ramabai Naga","400017","Mumbai","Mumbai","Maharashtra"
"Transit Camp Saibaba Naga","400017","Mumbai","Mumbai","Maharashtra"
"Transit Camp Sambhaji Nag","400017","Mumbai","Mumbai","Maharashtra"
"Tribhuvan Road","400004","Mumbai","Mumbai","Maharashtra"
"Trikamdas Road","400067","Mumbai","Mumbai","Maharashtra"
"Trikamji Ghila Marg Old K","400002","Mumbai","Mumbai","Maharashtra"
"Trimbak","422212","Sindhudurg","Trimbak","Maharashtra"
"Trimbak Parshuram Street","400004","Mumbai","Mumbai","Maharashtra"
"Trimbak Vaidya Wadi","400002","Mumbai","Mumbai","Maharashtra"
"Trimbak Vidya Mandir","422213","Sindhudurg","Oras","Maharashtra"
"Trinity Street","400002","Mumbai","Mumbai","Maharashtra"
"Trombay Road","400037","Mumbai","Mumbai","Maharashtra"
"Trombay Village","400074","Mumbai","Mumbai","Maharashtra"
"Tudi","402115","Raigarh","Alibag","Maharashtra"
"Tukaram Bhisaji Kadam Mar","400027","Mumbai","Mumbai","Maharashtra"
"Tukaram Bhisaji Kadam Mar","400033","Mumbai","Mumbai","Maharashtra"
"Tukaram Bhisaji Koyande M","400010","Mumbai","Mumbai","Maharashtra"
"Tukaram Bhogale Marg","400010","Mumbai","Mumbai","Maharashtra"
"Tukaram Javaji Road","400007","Mumbai","Mumbai","Maharashtra"
"Tulas","416515","Ratnagiri","Ratnagiri","Maharashtra"
"Tulaskar Wadi","400067","Mumbai","Mumbai","Maharashtra"
"Tuljapur","413601","Osmanabad","Tuljapur","Maharashtra"
"Tulloch Road","400001","Mumbai","Mumbai","Maharashtra"
"Tulsidasnagar","413412","Sholapur","Sholapur","Maharashtra"
"Tulsiwadi","400010","Mumbai","Mumbai","Maharashtra"
"Tulsiwadi","400034","Mumbai","Mumbai","Maharashtra"
"Tulsiwadi Haji Ali","400034","Mumbai","Mumbai","Maharashtra"
"Tulsiwadi Road","400034","Mumbai","Mumbai","Maharashtra"
"Tumsar","441912","Bhandara","Tumsar","Maharashtra"
"Tumsar Road","441913","Bhandara","Bhandara","Maharashtra"
"Tung","416322","Sangli","Sangli","Maharashtra"
"Tungat","413241","Sholapur","Sholapur","Maharashtra"
"Tungwa Village","400072","Mumbai","Mumbai","Maharashtra"
"Turbhe","400613","Thane","Thane","Maharashtra"
"Turel Pakhadi Road","400064","Mumbai","Mumbai","Maharashtra"
"Turner Hill Road","400012","Mumbai","Mumbai","Maharashtra"
"Turori","413615","Osmanabad","Osmanabad","Maharashtra"
"Two Tanks","400004","Mumbai","Mumbai","Maharashtra"
"Two Tanks","400008","Mumbai","Mumbai","Maharashtra"
"U P Nagar","400052","Mumbai","Mumbai","Maharashtra"
"Uandreya Street","400007","Mumbai","Mumbai","Maharashtra"
"Udgaon","416134","Kolhapur","Kolhapur","Maharashtra"
"Udgir","413517","Latur","Udgir","Maharashtra"
"Udgir Eng","413517","Latur","Latur","Maharashtra"
"Udyognagar","400062","Mumbai","Mumbai","Maharashtra"
"Udyognagar","400062","Mumbai","Mumbai","Maharashtra"
"Udyognagar Road","400062","Mumbai","Mumbai","Maharashtra"
"Ulhasnagar","421001","Thane","Ulhasnagar","Maharashtra"
"Ulpoop","413576","Osmanabad","Osmanabad","Maharashtra"
"Ulster Road","400027","Mumbai","Mumbai","Maharashtra"
"Ultra Co-Operative Hsg So","400016","Mumbai","Mumbai","Maharashtra"
"Umar Rajali Road","400008","Mumbai","Mumbai","Maharashtra"
"Umbarda Bazar","444122","Akola","Akola","Maharashtra"
"Umer Jamal Compound","400008","Mumbai","Mumbai","Maharashtra"
"Umer Park","400058","Mumbai","Mumbai","Maharashtra"
"Umer Rajah Road","400008","Mumbai","Mumbai","Maharashtra"
"Umerkhadi Cross Street","400009","Mumbai","Mumbai","Maharashtra"
"Umerkhadi Lane","400009","Mumbai","Mumbai","Maharashtra"
"Umerkhadi Road","400009","Mumbai","Mumbai","Maharashtra"
"Umra","444121","Akola","Akola","Maharashtra"
"Umred","441203","Nagpur","Umred","Maharashtra"
"Umred Bazar","441203","Nagpur","Nagpur","Maharashtra"
"Umred Project","441204","Nagpur","Nagpur","Maharashtra"
"Umri","441117","Nagpur","Nagpur","Maharashtra"
"Umri","431807","Nanded","Nanded","Maharashtra"
"Umri","431811","Nanded","Nanded","Maharashtra"
"Umri","445311","Wardha","Wardha","Maharashtra"
"Umrigan Wadi","400014","Mumbai","Mumbai","Maharashtra"
"Undale","415118","Satara","Satara","Maharashtra"
"Undrai Road","400064","Mumbai","Mumbai","Maharashtra"
"Undri","444307","Buldhana","Buldhana","Maharashtra"
"Undria Street","400008","Mumbai","Mumbai","Maharashtra"
"Undria Street Cross Lane","400008","Mumbai","Mumbai","Maharashtra"
"Unich Co Op Hsg Soc","400016","Mumbai","Mumbai","Maharashtra"
"Union Bank Bhavan","400021","Mumbai","Mumbai","Maharashtra"
"Union Park","400052","Mumbai","Mumbai","Maharashtra"
"Unit Quarters","400065","Mumbai","Mumbai","Maharashtra"
"Universal Industrial Esta","400058","Mumbai","Mumbai","Maharashtra"
"University","400032","Mumbai","Mumbai","Maharashtra"
"University Road","400001","Mumbai","Mumbai","Maharashtra"
"Unnal Nagar","400062","Mumbai","Mumbai","Maharashtra"
"Upadhya Estate","400062","Mumbai","Mumbai","Maharashtra"
"Upasana Lane","400054","Mumbai","Mumbai","Maharashtra"
"Upasana Lane","400077","Mumbai","Mumbai","Maharashtra"
"Upasraya Lane","400075","Mumbai","Mumbai","Maharashtra"
"Upasraya Road","400075","Mumbai","Mumbai","Maharashtra"
"Upendra Nagar","400028","Mumbai","Mumbai","Maharashtra"
"Uplai B K","413234","Sholapur","Sholapur","Maharashtra"
"Upper Tudil","402115","Raigarh","Alibag","Maharashtra"
"Uran","400702","Raigarh","Uran","Maharashtra"
"Uran Islampur","415409","Sangli","Uran Islampur","Maharashtra"
"Uran Shivaji Chowk","415409","Sangli","Sangli","Maharashtra"
"Uran Tilak Peth","415409","Sangli","Sangli","Maharashtra"
"Urankar Wadi","400004","Mumbai","Mumbai","Maharashtra"
"Uranwala Street","400007","Mumbai","Mumbai","Maharashtra"
"Uruli Kanchan","412202","Pune","Pune","Maharashtra"
"Usha Colony","400057","Mumbai","Mumbai","Maharashtra"
"Usha Housing Society","400028","Mumbai","Mumbai","Maharashtra"
"Usha Nagar","400078","Mumbai","Mumbai","Maharashtra"
"Utkarshanagar Road","400078","Mumbai","Mumbai","Maharashtra"
"Uttan","401106","Thane","Thane","Maharashtra"
"Uttur","416220","Kolhapur","Kolhapur","Maharashtra"
"V B Worlikar Marg","400025","Mumbai","Mumbai","Maharashtra"
"V H Desai Road","400068","Mumbai","Mumbai","Maharashtra"
"V K Krishna Menon Road","400017","Mumbai","Mumbai","Maharashtra"
"V P Road","400046","Mumbai","Mumbai","Maharashtra"
"V P Road Police Station","400004","Mumbai","Mumbai","Maharashtra"
"V S Agashepath","400028","Mumbai","Mumbai","Maharashtra"
"Vachha Gandhi Road","400007","Mumbai","Mumbai","Maharashtra"
"Vachharaj Lane","400019","Mumbai","Mumbai","Maharashtra"
"Vada","412402","Pune","Vada","Maharashtra"
"Vada","416805","Sindhudurg","Oras","Maharashtra"
"Vada","421303","Thane","Thane","Maharashtra"
"Vadala","413246","Sholapur","Sholapur","Maharashtra"
"Vadala Mahadeo","413739","Ahmednagar","Ahmednagar","Maharashtra"
"Vadala Mission","414602","Ahmednagar","Ahmednagar","Maharashtra"
"Vadali","425423","Dhule","Dhule","Maharashtra"
"Vadalibhoi","423117","Nashik","Nashik","Maharashtra"
"Vadegaon","444502","Akola","Akola","Maharashtra"
"Vadel","423210","Nashik","Nashik","Maharashtra"
"Vadgaon","416112","Kolhapur","Vadgaon","Maharashtra"
"Vadgaon","412106","Pune","Vadgaon","Maharashtra"
"Vadgaon Bk","411041","Pune","Pune","Maharashtra"
"Vadgaon Pune","412106","Pune","Pune","Maharashtra"
"Vadhadari","413218","Sholapur","Sholapur","Maharashtra"
"Vadi Gaothan","400074","Mumbai","Mumbai","Maharashtra"
"Vadilal A Patel Marg Proc","400004","Mumbai","Mumbai","Maharashtra"
"Vadnee","423206","Nashik","Nashik","Maharashtra"
"Vadner","423111","Nashik","Nashik","Maharashtra"
"Vaduj","415506","Satara","Satara","Maharashtra"
"Vaduth","415011","Satara","Satara","Maharashtra"
"Vafgaon","410514","Pune","Pune","Maharashtra"
"Vagholi","412207","Pune","Pune","Maharashtra"
"Vaibhavwadi","416810","Sindhudurg","Oras","Maharashtra"
"Vaidyawadi","400028","Mumbai","Mumbai","Maharashtra"
"Vaijapur","423701","Aurangabad","Vaijapur","Maharashtra"
"Vaikunthbhai Mehta Marg","400054","Mumbai","Mumbai","Maharashtra"
"Vairag","413402","Sholapur","Sholapur","Maharashtra"
"Vaishali Camp","400055","Mumbai","Mumbai","Maharashtra"
"Vaishali Nagar","400012","Mumbai","Mumbai","Maharashtra"
"Vaitarnanagar","422214","Nashik","Nashik","Maharashtra"
"Vajayanagar Society","400069","Mumbai","Mumbai","Maharashtra"
"Vajreshwari","401204","Thane","Thane","Maharashtra"
"Vajreshwari Wadi Only Dat","400028","Mumbai","Mumbai","Maharashtra"
"Vakadi","424207","Jalgaon","Jalgaon","Maharashtra"
"Vakavli","415711","Ratnagiri","Ratnagiri","Maharashtra"
"Vakharia Industrial Estat","400062","Mumbai","Mumbai","Maharashtra"
"Vakharia Wadi","400014","Mumbai","Mumbai","Maharashtra"
"Vakola Bridge","400055","Mumbai","Mumbai","Maharashtra"
"Vakola Pipe Line","400055","Mumbai","Mumbai","Maharashtra"
"Vakola Road","400055","Mumbai","Mumbai","Maharashtra"
"Vakola Village Road","400098","Mumbai","Mumbai","Maharashtra"
"Valaji Ladha Road","400080","Mumbai","Mumbai","Maharashtra"
"Valakatta Wadi","400017","Mumbai","Mumbai","Maharashtra"
"Valaval","416524","Sindhudurg","Oras","Maharashtra"
"Valbhat Road","400063","Mumbai","Mumbai","Maharashtra"
"Valhe","412305","Pune","Pune","Maharashtra"
"Vallabh Bag Lane","400077","Mumbai","Mumbai","Maharashtra"
"Vallabh Nagar","400092","Mumbai","Mumbai","Maharashtra"
"Vallabha Bag Cross Lane","400077","Mumbai","Mumbai","Maharashtra"
"Vallabhbhai Patel Road","400054","Mumbai","Mumbai","Maharashtra"
"Vallabhbhai Patel Road","400056","Mumbai","Mumbai","Maharashtra"
"Vallabhbhai Patel Road","400067","Mumbai","Mumbai","Maharashtra"
"Vallabhbhai Patel Road","400080","Mumbai","Mumbai","Maharashtra"
"Valpakhandi Road","400009","Mumbai","Mumbai","Maharashtra"
"Valsang","413228","Sholapur","Sholapur","Maharashtra"
"Valva","416313","Sangli","Sangli","Maharashtra"
"Valva B K","416221","Kolhapur","Kolhapur","Maharashtra"
"Vambori","413704","Ahmednagar","Ahmednagar","Maharashtra"
"Vanasada","444005","Akola","Akola","Maharashtra"
"Vangaon","401103","Thane","Thane","Maharashtra"
"Vani","422215","Nashik","Nashik","Maharashtra"
"Vanjar Galli","400005","Mumbai","Mumbai","Maharashtra"
"Vankka Mohalla","400002","Mumbai","Mumbai","Maharashtra"
"Varandh","402306","Raigarh","Alibag","Maharashtra"
"Varangaon","425305","Jalgaon","Jalgaon","Maharashtra"
"Varangaon Ordnance Fact","425308","Jalgaon","Jalgaon","Maharashtra"
"Varkhedi","424202","Jalgaon","Jalgaon","Maharashtra"
"Varsova","400061","Mumbai","Mumbai","Maharashtra"
"Varsova Kakori Camp","400061","Mumbai","Mumbai","Maharashtra"
"Varvand","412215","Pune","Pune","Maharashtra"
"Vasahat","410208","Raigarh","Alibag","Maharashtra"
"Vasanji Lalji Lane","400067","Mumbai","Mumbai","Maharashtra"
"Vasant Wadi","400002","Mumbai","Mumbai","Maharashtra"
"Vashi","400703","Thane","Thane","Maharashtra"
"Vashi Naka","400074","Mumbai","Mumbai","Maharashtra"
"Vashi Village","400074","Mumbai","Mumbai","Maharashtra"
"Vasi","413503","Osmanabad","Osmanabad","Maharashtra"
"Vasudeo Nagar","400069","Mumbai","Mumbai","Maharashtra"
"Vasudeorao B Worlikar Mar","400025","Mumbai","Mumbai","Maharashtra"
"Vasudevarao Bambardekar M","400050","Mumbai","Mumbai","Maharashtra"
"Vategaon","410410","Pune","Pune","Maharashtra"
"Vathar","415524","Satara","Satara","Maharashtra"
"Vathar","415526","Satara","Satara","Maharashtra"
"Vathar Kizdi","415116","Satara","Satara","Maharashtra"
"Vatsalabai Desai Chowk","400034","Mumbai","Mumbai","Maharashtra"
"Vayusenanagar","440007","Nagpur","Nagpur","Maharashtra"
"Vazira","400092","Mumbai","Mumbai","Maharashtra"
"Vectoria Dock","400009","Mumbai","Mumbai","Maharashtra"
"Veer Baji Prabhu Deshpand","400054","Mumbai","Mumbai","Maharashtra"
"Veer Byculla Bhaji Bazar","400027","Mumbai","Mumbai","Maharashtra"
"Veer Desai Road","400058","Mumbai","Mumbai","Maharashtra"
"Veer Hemookalani Rd 1-4","400067","Mumbai","Mumbai","Maharashtra"
"Veer Jija Mata Bhosley Ud","400027","Mumbai","Mumbai","Maharashtra"
"Veer Makarand Ghanekar Ma","400057","Mumbai","Mumbai","Maharashtra"
"Veer Mata Jijabai Bhonsle","400027","Mumbai","Mumbai","Maharashtra"
"Veer Nariman Rd","400020","Mumbai","Mumbai","Maharashtra"
"Veer Nariman Rd","400023","Mumbai","Mumbai","Maharashtra"
"Veer Nariman Rd","400070","Mumbai","Mumbai","Maharashtra"
"Veer Savarkar Mrg","400016","Mumbai","Mumbai","Maharashtra"
"Veer Savarkar Mrg238-383)","400028","Mumbai","Mumbai","Maharashtra"
"Veer Savarkar Mrg384-502)","400025","Mumbai","Mumbai","Maharashtra"
"Veer Tanaji Malusare Marg","400010","Mumbai","Mumbai","Maharashtra"
"Veer Tanaji Malusare Path","400033","Mumbai","Mumbai","Maharashtra"
"Veer Vithaldas Chardan St","400003","Mumbai","Mumbai","Maharashtra"
"Velapur","413113","Sholapur","Sholapur","Maharashtra"
"Velhe","412212","Pune","Pune","Maharashtra"
"Velji Narsi Bhanushali Ma","400077","Mumbai","Mumbai","Maharashtra"
"Vellard View","400034","Mumbai","Mumbai","Maharashtra"
"Velur","431102","Aurangabad","Aurangabad","Maharashtra"
"Vengurla","416516","Sindhudurg","Vengurla","Maharashtra"
"Vernanagar","415022","Satara","Satara","Maharashtra"
"Veronica Road","400050","Mumbai","Mumbai","Maharashtra"
"Versova","400061","Mumbai","Mumbai","Maharashtra"
"Versova Street","400008","Mumbai","Mumbai","Maharashtra"
"Versova Village","400061","Mumbai","Mumbai","Maharashtra"
"Veshvi","415208","Ratnagiri","Ratnagiri","Maharashtra"
"Victoria Cross Lane 1St","400010","Mumbai","Mumbai","Maharashtra"
"Victoria Cross Road","400027","Mumbai","Mumbai","Maharashtra"
"Victoria Terminus","400001","Mumbai","Mumbai","Maharashtra"
"Vidarbha Maha","424005","Dhule","Dhule","Maharashtra"
"Vidhan Chowk","400021","Mumbai","Mumbai","Maharashtra"
"Vidyalata","444604","Amraoti","Amraoti","Maharashtra"
"Vidyanagar","415570","Aurangabad","Aurangabad","Maharashtra"
"Vidyanagari","424005","Dhule","Dhule","Maharashtra"
"Vidyanagari","400098","Mumbai","Mumbai","Maharashtra"
"Vidyanagari Marg","400057","Mumbai","Mumbai","Maharashtra"
"Vidyanagari Marg","400098","Mumbai","Mumbai","Maharashtra"
"Vidyapith Marg","416001","Kolhapur","Kolhapur","Maharashtra"
"Vidyapith Rahuri","413722","Ahmednagar","Ahmednagar","Maharashtra"
"Vidyashram","421305","Thane","Thane","Maharashtra"
"Vihar Lake Road","400087","Mumbai","Mumbai","Maharashtra"
"Vihar Road","400072","Mumbai","Mumbai","Maharashtra"
"Vijay Nagar","400055","Mumbai","Miraj","Maharashtra"
"Vijay Nagar Zopadpatti","400037","Mumbai","Mumbai","Maharashtra"
"Vijay Vallabh Chowk","400003","Mumbai","Mumbai","Maharashtra"
"Vijaywadi","400002","Mumbai","Mumbai","Maharashtra"
"Vijaywadi","400081","Mumbai","Malshiras","Maharashtra"
"Viju Kotak Marg","400038","Mumbai","Mumbai","Maharashtra"
"Vikroli","400079","Mumbai","Mumbai","Maharashtra"
"Vikroli Parkside Mun Cly","400079","Mumbai","Mumbai","Maharashtra"
"Vikroli Rly Station","400083","Mumbai","Mumbai","Maharashtra"
"Vikroli Village Road","400079","Mumbai","Mumbai","Maharashtra"
"Vile Parle East","400057","Mumbai","Mumbai","Maharashtra"
"Vileparle Irla","400056","Mumbai","Mumbai","Maharashtra"
"Vileparle R S","400047","Mumbai","Mumbai","Maharashtra"
"Vileparle West","400056","Mumbai","Mumbai","Maharashtra"
"Village Road","400067","Mumbai","Mumbai","Maharashtra"
"Village Road","400070","Mumbai","Mumbai","Maharashtra"
"Village Road","400078","Mumbai","Mumbai","Maharashtra"
"Village Ward","400070","Mumbai","Mumbai","Maharashtra"
"Vimal Nagar","400067","Mumbai","Mumbai","Maharashtra"
"Vincent Square Streets 1","400014","Mumbai","Mumbai","Maharashtra"
"Vinchur","422305","Nashik","Nashik","Maharashtra"
"Vinsilva Nagar","400055","Mumbai","Mumbai","Maharashtra"
"Violim Market","400002","Mumbai","Mumbai","Maharashtra"
"Vir Baji-Prabhu Deshpande","400057","Mumbai","Mumbai","Maharashtra"
"Virar","401303","Thane","Virar","Maharashtra"
"Virawada","425130","Jalgaon","Jalgaon","Maharashtra"
"Virdhyeshwar S K","414505","Ahmednagar","Ahmednagar","Maharashtra"
"Visapur","413703","Ahmednagar","Ahmednagar","Maharashtra"
"Visapur","416314","Sangli","Sangli","Maharashtra"
"Visarwadi","425426","Dhule","Dhule","Maharashtra"
"Vishal Industrial Estate","400078","Mumbai","Mumbai","Maharashtra"
"Vishalnagar","400092","Mumbai","Mumbai","Maharashtra"
"Vishnunagar","421202","Thane","Thane","Maharashtra"
"Vishram Wadi","400022","Mumbai","Mumbai","Maharashtra"
"Vishwakarma Marg","400080","Mumbai","Mumbai","Maharashtra"
"Vishweshwar Nagar","400062","Mumbai","Mumbai","Maharashtra"
"Vite","415311","Sangli","Sangli","Maharashtra"
"Vite City","415311","Sangli","Sangli","Maharashtra"
"Vithal Narayan Purao Marg","400088","Mumbai","Mumbai","Maharashtra"
"Vithal Raklumaichi Wadi","400028","Mumbai","Mumbai","Maharashtra"
"Vithalbhai Patel Road","400004","Mumbai","Mumbai","Maharashtra"
"Vithalbhai Patel Road","400050","Mumbai","Mumbai","Maharashtra"
"Vithalbhai Patel Road","400052","Mumbai","Mumbai","Maharashtra"
"Vithalbhai Patel Road","400054","Mumbai","Mumbai","Maharashtra"
"Vithalbhai Patel Road","400056","Mumbai","Mumbai","Maharashtra"
"Vithalbhai Patel Road","400058","Mumbai","Mumbai","Maharashtra"
"Vithalbhai Patel Road","400080","Mumbai","Mumbai","Maharashtra"
"Vithaldas Chandan Street","400003","Mumbai","Mumbai","Maharashtra"
"Vithaldas Road","400002","Mumbai","Mumbai","Maharashtra"
"Vithaldas Thakarsy Marg","400020","Mumbai","Mumbai","Maharashtra"
"Vithaldasnagar","400054","Mumbai","Mumbai","Maharashtra"
"Vithalnagar","400080","Mumbai","Wani","Maharashtra"
"Vithalwadi","400002","Mumbai","Mumbai","Maharashtra"
"Vithalwadi","400028","Mumbai","Mumbai","Maharashtra"
"Vithalwadi Rd","411042","Pune","Pune","Maharashtra"
"Vithoba Lane","400002","Mumbai","Mumbai","Maharashtra"
"Vithoba Wadi","400025","Mumbai","Mumbai","Maharashtra"
"Vivekanandnagar","400046","Mumbai","Mumbai","Maharashtra"
"Vivekarandnagar","400055","Mumbai","Mumbai","Maharashtra"
"Vivra","425523","Jalgaon","Jalgaon","Maharashtra"
"Vorava Kallu","418010","Sindhudurg","Oras","Maharashtra"
"Vrindavan","400086","Mumbai","Mumbai","Maharashtra"
"Vyas Wadi","400080","Mumbai","Mumbai","Maharashtra"
"Wachha Gandhi Road","400007","Mumbai","Mumbai","Maharashtra"
"Wadachi Wadi","400025","Mumbai","Mumbai","Maharashtra"
"Wadala","400031","Mumbai","Arvi","Maharashtra"
"Wadala Best Bus Depot","400031","Mumbai","Mumbai","Maharashtra"
"Wadala Katrak Rd","400031","Mumbai","Mumbai","Maharashtra"
"Wadala Kidwainagar","400031","Mumbai","Mumbai","Maharashtra"
"Wadala Nagnath","413529","Osmanabad","Osmanabad","Maharashtra"
"Wadala Road","400031","Mumbai","Mumbai","Maharashtra"
"Wadala Village","400031","Mumbai","Mumbai","Maharashtra"
"Wadavi Road","400074","Mumbai","Mumbai","Maharashtra"
"Wadegaon","441919","Bhandara","Bhandara","Maharashtra"
"Wadher Gandhi","444819","Amraoti","Amraoti","Maharashtra"
"Wadhona","413518","Osmanabad","Osmanabad","Maharashtra"
"Wadhona","442207","Wardha","Wardha","Maharashtra"
"Wadi","440023","Nagpur","Wadi","Maharashtra"
"Wadi Bang Colony","400033","Mumbai","Mumbai","Maharashtra"
"Wadi Bunder Shed","400010","Mumbai","Mumbai","Maharashtra"
"Wadia Street","400034","Mumbai","Mumbai","Maharashtra"
"Wadigodri","431205","Jalgaon","Jalgaon","Maharashtra"
"Wadki","445308","Yeotamal","Yeotamal","Maharashtra"
"Wadner","442307","Wardha","Wardha","Maharashtra"
"Wadner Bholaji","443405","Buldhana","Buldhana","Maharashtra"
"Wagh Wadi","400002","Mumbai","Mumbai","Maharashtra"
"Wagheshwar Wadi","400012","Mumbai","Mumbai","Maharashtra"
"Wagholi","413577","Osmanabad","Osmanabad","Maharashtra"
"Wagholi","442308","Wardha","Wardha","Maharashtra"
"Waghri Wada Vakola","400055","Mumbai","Mumbai","Maharashtra"
"Wagji Lane","400077","Mumbai","Mumbai","Maharashtra"
"Wagle Indl Estate","400604","Thane","Thane","Maharashtra"
"Wagle Modelagram","400604","Thane","Thane","Maharashtra"
"Wai","431734","Nanded","Wai","Maharashtra"
"Wai","412803","Sholapur","Sholapur","Maharashtra"
"Waigankar Wadi","400025","Mumbai","Mumbai","Maharashtra"
"Waity Wadi","400016","Mumbai","Mumbai","Maharashtra"
"Wakharia Wadi","400014","Mumbai","Mumbai","Maharashtra"
"Walbhat Cross Road","400063","Mumbai","Mumbai","Maharashtra"
"Walbhat Road","400063","Mumbai","Mumbai","Maharashtra"
"Walbhat Wadi","400025","Mumbai","Mumbai","Maharashtra"
"Walbhat Wadi","400028","Mumbai","Mumbai","Maharashtra"
"Walchand Hirachand Marg","400038","Mumbai","Mumbai","Maharashtra"
"Walchandnagar","413114","Pune","Pune","Maharashtra"
"Walgaon","444801","Amraoti","Amraoti","Maharashtra"
"Walji Ladhabhai Road","400080","Mumbai","Mumbai","Maharashtra"
"Walkeshwar Cross Lane","400006","Mumbai","Mumbai","Maharashtra"
"Walmikinagar","400099","Mumbai","Mumbai","Maharashtra"
"Walton Road","400039","Mumbai","Mumbai","Maharashtra"
"Waluj","431133","Aurangabad","Aurangabad","Maharashtra"
"Walwati","402113","Raigarh","Alibag","Maharashtra"
"Waman Sawant Road","400068","Mumbai","Mumbai","Maharashtra"
"Waman Tukaram Patel Marg","400088","Mumbai","Mumbai","Maharashtra"
"Waman Wadi","400080","Mumbai","Mumbai","Maharashtra"
"Wamanrao Bhoir Road","400068","Mumbai","Mumbai","Maharashtra"
"Wani","445304","Yeotamal","Wani","Maharashtra"
"Wani Bazar","445304","Yeotamal","Yeotamal","Maharashtra"
"Wanja Wadi","400016","Mumbai","Mumbai","Maharashtra"
"Wanlesswadi","416414","Sangli","Sangli","Maharashtra"
"Wanowire","411040","Pune","Pune","Maharashtra"
"Warden Road","400036","Mumbai","Mumbai","Maharashtra"
"Wardha H O","442001","Wardha","Wardha","Maharashtra"
"Wardha Maneri","442205","Wardha","Wardha","Maharashtra"
"Wardha Mkt","442001","Wardha","Wardha","Maharashtra"
"Wardha R Tagorenagar","442001","Wardha","Wardha","Maharashtra"
"Wardha Ramnagar","442001","Wardha","Wardha","Maharashtra"
"Warna Vati Vasahat","415415","Sangli","Sangli","Maharashtra"
"Warnanagar","416113","Kolhapur","Kolhapur","Maharashtra"
"Waroda","442907","Chandrapur","Chandrapur","Maharashtra"
"Waroda Road","400050","Mumbai","Mumbai","Maharashtra"
"Warsadi","442916","Chandrapur","Chandrapur","Maharashtra"
"Warud","444906","Amraoti","Warud","Maharashtra"
"Warud Mkt","444906","Amraoti","Amraoti","Maharashtra"
"Washi","402118","Raigarh","Alibag","Maharashtra"
"Washim","444505","Akola","Washim","Maharashtra"
"Washim City","444505","Akola","Akola","Maharashtra"
"Washim Mkt Yard","444505","Akola","Akola","Maharashtra"
"Washind","421604","Thane","Thane","Maharashtra"
"Water Police Line","400038","Mumbai","Mumbai","Maharashtra"
"Water Street","400011","Mumbai","Mumbai","Maharashtra"
"Wathoda Sukleshwar","444815","Amraoti","Amraoti","Maharashtra"
"Wavi","422104","Nashik","Nashik","Maharashtra"
"Wellington Colony","400054","Mumbai","Mumbai","Maharashtra"
"Wellington Gardens","400039","Mumbai","Mumbai","Maharashtra"
"Wellington Sports Club","400034","Mumbai","Mumbai","Maharashtra"
"Wellington Street","400002","Mumbai","Mumbai","Maharashtra"
"West Avenue","400054","Mumbai","Mumbai","Maharashtra"
"West Bapty Road 153-593","400008","Mumbai","Mumbai","Maharashtra"
"West End Watch Company","400001","Mumbai","Mumbai","Maharashtra"
"West Gavthan Road","400056","Mumbai","Mumbai","Maharashtra"
"Western Rly Bridge Dadar","400028","Mumbai","Mumbai","Maharashtra"
"Western Rly Cement Chawls","400034","Mumbai","Mumbai","Maharashtra"
"Western Rly Goods Depot","400038","Mumbai","Mumbai","Maharashtra"
"Western Rly Station Dadar","400028","Mumbai","Mumbai","Maharashtra"
"Western Rly Workers Colon","400038","Mumbai","Mumbai","Maharashtra"
"White Gate","400038","Mumbai","Mumbai","Maharashtra"
"Willington College","416415","Sangli","Sangli","Maharashtra"
"Wilson Road","400038","Mumbai","Mumbai","Maharashtra"
"Windy Hall Lane","400005","Mumbai","Mumbai","Maharashtra"
"Wodehouse Road 48 To 138","400005","Mumbai","Mumbai","Maharashtra"
"Women Graduate Hostel Rd","400005","Mumbai","Mumbai","Maharashtra"
"Women Graduates Union Rd","400005","Mumbai","Mumbai","Maharashtra"
"Wood House Road","400021","Mumbai","Mumbai","Maharashtra"
"Woolen Mills Lane","400016","Mumbai","Mumbai","Maharashtra"
"Woolen Mills Lane","400028","Mumbai","Mumbai","Maharashtra"
"Worli","400018","Mumbai","Mumbai","Maharashtra"
"Worli B D D Chawls","400018","Mumbai","Mumbai","Maharashtra"
"Worli Colony","400018","Mumbai","Mumbai","Maharashtra"
"Worli Hill Estate","400018","Mumbai","Mumbai","Maharashtra"
"Worli Jail Road","400018","Mumbai","Mumbai","Maharashtra"
"Worli Koliwada Village Rd","400025","Mumbai","Mumbai","Maharashtra"
"Worli Naka","400018","Mumbai","Mumbai","Maharashtra"
"Worli Point","400018","Mumbai","Mumbai","Maharashtra"
"Worli Road","400018","Mumbai","Mumbai","Maharashtra"
"Worli Road No 10 To 11","400018","Mumbai","Mumbai","Maharashtra"
"Worli Sea Face Road","400018","Mumbai","Mumbai","Maharashtra"
"Worli Sluice Road","400018","Mumbai","Mumbai","Maharashtra"
"Worli Village","400025","Mumbai","Mumbai","Maharashtra"
"Xavier High School Road","400056","Mumbai","Mumbai","Maharashtra"
"Y M C A Road","400011","Mumbai","Mumbai","Maharashtra"
"Yacoob Coachman Galli Mem","400003","Mumbai","Mumbai","Maharashtra"
"Yadhav Patel Wadi","400025","Mumbai","Mumbai","Maharashtra"
"Yadhavnagar","400102","Mumbai","Mumbai","Maharashtra"
"Yakoob Galli","400003","Mumbai","Mumbai","Maharashtra"
"Yamunabhai Pada","400064","Mumbai","Mumbai","Maharashtra"
"Yaval","425301","Jalgaon","Jalgaon","Maharashtra"
"Yavali","444915","Amraoti","Amraoti","Maharashtra"
"Yawat","412214","Pune","Pune","Maharashtra"
"Yedshi","413405","Osmanabad","Osmanabad","Maharashtra"
"Yekodi","441606","Bhandara","Bhandara","Maharashtra"
"Yelava","416319","Sangli","Sangli","Maharashtra"
"Yeldari","431510","Parbhani","Parbhani","Maharashtra"
"Yellam Ghat","431145","Beed","Beed","Maharashtra"
"Yellow Gate","400038","Mumbai","Mumbai","Maharashtra"
"Yeoda","444706","Amraoti","Amraoti","Maharashtra"
"Yeola","423401","Nashik","Nashik","Maharashtra"
"Yeotmal Awdhutwadi","445001","Yeotamal","Yeotamal","Maharashtra"
"Yeotmal H O","445001","Yeotamal","Yeotamal","Maharashtra"
"Yeotmal Tilakwadi","445001","Yeotamal","Yeotamal","Maharashtra"
"Yeotmal Toron","445001","Yeotamal","Yeotamal","Maharashtra"
"Yermala","413525","Osmanabad","Osmanabad","Maharashtra"
"Yerwada","411006","Pune","Pune","Maharashtra"
"Yerwada Town","411006","Pune","Pune","Maharashtra"
"Yeshwant Nagar","400055","Mumbai","Mumbai","Maharashtra"
"Yeshwant Nagar","400062","Mumbai","Mumbai","Maharashtra"
"Yeshwant Nagar Road 1To4","400062","Mumbai","Mumbai","Maharashtra"
"Yeshwant Tawade Road","400068","Mumbai","Mumbai","Maharashtra"
"Yeshwantnagar","415115","Satara","Satara","Maharashtra"
"Yeshwantnagar Pandharpur","413118","Sholapur","Sholapur","Maharashtra"
"Yoga Institute","400055","Mumbai","Mumbai","Maharashtra"
"Yogakshema P O","400021","Mumbai","Mumbai","Maharashtra"
"Yoginagar Borivli","400092","Mumbai","Mumbai","Maharashtra"
"Yogiraj Ashram","400029","Mumbai","Mumbai","Maharashtra"
"Yusuf Meher Ali Road Masj","400003","Mumbai","Mumbai","Maharashtra"
"Yusuf Meher Ali Road Masj","400009","Mumbai","Mumbai","Maharashtra"
"Zakeria Masjit Street 1-1","400009","Mumbai","Mumbai","Maharashtra"
"Zakeria Road","400064","Mumbai","Mumbai","Maharashtra"
"Zalawad Nagar","400058","Mumbai","Mumbai","Maharashtra"
"Zanda Galli Old Nagpada","400003","Mumbai","Mumbai","Maharashtra"
"Zanjeria Colony Goregaon","400062","Mumbai","Mumbai","Maharashtra"
"Zaoba Wadi","400002","Mumbai","Mumbai","Maharashtra"
"Zari","431540","Parbhani","Parbhani","Maharashtra"
"Zaver Road","400080","Mumbai","Mumbai","Maharashtra"
"Zaveri Baug","400067","Mumbai","Mumbai","Maharashtra"
"Zaveri Bazar","400002","Mumbai","Mumbai","Maharashtra"
"Zhabwala Chowk","400052","Mumbai","Mumbai","Maharashtra"
"Zigzag Road","400050","Mumbai","Mumbai","Maharashtra"
"Zilla Nayalaya","413003","Sholapur","Sholapur","Maharashtra"
"Zorostrain Colony","400007","Mumbai","Mumbai","Maharashtra"
"Zulelal Mandir Marg","400080","Mumbai","Mumbai","Maharashtra"
"Zulilal Mandir Cross Road","400080","Mumbai","Mumbai","Maharashtra"
"Bishenpur","795126","Bishenpur","Bishenpur","Manipur"
"Bishenpur","795126","Chandel","Chandel","Manipur"
"Chakpikarong","795102","Chandel","Chandel","Manipur"
"Chendel","795127","Chandel","Chandel","Manipur"
"Ching Kompong","795158","Senapati","Senapati","Manipur"
"Churachandpur","795128","Churachandpur","Churachandpur","Manipur"
"D M College","795001","Imphal","Imphal","Manipur"
"Gulerthal","795115","Imphal","Imphal","Manipur"
"Hiyangthang","795120","Senapati","Senapati","Manipur"
"Imphal","795001","Imphal","Imphal","Manipur"
"Imphal Bazar","795001","Imphal","Imphal","Manipur"
"J N University","795003","Imphal","Imphal","Manipur"
"Jiribam","795116","Imphal","Jiribam","Manipur"
"K K Prampat","795121","Senapati","Senapati","Manipur"
"Kakching Bazar","795103","Thoubal","Thoubal","Manipur"
"Kalapahar","795122","Senapati","Senapati","Manipur"
"Kangla Tongbi","795151","Senapati","Senapati","Manipur"
"Karong","795106","Senapati","Senapati","Manipur"
"Kongpokpi","795129","Senapati","Senapati","Manipur"
"Lamphelpat","795004","Imphal","Imphal","Manipur"
"Lilong","795130","Thoubal","Thoubal","Manipur"
"Loktak Project","795124","Churachandpur","Churachandpur","Manipur"
"Lumsung","795146","Imphal","Imphal","Manipur"
"Mantripukhri","795002","Imphal","Imphal","Manipur"
"Mao","795150","Senapati","Senapati","Manipur"
"Maram","795105","Senapati","Senapati","Manipur"
"Marjang Imphal","795132","Bishenpur","Bishenpur","Manipur"
"Mayang Imphal","795132","Chandel","Mayang Imphal","Manipur"
"Moirang","795133","BISHENPUR","Moirang","Manipur"
"Moirang","795133","Chandel","Chandel","Manipur"
"Moreh","795131","Chandel","Moreh","Manipur"
"Nambal","795134","Bishenpur","Bishenpur","Manipur"
"Nambol","795134","Chandel","Nambol","Manipur"
"Nungba","795147","Tamenglong","Tamenglong","Manipur"
"Parrel","795135","Chandel","Chandel","Manipur"
"Samdol","795010","Ukhrul","Ukhrul","Manipur"
"Sekmai","795136","Imphal","Imphal","Manipur"
"Singjamaibazar","795137","Imphal","Imphal","Manipur"
"Sugnu","795101","Chandel","Sugnu","Manipur"
"Swombung","795011","Imphal","Imphal","Manipur"
"Tadubi","795104","Senapati","Senapati","Manipur"
"Tamel","795125","Tamenglong","Tamenglong","Manipur"
"Tamenglong","795141","Tamenglong","Tamenglong","Manipur"
"Tengnoupal","795144","Churachandpur","Churachandpur","Manipur"
"Thanlon","795143","Churachandpur","Churachandpur","Manipur"
"Thingat","795139","Churachandpur","Churachandpur","Manipur"
"Thoubal","795138","Thoubal","Thoubal","Manipur"
"Tulihal","795140","Imphal","Imphal","Manipur"
"Tusen","795145","Imphal","Imphal","Manipur"
"Ukhrul","795142","Ukhrul","Ukhrul","Manipur"
"Wongoi","795123","Thoubal","Thoubal","Manipur"
"Araimail","794101","West Khasi Hills","Nongstoin","Meghalaya"
"AssamRifles","793011","East Khasi Hills","Shillong","Meghalaya"
"Baghmara","794102","South Garo Hills","Baghmara","Meghalaya"
"Balat","793106","Jaintia Hills","Jowai","Meghalaya"
"Banasree","793003","East Khasi Hills","Shillong","Meghalaya"
"Barabazar","793002","East Khasi Hills","Shillong","Meghalaya"
"Barapani","793103","East Khasi Hills","Shillong","Meghalaya"
"Barengapara","794103","West Garo Hills","Tura","Meghalaya"
"Bholaganjbazar","793107","East Khasi Hills","Shillong","Meghalaya"
"Bishnupur","793004","East Khasi Hills","Shillong","Meghalaya"
"Burnihat","793101","East Khasi Hills","Shillong","Meghalaya"
"Cherrabazar","793111","East Khasi Hills","Shillong","Meghalaya"
"Cherrapunjee","793108","East Khasi Hills","Cherrapunjee","Meghalaya"
"Dawki","793109","East Khasi Hills","Shillong","Meghalaya"
"Dobasipara","794005","West Garo Hills","Tura","Meghalaya"
"Fulbari","794104","West Garo Hills","Tura","Meghalaya"
"Garobandha","794105","West Garo Hills","Tura","Meghalaya"
"GovernorsCamp","793025","East Khasi Hills","Shillong","Meghalaya"
"HappyValley","793007","East Khasi Hills","Shillong","Meghalaya"
"HindumissionRoad","793002","East Khasi Hills","Shillong","Meghalaya"
"Jaiaw","793002","East Khasi Hills","Jaiaw","Meghalaya"
"Jowai","793150","Jaintia Hills","Jowai","Meghalaya"
"Laban","793004","East Khasi Hills","Shillong","Meghalaya"
"LaitkorPeak","793010","East Khasi Hills","Shillong","Meghalaya"
"Laitumkhrah","793003","East Khasi Hills","Shillong","Meghalaya"
"LowerChandmari","794002","West Garo Hills","Tura","Meghalaya"
"MadanRitting","793021","East Khasi Hills","MadanRitting","Meghalaya"
"Mahendraganj","794106","West Garo Hills","Tura","Meghalaya"
"Mandiparhar","794112","East Garo Hills","Williamnagar","Meghalaya"
"Mandipathar","794112","East Garo Hills","Williamnagar","Meghalaya"
"Mawpat","793012","East Khasi Hills","Shillong","Meghalaya"
"Mawphlang","793121","East Khasi Hills","Shillong","Meghalaya"
"Mawsynram","793113","East Khasi Hills","Shillong","Meghalaya"
"MeghalayaSectt","793001","East Khasi Hills","Shillong","Meghalaya"
"Moirang","793120","East Khasi Hills","Shillong","Meghalaya"
"Motinagar","793003","East Khasi Hills","Shillong","Meghalaya"
"Nangalbibra","794107","East Garo Hills","Williamnagar","Meghalaya"
"Nangalbibra","794107","East Garo Hills","Williamnagar","Meghalaya"
"Nayabunglow","793105","East Khasi Hills","Shillong","Meghalaya"
"Nonglyer","793009","East Khasi Hills","Shillong","Meghalaya"
"Nongpoh","793102","Ri Bhoi ","Nongpoh","Meghalaya"
"Nongstoin","793119","East Khasi Hills","Nongstoin","Meghalaya"
"Nongthymmai","793014","East Khasi Hills","Nongthymmai","Meghalaya"
"Oakland","793001","East Khasi Hills","Shillong","Meghalaya"
"PhudmawriMawlai","793008","East Khasi Hills","Shillong","Meghalaya"
"Pynursla","793110","East Khasi Hills","Shillong","Meghalaya"
"Resubelpara","794108","East Garo Hills","Resubelpara","Meghalaya"
"Resubelpara","794108","East Garo Hills","Resubelpara","Meghalaya"
"Rilbong","793013","East Khasi Hills","Shillong","Meghalaya"
"Rongjeng","794110","East Garo Hills","Williamnagar","Meghalaya"
"Rongjeng","794110","East Garo Hills","Williamnagar","Meghalaya"
"Shella","793112","East Khasi Hills","Shillong","Meghalaya"
"Shillong","793001","East Khasi Hills","Shillong","Meghalaya"
"Simsanggiri","794111","East Garo Hills","Williamnagar","Meghalaya"
"Simsangiri","794111","East Garo Hills","Williamnagar","Meghalaya"
"Sumer","793104","East Khasi Hills","Shillong","Meghalaya"
"Tikrikilla","794109","West Garo Hills","Tura","Meghalaya"
"Tura","794001","West Garo Hills","Tura","Meghalaya"
"Umpling","793006","East Khasi Hills","Shillong","Meghalaya"
"UnionChristianCollege","793122","East Khasi Hills","Shillong","Meghalaya"
"UpperShillong","793005","East Khasi Hills","Shillong","Meghalaya"
"Aibawk","796190","Aizwal","Aizwal","Mizoram"
"Aizawl","796001","Aizwal","Aizwal","Mizoram"
"Bunghmun","796710","Lungleh","Lungleh","Mizoram"
"Champai","796321","Aizwal","Aizwal","Mizoram"
"Chandmari","796007","Aizwal","Aizwal","Mizoram"
"Chawngte","796770","Lawngtlai","Lawngtlai","Mizoram"
"Darlawn","796111","Aizwal","Darlawn","Mizoram"
"Demagiri","796751","Lungleh","Lungleh","Mizoram"
"Deomali","796629","Lungleh","Lungleh","Mizoram"
"Dustlang","796025","Aizwal","Aizwal","Mizoram"
"Hnahthial","796571","Lungleh","Hnahthial","Mizoram"
"Kawnpur","796070","Aizwal","Aizwal","Mizoram"
"Khawzawl","796310","Champhai","Khawzawl","Mizoram"
"Kolasib","796081","Aizwal","Aizwal","Mizoram"
"Kulikawn","796005","Aizwal","Aizwal","Mizoram"
"Lakhicherra","796471","Aizwal","Aizwal","Mizoram"
"Lungdar","796370","Saiha","Saiha","Mizoram"
"Lungdar","796370","Sherchip","Sherchip","Mizoram"
"Lunglei","796701","Lungleh","Lunglei","Mizoram"
"Lungsen","796730","Lungleh","Lungsen","Mizoram"
"Mumit","796441","Aizwal","Aizwal","Mizoram"
"Ngopa","796290","Champhai","Champhai","Mizoram"
"Ramhlun","796012","Aizwal","Aizwal","Mizoram"
"Saiha","796901","Lungleh","Lungleh","Mizoram"
"Sairang","796410","Aizwal","Sairang","Mizoram"
"Saitual","796261","Aizwal","Saitual","Mizoram"
"Serchhip","796181","Aizwal","Serchhip","Mizoram"
"Serchip","796181","Sherchip","Sherchip","Mizoram"
"Sialsuk","796230","Aizwal","Aizwal","Mizoram"
"Sihphir","796031","Kolasib","Kolasib","Mizoram"
"Thingsulthliah","796161","Aizwal","Aizwal","Mizoram"
"Thingsulthliah","796161","Sherchip","Sherchip","Mizoram"
"Tlaingnuam","796015","Aizwal","Aizwal","Mizoram"
"Vairengte","796101","Aizwal","Vairengte","Mizoram"
"Vaivakaan","796009","Aizwal","Aizwal","Mizoram"
"Zemabawk","796017","Aizwal","Aizwal","Mizoram"
"Zotlang","796691","Lungleh","Lungleh","Mizoram"
"Aghunoto","798626","Zunehboto","Zunehboto","Nagaland"
"Akolato","798619","Zunehboto","Zunehboto","Nagaland"
"Atoizu","798627","Zunehboto","Zunehboto","Nagaland"
"Birema","797101","Kohima","Kohima","Nagaland"
"Changtongia","798613","Mokokchung","Mokokchung","Nagaland"
"Chazouba","797104","Phek","Phek","Nagaland"
"Cheichema","797105","Kohima","Kohima","Nagaland"
"Chizami","797102","Phek","Phek","Nagaland"
"Chuchyemlong","798614","Mokokchung","Mokokchung","Nagaland"
"Chukitong","798631","Wokha","Chukitong","Nagaland"
"Chumukhedima","797103","Kohima","Chumukhedima","Nagaland"
"Circular Road","797112","Dimapur","Dimapur","Nagaland"
"Dimapur","797112","Dimapur","Dimapur","Nagaland"
"Dimapur Bazar","797112","Dimapur","Dimapur","Nagaland"
"Ghaspani","797106","Kohima","Kohima","Nagaland"
"Impur","798615","Mokokchung","Mokokchung","Nagaland"
"Kiphira","798611","Tuengsang","Tuengsang","Nagaland"
"Kobulong","798630","Mokokchung","Mokokchung","Nagaland"
"Kohima","797001","Kohima","Kohima","Nagaland"
"Kohima Pwd","797001","Kohima","Kohima","Nagaland"
"Longkhim","798616","Tuengsang","Tuengsang","Nagaland"
"Meraring","798628","Mokokchung","Mokokchung","Nagaland"
"Mokokchung","798601","Mokokchung","Mokokchung","Nagaland"
"Mon","798621","Mon","Mon","Nagaland"
"Naginamara","798622","Mokokchung","Mokokchung","Nagaland"
"Ongpangkong","798617","Mokokchung","Mokokchung","Nagaland"
"Paper Nagar Tuli","798623","Mokokchung","Mokokchung","Nagaland"
"Pfutserro","797107","Phek","Phek","Nagaland"
"Phek","797108","Phek","Phek","Nagaland"
"Pherima","797122","Kohima","Kohima","Nagaland"
"Piphema","797121","Kohima","Kohima","Nagaland"
"Rangapahar","797123","Kohima","Kohima","Nagaland"
"Sugar Mill Project","797124","Kohima","Kohima","Nagaland"
"Sungra","798632","Mokokchung","Mokokchung","Nagaland"
"Sutakha","798629","Zunehboto","Zunehboto","Nagaland"
"Tseminyu","797109","Kohima","Kohima","Nagaland"
"Tuensang","798612","Tuengsang","Tuengsang","Nagaland"
"Tuli","798618","Mokokchung","Mokokchung","Nagaland"
"Viswama","797127","Kohima","Kohima","Nagaland"
"Wokha","797111","Kohima","Wokha","Nagaland"
"Zakhama","797125","Kohima","Kohima","Nagaland"
"Zalukei","797110","Kohima","Kohima","Nagaland"
"Zubza","797126","Kohima","Kohima","Nagaland"
"Zunheboto","798620","Zunehboto","Zunehboto","Nagaland"
"A G Office","751001","Puri","Puri","Orissa"
"Acharya Vihar","751004","Puri","Puri","Orissa"
"Ada","756134","Baleshwar","Baleshwar","Orissa"
"Adaspur","754011","Cuttack","Cuttack","Orissa"
"Adhuan","756140","Baleshwar","Baleshwar","Orissa"
"Agalpur","767022","Bolangir","Bolangir","Orissa"
"Agalpur","768047","Sambalpur","Sambalpur","Orissa"
"Agrahat","754070","Cuttack","Cuttack","Orissa"
"Ahiyas","755036","Cuttack","Cuttack","Orissa"
"Ainlapada","768219","Sambalpur","Sambalpur","Orissa"
"Ainthapali","768004","Sambalpur","Sambalpur","Orissa"
"Akhuapada","756122","Baleshwar","Baleshwar","Orissa"
"Alanahat","754107","Cuttack","Cuttack","Orissa"
"Alba","754217","Cuttack","Cuttack","Orissa"
"Alind Colony Hirakud","768016","Sambalpur","Sambalpur","Orissa"
"Amarda","757055","Mayurbhanj","Baripara","Orissa"
"Amarda Road","756030","Baleshwar","Baleshwar","Orissa"
"Ambabhona","768031","Sambalpur","Sambalpur","Orissa"
"Ambadola","765021","Koraput","Koraput","Orissa"
"Ambaguda","764055","Naupada","Naupada","Orissa"
"Ambikasahi","757001","Mayurbhanj","Baripara","Orissa"
"Ampani","766028","Kalahandi","Kalahandi","Orissa"
"Amruta Manohi","754238","Cuttack","Cuttack","Orissa"
"Amsena","766109","Kalahandi","Kalahandi","Orissa"
"Anakhia","754102","Jagatsinghapur","Jagatsinghapur","Orissa"
"Analabereni","759026","Dhenkanal","Dhenkanal","Orissa"
"Anandapur","758021","Kendujhar","Anandapur","Orissa"
"Anantapur","756046","Baleshwar","Baleshwar","Orissa"
"Anchalgumma","764069","Koraput","Koraput","Orissa"
"Anduli","754233","Cuttack","Cuttack","Orissa"
"Angalo","755035","Cuttack","Cuttack","Orissa"
"Angul","759122","Bargarh","Bargarh","Orissa"
"Angul Bazar","759122","Dhenkanal","Dhenkanal","Orissa"
"Angulai","754232","Cuttack","Cuttack","Orissa"
"Ankula","755001","Cuttack","Cuttack","Orissa"
"Anladuva","757043","Mayurbhanj","Baripara","Orissa"
"Antei","754154","Cuttack","Cuttack","Orissa"
"Arad","756138","Baleshwar","Baleshwar","Orissa"
"Arei","755027","Cuttack","Cuttack","Orissa"
"Arnapal","756116","Baleshwar","Baleshwar","Orissa"
"Arsa","756139","Baleshwar","Baleshwar","Orissa"
"Arunodaya Market","753012","Cuttack","Cuttack","Orissa"
"Ashoka Nagar","751009","Puri","Puri","Orissa"
"Aska","761110","Ganjam","Chatrapur","Orissa"
"Aska College Square","761111","Ganjam","Chatrapur","Orissa"
"Aska Junction","761110","Ganjam","Chatrapur","Orissa"
"Astrang","752109","Puri","Puri","Orissa"
"Asurabandha","761151","Ganjam","Chatrapur","Orissa"
"Asurali","756137","Baleshwar","Baleshwar","Orissa"
"Asureswar","754209","Cuttack","Cuttack","Orissa"
"Athagarh Patna","761044","Ganjam","Chatrapur","Orissa"
"Athgarh","754029","Cuttack","Cuttack","Orissa"
"Athgarh Bazar","754029","Cuttack","Cuttack","Orissa"
"Athgarh College","754029","Cuttack","Cuttack","Orissa"
"Athmallik","759125","Dhenkanal","Athmallik","Orissa"
"Attabira","768027","Sambalpur","Sambalpur","Orissa"
"Aul","754219","Cuttack","Cuttack","Orissa"
"Avana","756051","Baleshwar","Baleshwar","Orissa"
"Ayaba","754230","Cuttack","Cuttack","Orissa"
"Ayatan","754237","Kendrapara","Kendrapara","Orissa"
"Azimabad","756001","Baleshwar","Baleshwar","Orissa"
"B J B Nagar","751014","Puri","Puri","Orissa"
"Badadanda Sahi","761119","Ganjam","Chatrapur","Orissa"
"Badadandasahi","761118","Anugul","Anugul","Orissa"
"Badakemundi Street","760001","Ganjam","Chatrapur","Orissa"
"Badakhamar","759036","Dhenkanal","Dhenkanal","Orissa"
"Badakharida","761041","Ganjam","Chatrapur","Orissa"
"Badakodanda","761125","Ganjam","Chatrapur","Orissa"
"Badampahar","757047","Mayurbhanj","Baripara","Orissa"
"Badamundai","754281","Cuttack","Cuttack","Orissa"
"Badasualo","759039","Dhenkanal","Dhenkanal","Orissa"
"Badjod","757078","Mayurbhanj","Baripara","Orissa"
"Bagdehi","768220","Sambalpur","Sambalpur","Orissa"
"Bagdia","759141","Dhenkanal","Dhenkanal","Orissa"
"Baghamari","752061","Puri","Puri","Orissa"
"Baghiabahal","762030","Baudh","Baudh","Orissa"
"Baghra Road","757001","Mayurbhanj","Baripara","Orissa"
"Bahadajhola","752082","Puri","Puri","Orissa"
"Bahadurbagichapara","766001","Kalahandi","Kalahandi","Orissa"
"Bahadurpetta","760032","Ganjam","Chatrapur","Orissa"
"Bahalda","757046","Mayurbhanj","Baripara","Orissa"
"Bahalda Road R S","757054","Mayurbhanj","Baripara","Orissa"
"Bahanada","757104","Mayurbhanj","Baripara","Orissa"
"Bahanaga","756042","Baleshwar","Baleshwar","Orissa"
"Baideswar","754017","Cuttack","Cuttack","Orissa"
"Baidyanathpur","760004","Baudh","Baudh","Orissa"
"Bainsaria","755021","Cuttack","Cuttack","Orissa"
"Bairoi","754010","Cuttack","Cuttack","Orissa"
"Baisinga","757028","Mayurbhanj","Baripara","Orissa"
"Baji Chowk","759001","Dhenkanal","Dhenkanal","Orissa"
"Bajpur","752060","Puri","Puri","Orissa"
"Balanda","759116","Debagarh","Debagarh","Orissa"
"Balanga","752105","Anugul","Anugul","Orissa"
"Balangir","767001","Rayagada","Balangir","Orissa"
"Balangir Court","767001","Bolangir","Balangir","Orissa"
"Balangir R S","767001","Bolangir","Balangir","Orissa"
"Balaramgadi","756057","Baleshwar","Baleshwar","Orissa"
"Balarampur","759034","Anugul","Anugul","Orissa"
"Balasore","756001","Baleshwar","Baleshwar","Orissa"
"Balasore Court","756001","Baleshwar","Baleshwar","Orissa"
"Balasore R S","756001","Baleshwar","Baleshwar","Orissa"
"Balianta","752101","Kordha","Kordha","Orissa"
"Baliapal","756026","Baleshwar","Baleshwar","Orissa"
"Baliapal","756026","Baleshwar","Baleshwar","Orissa"
"Balichandrapur","754205","Cuttack","Cuttack","Orissa"
"Balikanagopalpur","754235","Cuttack","Cuttack","Orissa"
"Balikhand","756166","Baleshwar","Baleshwar","Orissa"
"Balikhand Chakratirsh","752002","Puri","Puri","Orissa"
"Balikuda","754108","Cuttack","Cuttack","Orissa"
"Balimela","764051","Koraput","Balimela","Orissa"
"Balimi","759020","Dhenkanal","Dhenkanal","Orissa"
"Balipantna","752102","Puri","Puri","Orissa"
"Baliparbat","758033","Kendujhar","Kendujhar","Orissa"
"Balipatna","754241","Kordha","Kordha","Orissa"
"Balisahi","752001","Puri","Puri","Orissa"
"Balisankara","770015","Sundargarh","Sundargarh","Orissa"
"Balliguda","762103","Kandhamal","Kandhamal","Orissa"
"Ballipada","761054","Ganjam","Chatrapur","Orissa"
"Ballipadar","761117","Ganjam","Chatrapur","Orissa"
"Balugaon","752030","Kordha","Balugaon","Orissa"
"Balugaon","752095","Kordha","Balugaon","Orissa"
"Balugaon Bazar","752030","Puri","Balugaon","Orissa"
"Bamanal","752121","Puri","Puri","Orissa"
"Bamdevpur","755038","Cuttack","Cuttack","Orissa"
"Bamra","768221","Sambalpur","Sambalpur","Orissa"
"Bamra Basti","768221","Sambalpur","Sambalpur","Orissa"
"Bamunigaon","762021","Kandhamal","Kandhamal","Orissa"
"Bamur","759133","Anugul","Anugul","Orissa"
"Banaikela","758038","Kendujhar","Kendujhar","Orissa"
"Banarpal","759128","Dhenkanal","Dhenkanal","Orissa"
"Bandadevipatna","761104","Ganjam","Chatrapur","Orissa"
"Bandhamamidi","764054","Koraput","Koraput","Orissa"
"Bandhamamidi","764056","Koraput","Koraput","Orissa"
"Bandhugaon","764027","Cuttack","Cuttack","Orissa"
"Banganmura","767040","Bolangir","Bolangir","Orissa"
"Bangiriposi","757032","Mayurbhanj","Baripara","Orissa"
"Bangurigaon","752118","Puri","Puri","Orissa"
"Banigochha","752089","Puri","Puri","Orissa"
"Bankeswar","754247","Cuttack","Cuttack","Orissa"
"Banki","754008","Cuttack","Banki","Orissa"
"Banki Bazar","770046","Sundargarh","Sundargarh","Orissa"
"Banki College","754008","Cuttack","Cuttack","Orissa"
"Banmalipur","752103","Puri","Puri","Orissa"
"Banpur","752031","Puri","Puri","Orissa"
"Banspal","758072","Kendujhar","Kendujhar","Orissa"
"Bant","756114","Baleshwar","Baleshwar","Orissa"
"Bantala","759129","Anugul","Anugul","Orissa"
"Bapuji Nagar","751009","Puri","Puri","Orissa"
"Barabati Stadium","753005","Cuttack","Cuttack","Orissa"
"Barachana","754081","Cuttack","Cuttack","Orissa"
"Baragaon","761137","Ganjam","Chatrapur","Orissa"
"Baragarh Bazar","768028","Sambalpur","Sambalpur","Orissa"
"Baragarh Court","768028","Sambalpur","Sambalpur","Orissa"
"Baragarh Katapali","768046","Sambalpur","Sambalpur","Orissa"
"Baragarh Panchayat Colleg","768028","Sambalpur","Sambalpur","Orissa"
"Baragarh Road R S","768028","Sambalpur","Sambalpur","Orissa"
"Baraipali","768150","Sambalpur","Sambalpur","Orissa"
"Barambagarh","754031","Cuttack","Cuttack","Orissa"
"Baramunda Colony","751003","Puri","Puri","Orissa"
"Barang","754005","Cuttack","Cuttack","Orissa"
"Barbati","756003","Nayagarh","Nayagarh","Orissa"
"Barbazar","768001","Sambalpur","Sambalpur","Orissa"
"Barbil","758035","Kendujhar","Barbil","Orissa"
"Barbil Bazar","758035","Kendujhar","Barbil","Orissa"
"Bardol","768038","Sambalpur","Sambalpur","Orissa"
"Bargaon","761120","Ganjam","Chatrapur","Orissa"
"Bargaon","766117","Kalahandi","Kalahandi","Orissa"
"Bargaon","770016","Sundargarh","Sundargarh","Orissa"
"Bargarh","768028","Sambalpur","Sambalpur","Orissa"
"Barhat Trilochanpur","756115","Baleshwar","Baleshwar","Orissa"
"Bari Cuttack","755003","Cuttack","Cuttack","Orissa"
"Barigumma","764056","Koraput","Koraput","Orissa"
"Barikpur Bazar","756112","Baleshwar","Baleshwar","Orissa"
"Baripada","757001","Mayurbhanj","Baripara","Orissa"
"Baripada","757002","Mayurbhanj","Baripara","Orissa"
"Baripada Bazar","757001","Mayurbhanj","Baripara","Orissa"
"Baripada Court","757001","Mayurbhanj","Baripara","Orissa"
"Baripada Hospital","757001","Mayurbhanj","Baripara","Orissa"
"Baripada Municipal Market","757001","Mayurbhanj","Baripara","Orissa"
"Baripada R S","757001","Mayurbhanj","Baripara","Orissa"
"Barkhama","762110","Kandhamal","Kandhamal","Orissa"
"Barkote","768110","Debagarh","Debagarh","Orissa"
"Barpada","756113","Baleshwar","Baleshwar","Orissa"
"Barpali","768029","Sambalpur","Sambalpur","Orissa"
"Barpali Bazar","768029","Sambalpur","Sambalpur","Orissa"
"Barpara","754245","Cuttack","Cuttack","Orissa"
"Barsahi","757026","Mayurbhanj","Baripara","Orissa"
"Barsuan","770041","Sundargarh","Sundargarh","Orissa"
"Barua","754251","Cuttack","Cuttack","Orissa"
"Barundai","755025","Cuttack","Cuttack","Orissa"
"Basantia","756144","Baleshwar","Baleshwar","Orissa"
"Basipitha","757074","Mayurbhanj","Baripara","Orissa"
"Basta","756029","Baleshwar","Baleshwar","Orissa"
"Basta","756029","Baleshwar","Baleshwar","Orissa"
"Bastingia","762025","Kandhamal","Phulbani","Orissa"
"Basudebpur","752013","Puri","Basudebpur","Orissa"
"Basudevpur","756125","Baleshwar","Baleshwar","Orissa"
"Basudevpur College","756125","Baleshwar","Baleshwar","Orissa"
"Batasana","764060","Koraput","Koraput","Orissa"
"Batipara","754218","Kendrapara","Kendrapara","Orissa"
"Baulpur","759031","Dhenkanal","Dhenkanal","Orissa"
"Baunsuni","762015","Baudh","Baudh","Orissa"
"Bedari","754253","Cuttack","Cuttack","Orissa"
"Begunia","752062","Puri","Puri","Orissa"
"Beguniapada","761031","Ganjam","Chatrapur","Orissa"
"Behera","766115","Kalahandi","Kalahandi","Orissa"
"Belgaon","767047","Naupada","Naupada","Orissa"
"Belgaria","757002","Mayurbhanj","Baripara","Orissa"
"Bellguntha","761119","Ganjam","Chatrapur","Orissa"
"Belpahar","768218","Jharsuguda","Belpahar","Orissa"
"Belpahar R S","768217","Jharsuguda","Belpahar","Orissa"
"Belpara","767026","Bolangir","Bolangir","Orissa"
"Bentkar","754112","Cuttack","Cuttack","Orissa"
"Berboi","752016","Puri","Puri","Orissa"
"Berhampur","760001","Ganjam","Chatrapur","Orissa"
"Berhampur","760007","Ganjam","Chatrapur","Orissa"
"Berhampur 10","760010","Ganjam","Chatrapur","Orissa"
"Berhampur City","760002","Ganjam","Chatrapur","Orissa"
"Berhampur Industrial Este","760008","Ganjam","Chatrapur","Orissa"
"Berumphur HO","760001","Baleshwar","Baleshwar","Orissa"
"Betada","756168","Baleshwar","Baleshwar","Orissa"
"Betnoti","757025","Mayurbhanj","Baripara","Orissa"
"Bhadrak R S","756101","Baleshwar","Baleshwar","Orissa"
"Bhadrasahi","758051","Kendujhar","Kendujhar","Orissa"
"Bhagabatpur","754234","Cuttack","Cuttack","Orissa"
"Bhagamunda","758080","Kendujhar","Kendujhar","Orissa"
"Bhainsa","767048","Bolangir","Bolangir","Orissa"
"Bhairabasinghpur","764057","Koraput","Koraput","Orissa"
"Bhanaranijigarh","752117","Puri","Puri","Orissa"
"Bhandanipokhari","756120","Baleshwar","Baleshwar","Orissa"
"Bhanj Bazar","761126","Ganjam","Chatrapur","Orissa"
"Bhanj Marg","761126","Ganjam","Chatrapur","Orissa"
"Bhanja Nagar","761126","Ganjam","Chatrapur","Orissa"
"Bhanjapur","757002","Mayurbhanj","Baripara","Orissa"
"Bhanjnagar College","761127","Ganjam","Chatrapur","Orissa"
"Bhapur","759015","Kordha","Kordha","Orissa"
"Bhapur","752063","Kordha","Kordha","Orissa"
"Bhapur Bazar","760001","Ganjam","Chatrapur","Orissa"
"Bhasma","770025","Sundargarh","Sundargarh","Orissa"
"Bhatapatna","752115","Puri","Puri","Orissa"
"Bhatimunda","754080","Cuttack","Cuttack","Orissa"
"Bhatipara","767042","Bolangir","Bolangir","Orissa"
"Bhatkumarda","761003","Ganjam","Chatrapur","Orissa"
"Bhatli","768030","Sambalpur","Sambalpur","Orissa"
"Bhaunriabad","756055","Baleshwar","Baleshwar","Orissa"
"Bhawanipatna","766001","Kalahandi","Bhawanipatna","Orissa"
"Bhawanipatna","766001","Kalahandi","Bhawanipatna","Orissa"
"Bhawanipatna","766117","Kalahandi","Kalahandi","Orissa"
"Bhawanipatna Clg Square","766001","Kalahandi","Bhawanipatna","Orissa"
"Bhawanipatna Stadium","766001","Kalahandi","Bhawanipatna","Orissa"
"Bhedabahal","770026","Sundargarh","Sundargarh","Orissa"
"Bheden","768104","Sambalpur","Sambalpur","Orissa"
"Bhejiput","761127","Ganjam","Chatrapur","Orissa"
"Bhetnoi","761116","Ganjam","Chatrapur","Orissa"
"Bhimda","757083","Mayurbhanj","Baripara","Orissa"
"Bhogarai","756038","Baleshwar","Baleshwar","Orissa"
"Bhoinagar","751007","Puri","Puri","Orissa"
"Bhojpur","768223","Sambalpur","Sambalpur","Orissa"
"Bhuban","759017","Dhenkanal","Bhuban","Orissa"
"Bhubaneswar","751001","Puri","Bhubaneswar","Orissa"
"Bhubaneswar Air Port","751009","Puri","Bhubaneswar","Orissa"
"Bhubaneswar G P O","751001","Puri","Bhubaneswar","Orissa"
"Bhubaneswar R S","751001","Puri","Bhubaneswar","Orissa"
"Bhubanipur","752106","Puri","Puri","Orissa"
"Bhuinpur","754239","Cuttack","Cuttack","Orissa"
"Bhukta","768045","Sambalpur","Sambalpur","Orissa"
"Bhusandpur","752036","Puri","Puri","Orissa"
"Bidanasi","753008","Cuttack","Cuttack","Orissa"
"Bidyadharpur","756161","Jajapur  ","Panikoii","Orissa"
"Bidyadharpur","764001","Jajapur  ","Panikoii","Orissa"
"Bijatala","757048","Mayurbhanj","Baripara","Orissa"
"Bijaya Ramchandrapur","757002","Mayurbhanj","Baripara","Orissa"
"Bijeipur","768032","Sambalpur","Sambalpur","Orissa"
"Bijipur","760001","Ganjam","Chatrapur","Orissa"
"Bikrampur","764062","Gajapati","Parlakhemundi","Orissa"
"Binjharpur","755004","Cuttack","Cuttack","Orissa"
"Binka","767019","Bolangir","Bolangir","Orissa"
"Binodbihari","753002","Cuttack","Cuttack","Orissa"
"Bira Ramchandrapur","752042","Puri","Puri","Orissa"
"Biranarsinghpur","762024","Kandhamal","Kandhamal","Orissa"
"Biridi Road","754111","Cuttack","Cuttack","Orissa"
"Birmaharajpur","767018","Bolangir","Bolangir","Orissa"
"Birmitrapur","770033","Sundargarh","Sundargarh","Orissa"
"Birsurendra Sai Nagar","768001","Sambalpur","Sambalpur","Orissa"
"Birtung","752116","Puri","Puri","Orissa"
"Bisoi","757033","Mayurbhanj","Baripara","Orissa"
"Bisra","770036","Sundargarh","Sundargarh","Orissa"
"Bisra Road","770036","Sundargarh","Sundargarh","Orissa"
"Bissam Cuttack","765019","Koraput","Koraput","Orissa"
"Bissamgiri","761055","Ganjam","Chatrapur","Orissa"
"Biswanathpur","766020","Kalahandi","Kalahandi","Orissa"
"Bodagada","761109","Ganjam","Chatrapur","Orissa"
"Boden","766111","Naupada","Naupada","Orissa"
"Bodhpur","754158","Cuttack","Cuttack","Orissa"
"Boipariguda","764043","Koraput","Koraput","Orissa"
"Bolagarh","752066","Kordha","Kordha","Orissa"
"Bolani","758037","Kendujhar","Kendujhar","Orissa"
"Bomkei","761042","Ganjam","Chatrapur","Orissa"
"Bonaigarth","770038","Sundargarh","Sundargarh","Orissa"
"Bondamunda","770032","Sundargarh","Sundargarh","Orissa"
"Borda","767036","Bolangir","Bolangir","Orissa"
"Borikina","754110","Cuttack","Cuttack","Orissa"
"Boudh Court","762014","Kandhamal","Kandhamal","Orissa"
"Boudh Nagar","762014","Kandhamal","Kandhamal","Orissa"
"Boudhraj","762014","Kandhamal","Kandhamal","Orissa"
"Brahmabarada","755005","Cuttack","Cuttack","Orissa"
"Brahmagiri","752011","Puri","Puri","Orissa"
"Brahmakundi","752113","Puri","Puri","Orissa"
"Brahmangaon","756165","Baleshwar","Baleshwar","Orissa"
"Brahmansailo","754018","Cuttack","Cuttack","Orissa"
"Brajakabati Road","753001","Cuttack","Cuttack","Orissa"
"Brajaraj Nagar","768216","Sambalpur","Sambalpur","Orissa"
"Brundabanchandrapur","757087","Mayurbhanj","Baripara","Orissa"
"Budhapank","759139","Dhenkanal","Dhenkanal","Orissa"
"Budharaja","768004","Sambalpur","Sambalpur","Orissa"
"Budheswari Colony","751006","Puri","Puri","Orissa"
"Buguda","761118","Ganjam","Buguda","Orissa"
"Burla","768017","Sambalpur","Burla","Orissa"
"Burla","768018","Sambalpur","Burla","Orissa"
"Burupada","761134","Ganjam","Chatrapur","Orissa"
"Bus Stand","761018","Ganjam","Chatrapur","Orissa"
"Byree","754082","Jajapur  ","Panikoii","Orissa"
"C G Colony","751001","Puri","Puri","Orissa"
"C R P Line","751011","Puri","Puri","Orissa"
"C T D Bureau","770033","Sundargarh","Sundargarh","Orissa"
"Cantonment Road","753001","Cuttack","Cuttack","Orissa"
"Central Rice Research","753003","Cuttack","Cuttack","Orissa"
"Chainpal Colony","759104","Dhenkanal","Dhenkanal","Orissa"
"Chak Barhapur","756054","Baleshwar","Baleshwar","Orissa"
"Chak Jagannathpur","756053","Baleshwar","Baleshwar","Orissa"
"Chakapada","762028","Kandhamal","Kandhamal","Orissa"
"Chamakpur","758053","Kendujhar","Kendujhar","Orissa"
"Champua","758041","Kendujhar","Champua","Orissa"
"Chandahandi","764077","Koraput","Koraput","Orissa"
"Chandaka","754015","Cuttack","Cuttack","Orissa"
"Chandanbhati","767065","Bolangir","Bolangir","Orissa"
"Chandanpur","757071","Mayurbhanj","Baripara","Orissa"
"Chandbali","756133","Baleshwar","Baleshwar","Orissa"
"Chandbali Bazar","756133","Baleshwar","Baleshwar","Orissa"
"Chandikhol","755044","Cuttack","Cuttack","Orissa"
"Chandipur","756025","Baleshwar","Baleshwar","Orissa"
"Chandipur","756025","Baleshwar","Baleshwar","Orissa"
"Chandnichouk","753002","Cuttack","Cuttack","Orissa"
"Chandol","754208","Cuttack","Cuttack","Orissa"
"Chandpur","752024","Jagatsinghapur","Jagatsinghapur","Orissa"
"Chandra Sekhar Prasad","764083","Koraput","Koraput","Orissa"
"Chandragiri","761017","Rayagada","Rayagada","Orissa"
"Chandua Ashram","757014","Mayurbhanj","Baripara","Orissa"
"Charampa","756101","Baleshwar","Baleshwar","Orissa"
"Charbahal","766017","Kalahandi","Kalahandi","Orissa"
"Charbatia","754028","Cuttack","Cuttack","Orissa"
"Charinangal","754292","Cuttack","Cuttack","Orissa"
"Charirakaba","754280","Cuttack","Cuttack","Orissa"
"Charmal","768117","Sambalpur","Sambalpur","Orissa"
"Chasapara","754027","Cuttack","Cuttack","Orissa"
"Chatra","754103","Cuttack","Cuttack","Orissa"
"Chatrapur","761020","Ganjam","Chatrapur","Orissa"
"Chatrapur Bazar","761020","Ganjam","Chatrapur","Orissa"
"Chattahandi","764083","Koraput","Koraput","Orissa"
"Chaudkulat","754222","Cuttack","Cuttack","Orissa"
"Chaudwar","754025","Cuttack","Cuttack","Orissa"
"Chaudwar Bazar","754025","Cuttack","Cuttack","Orissa"
"Chhatia","754023","Jajapur  ","Panikoii","Orissa"
"Chhatra Bazar","753012","Cuttack","Cuttack","Orissa"
"Chhendipada","759124","Dhenkanal","Dhenkanal","Orissa"
"Chikati","761010","Ganjam","Chatrapur","Orissa"
"Chilika Nuapada","752033","Puri","Puri","Orissa"
"Chiplima","768026","Sambalpur","Sambalpur","Orissa"
"Chitrada","757018","Mayurbhanj","Baripara","Orissa"
"Chitrakonda","764052","Koraput","Koraput","Orissa"
"Choudhury Bazar","753001","Cuttack","Cuttack","Orissa"
"Churamani","756136","Baleshwar","Baleshwar","Orissa"
"Churapalli","767024","Bolangir","Bolangir","Orissa"
"Civil Township","769012","Sundargarh","Sundargarh","Orissa"
"Collectorate","766002","Kalahandi","Kalahandi","Orissa"
"College Square","767001","Bolangir","Bolangir","Orissa"
"College Square Cuttack-3","753003","Cuttack","Cuttack","Orissa"
"Contractorpada","762001","Kandhamal","Kandhamal","Orissa"
"Courtpeta","760004","Ganjam","Chatrapur","Orissa"
"Cuttack G P O","753001","Cuttack","Cuttack","Orissa"
"D A G Office","752002","Puri","Puri","Orissa"
"D K College","756084","Baleshwar","Baleshwar","Orissa"
"D P Camp Sunabeda-3","763003","Koraput","Koraput","Orissa"
"Dabugaon","764072","Koraput","Koraput","Orissa"
"Dagarpada","753002","Jajapur  ","Panikoii","Orissa"
"Dahamunda","756079","Baleshwar","Baleshwar","Orissa"
"Daily Market","769001","Sundargarh","Sundargarh","Orissa"
"Dakhinbad","756117","Baleshwar","Baleshwar","Orissa"
"Dala","755048","Cuttack","Cuttack","Orissa"
"Damanjodi","763008","Koraput","Damanjodi","Orissa"
"Damarpur","754226","Cuttack","Cuttack","Orissa"
"Dandamukundpur","752112","Puri","Puri","Orissa"
"Dandika","756074","Baleshwar","Baleshwar","Orissa"
"Dandisahi","754240","Kendrapara","Kendrapara","Orissa"
"Dangadi","755026","Cuttack","Cuttack","Orissa"
"Danganerbheja","764078","Koraput","Koraput","Orissa"
"Danpur","754210","Cuttack","Cuttack","Orissa"
"Darada","756022","Baleshwar","Baleshwar","Orissa"
"Dargha Bazar","753001","Cuttack","Cuttack","Orissa"
"Daringabadi","762104","Kandhamal","Kandhamal","Orissa"
"Dasarathpur","755006","Cuttack","Cuttack","Orissa"
"Dasmanthupur","765028","Koraput","Koraput","Orissa"
"Daspalla","752084","Puri","Puri","Orissa"
"Daulatabad","754026","Cuttack","Cuttack","Orissa"
"Debabhumi","761135","Ganjam","Chatrapur","Orissa"
"Debidol","754109","Jagatsinghapur","Jagatsinghapur","Orissa"
"Debidwar","755007","Cuttack","Cuttack","Orissa"
"Dehurda","756036","Baleshwar","Baleshwar","Orissa"
"Delang","752015","Puri","Puri","Orissa"
"Dengibhadi","770001","Sundargarh","Sundargarh","Orissa"
"Deobhog","766016","Kalahandi","Kalahandi","Orissa"
"Deogaon","767029","Bolangir","Bolangir","Orissa"
"Deogaon","768054","Sambalpur","Sambalpur","Orissa"
"Deogarh","768108","Sambalpur","Sambalpur","Orissa"
"Deoli","757021","Mayurbhanj","Baripara","Orissa"
"Dera Colliary","759103","Dhenkanal","Dhenkanal","Orissa"
"Derabis","754289","Cuttack","Cuttack","Orissa"
"Deulasahi","757001","Kendrapara","Kendrapara","Orissa"
"Deulbera Colliery","759102","Dhenkanal","Dhenkanal","Orissa"
"Dhakota","758049","Kendujhar","Kendujhar","Orissa"
"Dhalpur","759032","Dhenkanal","Dhenkanal","Orissa"
"Dham Nagar","756117","Baleshwar","Baleshwar","Orissa"
"Dhama","768113","Sambalpur","Sambalpur","Orissa"
"Dhanmandal","754024","Jajapur  ","Panikoii","Orissa"
"Dhanurjayapur","758078","Kendujhar","Kendujhar","Orissa"
"Dharakote","761107","Ganjam","Chatrapur","Orissa"
"Dharamgarh","766015","Kalahandi","Kalahandi","Orissa"
"Dharamgarh Market","766015","Kalahandi","Kalahandi","Orissa"
"Dharamshala","755008","Cuttack","Cuttack","Orissa"
"Dhenkanal","759001","Dhenkanal","Dhenkanal","Orissa"
"Dhenkanal College","759001","Dhenkanal","Dhenkanal","Orissa"
"Dhenkanal R S","759013","Dhenkanal","Dhenkanal","Orissa"
"Dhenkikote","758029","Kendujhar","Kendujhar","Orissa"
"Dhusuri","756119","Bhadrak","Bhadrak","Orissa"
"Digapahandi","761012","Ganjam","Digapahandi","Orissa"
"Digapahandi Tahasil","761021","Ganjam","Chatrapur","Orissa"
"Dolamundai","753001","Cuttack","Cuttack","Orissa"
"Dolasahi","756127","Baleshwar","Baleshwar","Orissa"
"Dolipur","755019","Cuttack","Cuttack","Orissa"
"Dompara","754007","Cuttack","Cuttack","Orissa"
"Duajhat","766118","Kalahandi","Kalahandi","Orissa"
"Duduka","767061","Bolangir","Bolangir","Orissa"
"Dukuru","757075","Mayurbhanj","Baripara","Orissa"
"Dumabhata","767050","Bolangir","Bolangir","Orissa"
"Dungri","768041","Sambalpur","Sambalpur","Orissa"
"Dungriline","765028","Koraput","Koraput","Orissa"
"Dungripalli","767023","Bolangir","Bolangir","Orissa"
"Dungura","756169","Baleshwar","Baleshwar","Orissa"
"Dyke I","764054","Koraput","Koraput","Orissa"
"Dyke Iii","764053","Koraput","Koraput","Orissa"
"Engineering College","768018","Sambalpur","Sambalpur","Orissa"
"Engineering School Berham","760010","Ganjam","Chatrapur","Orissa"
"Eram","756162","Baleshwar","Baleshwar","Orissa"
"Ersama","754139","Cuttack","Cuttack","Orissa"
"Ertal","756124","Baleshwar","Baleshwar","Orissa"
"F C Project","755020","Cuttack","Cuttack","Orissa"
"F M College","756001","Baleshwar","Baleshwar","Orissa"
"Fakirpur","758022","Kendujhar","Kendujhar","Orissa"
"Fategarh","752088","Puri","Puri","Orissa"
"Fulbani","756037","Baleshwar","Baleshwar","Orissa"
"Fulnakhara","754001","Cuttack","Cuttack","Orissa"
"Fulpada","759029","Dhenkanal","Dhenkanal","Orissa"
"Gabakund","752045","Puri","Puri","Orissa"
"Gada Gopinathprasad","751010","Puri","Puri","Orissa"
"Gadasila","759025","Dhenkanal","Dhenkanal","Orissa"
"Gaisilet","768037","Sambalpur","Sambalpur","Orissa"
"Galleri","761141","Ganjam","Chatrapur","Orissa"
"Gambharimunda","752035","Kordha","Kordha","Orissa"
"Gandhi Bhawan","753001","Cuttack","Cuttack","Orissa"
"Gandhi Chowk","766001","Kalahandi","Kalahandi","Orissa"
"Gandhi Nagar","767001","Bolangir","Bolangir","Orissa"
"Gandhi Nagar","760001","Ganjam","Chatrapur","Orissa"
"Gandhi Nagar","765001","Koraput","Koraput","Orissa"
"Ganga Nagar","751003","Puri","Puri","Orissa"
"Gangadharpur","752034","Puri","Puri","Orissa"
"Gangapur","761123","Ganjam","Chatrapur","Orissa"
"Gania","752085","Sonapur","Sonapur","Orissa"
"Ganjam","761026","Ganjam","Ganjam","Orissa"
"Garabandha","761215","Gajapati","Parlakhemundi","Orissa"
"Garadpur","754153","Cuttack","Cuttack","Orissa"
"Garhdeulia","757082","Mayurbhanj","Baripara","Orissa"
"Garhmadhupur","755041","Cuttack","Cuttack","Orissa"
"Garhsanput","752058","Puri","Puri","Orissa"
"Garia","757023","Mayurbhanj","Baripara","Orissa"
"Garposh","768224","Sambalpur","Sambalpur","Orissa"
"Gate Bazar","760001","Ganjam","Chatrapur","Orissa"
"Gediapalli","752086","Puri","Puri","Orissa"
"Ghantapara","762018","Kandhamal","Kandhamal","Orissa"
"Ghanteswar","756129","Baleshwar","Baleshwar","Orissa"
"Ghasipura","758015","Kendujhar","Kendujhar","Orissa"
"Ghatgaon","758027","Kendujhar","Kendujhar","Orissa"
"Ghess","768034","Sambalpur","Sambalpur","Orissa"
"Ghodaghat Para","767017","Bolangir","Bolangir","Orissa"
"Girisola","761009","Ganjam","Chatrapur","Orissa"
"Gobara","761124","Ganjam","Chatrapur","Orissa"
"Godavarishnagar","760001","Ganjam","Chatrapur","Orissa"
"Godbhaga","768111","Sambalpur","Sambalpur","Orissa"
"Godijang","754157","Cuttack","Cuttack","Orissa"
"Godipada","752092","Kordha","Kordha","Orissa"
"Godma","754159","Cuttack","Cuttack","Orissa"
"Gogua","768114","Debagarh","Debagarh","Orissa"
"Gohira Damsite","768121","Sambalpur","Sambalpur","Orissa"
"Goilundi","760004","Ganjam","Chatrapur","Orissa"
"Golabandh","761052","Ganjam","Chatrapur","Orissa"
"Golamunda","766022","Kalahandi","Kalahandi","Orissa"
"Golanthra","761008","Ganjam","Chatrapur","Orissa"
"Golebazar","768001","Sambalpur","Sambalpur","Orissa"
"Gondala","761033","Ganjam","Chatrapur","Orissa"
"Gondturum","768115","Sambalpur","Sambalpur","Orissa"
"Gop","752110","Puri","Puri","Orissa"
"Gopalpur","756044","Baleshwar","Gopalpur","Orissa"
"Gopalpur","753011","Cuttack","Cuttack","Orissa"
"Gopalpur","761002","Ganjam","Chatrapur","Orissa"
"Gopalpur","752025","Puri","Puri","Orissa"
"Gopalpur","770024","Sundargarh","Sundargarh","Orissa"
"Gopinathpatna","761104","Ganjam","Chatrapur","Orissa"
"Goridiapatna","759016","Dhenkanal","Dhenkanal","Orissa"
"Gorumoisani","757042","Mayurbhanj","Baripara","Orissa"
"Gosani Nuagaon","760003","Ganjam","Chatrapur","Orissa"
"Gotamara","759135","Dhenkanal","Dhenkanal","Orissa"
"Gotma","766104","Kalahandi","Kalahandi","Orissa"
"Gourpati","768112","Sambalpur","Sambalpur","Orissa"
"Govindapur","754003","Cuttack","Cuttack","Orissa"
"Govindapur Katchery","755061","Cuttack","Cuttack","Orissa"
"Govindpur","759027","Dhenkanal","Dhenkanal","Orissa"
"Guamal","756163","Baleshwar","Baleshwar","Orissa"
"Gudari","765026","Rayagada","Gudari","Orissa"
"Gudevella","767046","Bolangir","Bolangir","Orissa"
"Gujidarada","756128","Baleshwar","Baleshwar","Orissa"
"Gumagarh","762029","Kandhamal","Kandhamal","Orissa"
"Gumma","761207","Ganjam","Chatrapur","Orissa"
"Gunthapada","761115","Ganjam","Chatrapur","Orissa"
"Gunupur","765022","Rayagada","Gunupur","Orissa"
"Gurandi","761210","Kandhamal","Phulbani","Orissa"
"Gurudijhatia","754020","Cuttack","Cuttack","Orissa"
"Gurundia","770043","Sundargarh","Sundargarh","Orissa"
"Hadgarh","758023","Kendujhar","Kendujhar","Orissa"
"Hakimpada","759143","Dhenkanal","Dhenkanal","Orissa"
"Haldia","752201","Puri","Puri","Orissa"
"Haldiapada","756073","Baleshwar","Baleshwar","Orissa"
"Haldipada","756027","Baleshwar","Baleshwar","Orissa"
"Handapa","759134","Dhenkanal","Dhenkanal","Orissa"
"Harachandi Sahi","751002","Puri","Puri","Orissa"
"Harbhanga","762021","Baudh","Baudh","Orissa"
"Hardoli","764084","Koraput","Koraput","Orissa"
"Harekrishnapur","752087","Debagarh","Debagarh","Orissa"
"Hareswar","756045","Baleshwar","Baleshwar","Orissa"
"Harichandanpur","758028","Jajapur  ","Panikoii","Orissa"
"Haridakhandi","760006","Ganjam","Chatrapur","Orissa"
"Haridaspur","755024","Cuttack","Cuttack","Orissa"
"Harisankar Road","767038","Bolangir","Bolangir","Orissa"
"Hatbadra","757050","Mayurbhanj","Baripara","Orissa"
"Hatibari","755046","Kordha","Kordha","Orissa"
"Hatibari","770047","Sundargarh","Sundargarh","Orissa"
"Hatidihi","756141","Baleshwar","Baleshwar","Orissa"
"Hatigarh","756033","Baleshwar","Baleshwar","Orissa"
"Hemgir","770013","Sundargarh","Sundargarh","Orissa"
"Hemgir Road","770075","Sundargarh","Sundargarh","Orissa"
"Hilpatna","760005","Ganjam","Chatrapur","Orissa"
"Hindol","759022","Dhenkanal","Dhenkanal","Orissa"
"Hindol Road R S","759019","Dhenkanal","Dhenkanal","Orissa"
"Hinjilicut","761102","Ganjam","Hinjilicut","Orissa"
"Hinjilicut College Road","761102","Ganjam","Hinjilicut","Orissa"
"Hirakud","768016","Sambalpur","Hirakud","Orissa"
"Hulursinga","759132","Dhenkanal","Dhenkanal","Orissa"
"Humma","761027","Ganjam","Chatrapur","Orissa"
"Ichhapara","767049","Bolangir","Bolangir","Orissa"
"Ichhapur","756110","Baleshwar","Baleshwar","Orissa"
"Indrakhi","760031","Ganjam","Chatrapur","Orissa"
"Indrapur","764085","Koraput","Koraput","Orissa"
"Indupur","754214","Cuttack","Cuttack","Orissa"
"Industrial Esdtate Orissa Govt","753010","Cuttack","Cuttack","Orissa"
"Industrial Estate","769004","Sundargarh","Sundargarh","Orissa"
"Industrial Estate","770071","Sundargarh","Sundargarh","Orissa"
"Institute","753006","Cuttack","Cuttack","Orissa"
"Irda","756080","Baleshwar","Baleshwar","Orissa"
"Issan Nagar","756001","Baleshwar","Baleshwar","Orissa"
"Iswarpur","754248","Cuttack","Cuttack","Orissa"
"Itamati","752068","Puri","Puri","Orissa"
"Jagada","769008","Sundargarh","Sundargarh","Orissa"
"Jagadalpur","768051","Sambalpur","Sambalpur","Orissa"
"Jaganathprasad","761121","Ganjam","Chatrapur","Orissa"
"Jagannathballv","752001","Puri","Puri","Orissa"
"Jagannathpara","766012","Kalahandi","Kalahandi","Orissa"
"Jagannathpur","759131","Bhadrak","Bhadrak","Orissa"
"Jagatpur","754021","Cuttack","Cuttack","Orissa"
"Jagatsinghpur","754103","Cuttack","Cuttack","Orissa"
"Jagatsinghpur Bazar","754103","Cuttack","Cuttack","Orissa"
"Jail Road","769004","Sundargarh","Sundargarh","Orissa"
"Jaipatna","766018","Kalahandi","Kalahandi","Orissa"
"Jaipr Road R S","755019","Cuttack","Cuttack","Orissa"
"Jaipur","755001","Jajapur  ","Panikoii","Orissa"
"Jaipur","755046","Jajapur  ","Panikoii","Orissa"
"Jaipur Bazar","755001","Cuttack","Cuttack","Orissa"
"Jaipur Ck","754161","Cuttack","Cuttack","Orissa"
"Jaipur College","755001","Cuttack","Cuttack","Orissa"
"Jajang","758052","Kendujhar","Kendujhar","Orissa"
"Jalda","769043","Sundargarh","Jalda","Orissa"
"Jaleshwar HO","756032","Baleshwar","Jaleswar","Orissa"
"Jaleshwar RS","756032","Baleshwar","Jaleswar","Orissa"
"Jaleswar","756032","Baleshwar","Jaleswar","Orissa"
"Jaleswar R S","756032","Baleshwar","Jaleswar","Orissa"
"Jalput","764041","Koraput","Koraput","Orissa"
"Jamankira","768107","Sambalpur","Sambalpur","Orissa"
"Jamda","757045","Mayurbhanj","Baripara","Orissa"
"Jamla","768049","Sambalpur","Sambalpur","Orissa"
"Jampar","754244","Cuttack","Cuttack","Orissa"
"Jamsuli","756081","Baleshwar","Baleshwar","Orissa"
"Janghira","758079","Kendujhar","Kendujhar","Orissa"
"Jankia","752020","Kordha","Kordha","Orissa"
"Janla","752054","Puri","Puri","Orissa"
"Jaradagad","761005","Ganjam","Chatrapur","Orissa"
"Jaraka Bazar","755050","Cuttack","Cuttack","Orissa"
"Jarapada","759138","Anugul","Anugul","Orissa"
"Jarasinga","767067","Bolangir","Bolangir","Orissa"
"Jaria","754216","Cuttack","Cuttack","Orissa"
"Jatani","752050","Puri","Jatani","Orissa"
"Jayanagar","764005","Koraput","Koraput","Orissa"
"Jayantipur","761006","Ganjam","Chatrapur","Orissa"
"Jayasree","761025","Ganjam","Chatrapur","Orissa"
"Jaykaypur","765017","Koraput","Koraput","Orissa"
"Jaykaypur Bazar","765017","Koraput","Koraput","Orissa"
"Jaypore","764001","Koraput","Koraput","Orissa"
"Jemadeipentha","765031","Koraput","Koraput","Orissa"
"Jenapur","755023","Cuttack","Cuttack","Orissa"
"Jeypore","764001","Koraput","Koraput","Orissa"
"Jeypore","764001","Koraput","Koraput","Orissa"
"Jeypore","764002","Koraput","Koraput","Orissa"
"Jeypore","764003","Koraput","Koraput","Orissa"
"Jeypore","764004","Koraput","Koraput","Orissa"
"Jeypore-2","764002","Koraput","Koraput","Orissa"
"Jhadabhumi","761142","Ganjam","Chatrapur","Orissa"
"Jhadaragingi","762023","Kandhamal","Kandhamal","Orissa"
"Jhadeswarpur","754291","Cuttack","Cuttack","Orissa"
"Jhadpokhria","757086","Mayurbhanj","Baripara","Orissa"
"Jhagarpur","770077","Sundargarh","Sundargarh","Orissa"
"Jharbandh","768042","Bargarh","Bargarh","Orissa"
"Jharigam","764079","Koraput","Koraput","Orissa"
"Jharsuguda","768201","Sambalpur","Jharsuguda","Orissa"
"Jharsuguda","768201","Sambalpur","Jharsuguda","Orissa"
"Jharuapara","768001","Sambalpur","Sambalpur","Orissa"
"Jhirpani","769042","Sundargarh","Sundargarh","Orissa"
"Jhumpura","758031","Debagarh","Jhumpura","Orissa"
"Jignipur","754284","Cuttack","Cuttack","Orissa"
"Jobra","753003","Cuttack","Cuttack","Orissa"
"Joda","758034","Kendujhar","Joda","Orissa"
"Joda Bazar","758034","Kendujhar","Joda","Orissa"
"Jogimunda","767027","Bolangir","Bolangir","Orissa"
"Joka","757093","Mayurbhanj","Baripara","Orissa"
"Joshipur","757034","Mayurbhanj","Baripara","Orissa"
"Jubilee Town","759001","Dhenkanal","Dhenkanal","Orissa"
"Jugpura","756050","Baleshwar","Baleshwar","Orissa"
"Jujumura","768105","Sambalpur","Sambalpur","Orissa"
"Jullundi","761133","Ganjam","Chatrapur","Orissa"
"Junagarh","766014","Kalahandi","Junagarh","Orissa"
"Junagarh Brahminpara","766014","Kalahandi","Junagarh","Orissa"
"Jyoti Vihar","768019","Sambalpur","Sambalpur","Orissa"
"Kabirpur","755009","Cuttack","Cuttack","Orissa"
"Kacheri Road","769012","Sundargarh","Sundargarh","Orissa"
"Kadobahal","768044","Sambalpur","Sambalpur","Orissa"
"Kaduapara","754106","Cuttack","Cuttack","Orissa"
"Kafla","753002","Cuttack","Cuttack","Orissa"
"Kaipara","755010","Cuttack","Cuttack","Orissa"
"Kakatpur","752108","Puri","Puri","Orissa"
"Kakhra","756043","Baleshwar","Baleshwar","Orissa"
"Kakirigumma","765030","Koraput","Koraput","Orissa"
"Kalampur","766013","Kalahandi","Kalahandi","Orissa"
"Kalapathar","754009","Cuttack","Cuttack","Orissa"
"Kalaringatta","755028","Cuttack","Cuttack","Orissa"
"Kaliaboda","753003","Bhadrak","Bhadrak","Orissa"
"Kaliapani","755047","Cuttack","Cuttack","Orissa"
"Kalikadevi Sahi","752001","Puri","Puri","Orissa"
"Kalikaprasad","758048","Kendujhar","Kendujhar","Orissa"
"Kalimandir Road","768203","Sambalpur","Sambalpur","Orissa"
"Kalimela","764047","Koraput","Koraput","Orissa"
"Kalinga","762022","Kandhamal","Kandhamal","Orissa"
"Kalingchhak","754071","Cuttack","Cuttack","Orissa"
"Kalta","770052","Sundargarh","Sundargarh","Orissa"
"Kalunga","770031","Sundargarh","Sundargarh","Orissa"
"Kalunga","770071","Sundargarh","Sundargarh","Orissa"
"Kalupuraghat","752022","Puri","Puri","Orissa"
"Kalyani Nagar","753013","Cuttack","Cuttack","Orissa"
"Kalyanpur","755030","Jajapur  ","Panikoii","Orissa"
"Kalyanpur","752044","Jajapur  ","Panikoii","Orissa"
"Kalyansinghpur","765016","Koraput","Koraput","Orissa"
"Kamagarh","755031","Cuttack","Cuttack","Orissa"
"Kamakhyanagar","759018","Dhenkanal","Dhenkanal","Orissa"
"Kamarda","756035","Baleshwar","Baleshwar","Orissa"
"Kamarposh Balang","770049","Sundargarh","Sundargarh","Orissa"
"Kanakpur","754136","Cuttack","Cuttack","Orissa"
"Kanas","752017","Puri","Puri","Orissa"
"Kanchuru","761101","Ganjam","Chatrapur","Orissa"
"Kandarpur","754117","Cuttack","Cuttack","Orissa"
"Kandel","766025","Kalahandi","Kalahandi","Orissa"
"Kandel Road","766112","Kalahandi","Kalahandi","Orissa"
"Kanhaipur","761039","Ganjam","Chatrapur","Orissa"
"Kaniha","759117","Dhenkanal","Dhenkanal","Orissa"
"Kanika Rajbati","753008","Cuttack","Cuttack","Orissa"
"Kanikapara","755037","Cuttack","Cuttack","Orissa"
"Kankadahad","759028","Dhenkanal","Dhenkanal","Orissa"
"Kanpur","754037","Cuttack","Cuttack","Orissa"
"Kansbahal","770034","Sundargarh","Sundargarh","Orissa"
"Kantabanji","767039","Bolangir","Kantabanji","Orissa"
"Kantabanji Bazar","767039","Bolangir","Kantabanji","Orissa"
"Kantabanji R S","767039","Bolangir","Kantabanji","Orissa"
"Kantamal","762017","Baudh","Baudh","Orissa"
"Kantapara","754016","Kordha","Kordha","Orissa"
"Kantigaria","755049","Cuttack","Cuttack","Orissa"
"Kantilo","752078","Jagatsinghapur","Kantilo","Orissa"
"Kantiokateni","759035","Dhenkanal","Dhenkanal","Orissa"
"Kantipal","758064","Kendujhar","Kendujhar","Orissa"
"Kapaleswar","754025","Jagatsinghapur","Jagatsinghapur","Orissa"
"Kapileswar","751002","Puri","Puri","Orissa"
"Kapileswarpur","752043","Puri","Puri","Orissa"
"Kaptipada","757040","Mayurbhanj","Baripara","Orissa"
"Karachuli","761143","Ganjam","Chatrapur","Orissa"
"Karanda","759033","Dhenkanal","Dhenkanal","Orissa"
"Karanjia","758044","Kendujhar","Karanjia","Orissa"
"Karanjia","757037","Mayurbhanj","Baripara","Orissa"
"Karanjia Bazar","757037","Mayurbhanj","Baripara","Orissa"
"Karanjia Court","757037","Mayurbhanj","Baripara","Orissa"
"Karanjia Golei","757037","Mayurbhanj","Baripara","Orissa"
"Kariopatna","754223","Cuttack","Cuttack","Orissa"
"Karlamunda","766116","Kalahandi","Kalahandi","Orissa"
"Kasarda","754105","Cuttack","Cuttack","Orissa"
"Kashinagar","761206","Ganjam","Chatrapur","Orissa"
"Kashipur","765015","Rayagada","Rayagada","Orissa"
"Kaspakaradakona","761113","Ganjam","Chatrapur","Orissa"
"Kathjodi","753002","Cuttack","Cuttack","Orissa"
"Kavisuryangar","761104","Ganjam","Chatrapur","Orissa"
"Kazibazar","753001","Cuttack","Cuttack","Orissa"
"Kedargouri","751002","Puri","Puri","Orissa"
"Kenabeta","770051","Sundargarh","Sundargarh","Orissa"
"Kendrapara","754211","Cuttack","Cuttack","Orissa"
"Kendrapara College","754211","Cuttack","Cuttack","Orissa"
"Kenduapada","756142","Baleshwar","Baleshwar","Orissa"
"Kendupatna","754203","Cuttack","Cuttack","Orissa"
"Keonjhar Atopur","758001","Kendujhar","Kendujhar","Orissa"
"Keonjhar Court","758001","Kendujhar","Kendujhar","Orissa"
"Keonjhar New Market","758001","Kendujhar","Kendujhar","Orissa"
"Keonjhargarh","758001","Kendujhar","Kendujhar","Orissa"
"Keonjhat Bazar","758002","Kendujhar","Kendujhar","Orissa"
"Keonjhat Minig School","758001","Kendujhar","Kendujhar","Orissa"
"Keonjhat S C College","758001","Kendujhar","Kendujhar","Orissa"
"Keshpur Bazar","754211","Cuttack","Cuttack","Orissa"
"Kesiabahal","768228","Sambalpur","Sambalpur","Orissa"
"Kesinga","766012","Kalahandi","Kesinga","Orissa"
"Kesinga R S","766012","Kalahandi","Kesinga","Orissa"
"Kesudurapal","758077","Kendujhar","Kendujhar","Orissa"
"Khaira","756048","Jajapur  ","Panikoii","Orissa"
"Khaira","756048","Baleshwar","Baleshwar","Orissa"
"Khairi Jashipur","757091","Mayurbhanj","Baripara","Orissa"
"Khajuripada","762012","Gajapati","Parlakhemundi","Orissa"
"Khaliamenta","758063","Kendujhar","Kendujhar","Orissa"
"Khalisahi","752096","Puri","Puri","Orissa"
"Khallikote","761030","Ganjam","Chatrapur","Orissa"
"Khallikote College","760001","Ganjam","Chatrapur","Orissa"
"Khallikote R S","761029","Ganjam","Chatrapur","Orissa"
"Khamar","759118","Anugul","Anugul","Orissa"
"Khambeswaripatna","761145","Ganjam","Chatrapur","Orissa"
"Khan Nagar","753012","Cuttack","Cuttack","Orissa"
"Khandagiri","751030","Puri","Puri","Orissa"
"Khandaparagarh","752077","Puri","Puri","Orissa"
"Khandasahi","754282","Cuttack","Cuttack","Orissa"
"Khantapara","756043","Baleshwar","Baleshwar","Orissa"
"Khaprakhol","767028","Bolangir","Bolangir","Orissa"
"Kharabelnagar","751001","Puri","Puri","Orissa"
"Kharada","761208","Ganjam","Chatrapur","Orissa"
"Khariaguda","761209","Ganjam","Chatrapur","Orissa"
"Khariar","766107","Naupada","Khariar","Orissa"
"Khariar Pattnaikpara","766107","Kalahandi","Kalahandi","Orissa"
"Khariar Road","766104","Naupada","Naupada","Orissa"
"Khariar Road Town","766104","Naupada","Naupada","Orissa"
"Khatbinsahi","753002","Cuttack","Cuttack","Orissa"
"Khaunua","757076","Mayurbhanj","Baripara","Orissa"
"Khetrajpur","768003","Sambalpur","Sambalpur","Orissa"
"Khetrajpur Market","768003","Sambalpur","Sambalpur","Orissa"
"Khirchora Gopinath","756018","Baleshwar","Baleshwar","Orissa"
"Khirei Tangiri","758075","Kendujhar","Kendujhar","Orissa"
"Kholan","767066","Bolangir","Bolangir","Orissa"
"Khukundia Nuagada","761128","Ganjam","Chatrapur","Orissa"
"Khunta","757019","Mayurbhanj","Baripara","Orissa"
"Khuntagaon","770044","Sundargarh","Sundargarh","Orissa"
"Khuntuni","754033","Cuttack","Cuttack","Orissa"
"Khurda","752055","Puri","Puri","Orissa"
"Khurda College","752057","Puri","Puri","Orissa"
"Khurda Road R S","752050","Puri","Puri","Orissa"
"Kiralaga","770028","Sundargarh","Sundargarh","Orissa"
"Kirei","770073","Sundargarh","Sundargarh","Orissa"
"Kiribur Hill Top","758040","Kendujhar","Kendujhar","Orissa"
"Kishoreganj","759127","Dhenkanal","Dhenkanal","Orissa"
"Kishornagar","754131","Cuttack","Cuttack","Orissa"
"Kodala","761032","Jagatsinghapur","Kodala","Orissa"
"Kodala Bus Stand","761032","Ganjam","Kodala","Orissa"
"Kodala Tahasil Colony","761032","Ganjam","Kodala","Orissa"
"Kodandapur","755029","Cuttack","Cuttack","Orissa"
"Kodinga","764075","Nabarangapur","Nabarangapur","Orissa"
"Koira","770048","Kendujhar","Kendujhar","Orissa"
"Koksara","766019","Kalahandi","Kalahandi","Orissa"
"Kolabira","768213","Jharsuguda","Jharsuguda","Orissa"
"Kolabnagar","764011","Koraput","Koraput","Orissa"
"Kolanara","765012","Koraput","Koraput","Orissa"
"Kolar","754162","Cuttack","Cuttack","Orissa"
"Komna","766106","Kalahandi","Kalahandi","Orissa"
"Konark","752111","Puri","Konark","Orissa"
"Konisi","760033","Ganjam","Chatrapur","Orissa"
"Konkarada","761144","Ganjam","Chatrapur","Orissa"
"Korai","755022","Cuttack","Cuttack","Orissa"
"Koraput","764020","Koraput","Koraput","Orissa"
"Koraput Collectorate","764022","Koraput","Koraput","Orissa"
"Koraput Market","764020","Koraput","Koraput","Orissa"
"Koraput R S","764020","Koraput","Koraput","Orissa"
"Koraput Road","764001","Koraput","Koraput","Orissa"
"Korkonda","764082","Koraput","Koraput","Orissa"
"Kosagumuda","764061","Nabarangapur","Nabarangapur","Orissa"
"Kosala","759130","Dhenkanal","Dhenkanal","Orissa"
"Kostha","757084","Mayurbhanj","Baripara","Orissa"
"Kothar","756118","Bhadrak","Bhadrak","Orissa"
"Kotharh","762105","Kandhamal","Kandhamal","Orissa"
"Kotpad","764058","Koraput","Kotpad","Orissa"
"Kotpur","755045","Cuttack","Cuttack","Orissa"
"Kotsahi","754022","Cuttack","Cuttack","Orissa"
"Krishna Chandrapur","757029","Mayurbhanj","Baripara","Orissa"
"Krishnandapur","754135","Cuttack","Cuttack","Orissa"
"Kuamara","757027","Mayurbhanj","Baripara","Orissa"
"Kuanpal","754204","Cuttack","Cuttack","Orissa"
"Kuarmunda","770039","Sundargarh","Sundargarh","Orissa"
"Kuchei","757105","Mayurbhanj","Baripara","Orissa"
"Kuchinda","768222","Sambalpur","Sambalpur","Orissa"
"Kudanagari","754156","Cuttack","Cuttack","Orissa"
"Kudeinadi Gaon","756052","Baleshwar","Baleshwar","Orissa"
"Kuhuri","752027","Puri","Puri","Orissa"
"Kujang","754141","Jagatsinghapur","Jagatsinghapur","Orissa"
"Kujendri","765023","Rayagada","Rayagada","Orissa"
"Kujidihi","757015","Mayurbhanj","Baripara","Orissa"
"Kuliana","757030","Mayurbhanj","Baripara","Orissa"
"Kullada","761131","Ganjam","Chatrapur","Orissa"
"Kumanda","759140","Anugul","Anugul","Orissa"
"Kumbhar Mundakata","757081","Mayurbhanj","Baripara","Orissa"
"Kumbhari","768043","Sambalpur","Sambalpur","Orissa"
"Kumra Jaipur","754287","Cuttack","Cuttack","Orissa"
"Kumursinga","759137","Dhenkanal","Dhenkanal","Orissa"
"Kundheibenstsahi","752002","Puri","Puri","Orissa"
"Kundra","764012","Koraput","Koraput","Orissa"
"Kundukela","770019","Sundargarh","Sundargarh","Orissa"
"Kupari","756059","Baleshwar","Baleshwar","Orissa"
"Kural","752090","Puri","Puri","Orissa"
"Kurda","756056","Baleshwar","Baleshwar","Orissa"
"Kurtumgarh","762109","Kandhamal","Kandhamal","Orissa"
"Kusalda","757085","Mayurbhanj","Baripara","Orissa"
"Kusaleswar","758025","Kendujhar","Kendujhar","Orissa"
"Kusumbandi","757092","Mayurbhanj","Baripara","Orissa"
"Kusumi","757052","Mayurbhanj","Baripara","Orissa"
"Kusumi","768227","Sambalpur","Sambalpur","Orissa"
"Kusupur","754285","Cuttack","Cuttack","Orissa"
"Kutra","770018","Sundargarh","Sundargarh","Orissa"
"Labanikhiachhak","752001","Puri","Puri","Orissa"
"Laboratory","751013","Puri","Puri","Orissa"
"Lachhipur","767068","Bolangir","Bolangir","Orissa"
"Lachipeta","764049","Koraput","Koraput","Orissa"
"Ladugaon","766024","Kalahandi","Kalahandi","Orissa"
"Lahunipara","770040","Sundargarh","Sundargarh","Orissa"
"Laikera","768215","Sambalpur","Sambalpur","Orissa"
"Lakhanpur","768053","Jharsuguda","Jharsuguda","Orissa"
"Lakhmipur","765013","Koraput","Koraput","Orissa"
"Lakhna","766114","Kalahandi","Kalahandi","Orissa"
"Lakhnnath Road","756076","Baleshwar","Baleshwar","Orissa"
"Lalitgiri","754288","Cuttack","Cuttack","Orissa"
"Lamptaput","764081","Koraput","Koraput","Orissa"
"Lamptibahal","768230","Sambalpur","Sambalpur","Orissa"
"Lanjiberna","770023","Sundargarh","Sundargarh","Orissa"
"Lanjigarh","766027","Kalahandi","Kalahandi","Orissa"
"Lanjipalli","760008","Ganjam","Chatrapur","Orissa"
"Lapanga","768232","Sambalpur","Sambalpur","Orissa"
"Larambha","768102","Sambalpur","Sambalpur","Orissa"
"Lataharan","752119","Puri","Puri","Orissa"
"Lathikata","770037","Sundargarh","Sundargarh","Orissa"
"Laumunda","768048","Sambalpur","Sambalpur","Orissa"
"Laxmi Bazar","761102","Ganjam","Chatrapur","Orissa"
"Lephripara","770012","Sundargarh","Sundargarh","Orissa"
"Linepada","762027","Kandhamal","Kandhamal","Orissa"
"Liplay Rajganapur","770017","Sundargarh","Sundargarh","Orissa"
"Loco Colony","770032","Sundargarh","Sundargarh","Orissa"
"Loco Settlement","752050","Puri","Puri","Orissa"
"Loida","768214","Sambalpur","Sambalpur","Orissa"
"Loisinga","767020","Bolangir","Bolangir","Orissa"
"Machhadiha","756082","Baleshwar","Baleshwar","Orissa"
"Machhagaon","754119","Cuttack","Cuttack","Orissa"
"Machhagarh","758081","Kendujhar","Kendujhar","Orissa"
"Machkund","764040","Koraput","Koraput","Orissa"
"Madanpur","754246","Cuttack","Cuttack","Orissa"
"Madanpur Rampur","766112","Kalahandi","Kalahandi","Orissa"
"Madhabnagar","756181","Baleshwar","Baleshwar","Orissa"
"Madhapur","758001","Kendujhar","Kendujhar","Orissa"
"Madhuban","754142","Cuttack","Cuttack","Orissa"
"Madhuldiha","757043","Mayurbhanj","Baripara","Orissa"
"Madhupatna","753010","Cuttack","Cuttack","Orissa"
"Madhusudan Marg","769001","Sundargarh","Sundargarh","Orissa"
"Madhusudan Nagar","753008","Cuttack","Cuttack","Orissa"
"Madhusudan Nagar","751007","Puri","Puri","Orissa"
"Madhyasasan","754116","Jagatsinghapur","Jagatsinghapur","Orissa"
"Madikunda","762001","Kandhamal","Kandhamal","Orissa"
"Mahakalpara","754224","Cuttack","Cuttack","Orissa"
"Maharapadar","767044","Bolangir","Bolangir","Orissa"
"Maharga","754206","Cuttack","Cuttack","Orissa"
"Mahendragada","761034","Ganjam","Chatrapur","Orissa"
"Mahichala","766023","Kalahandi","Kalahandi","Orissa"
"Mahimagadi","759014","Dhenkanal","Dhenkanal","Orissa"
"Mahipur","752094","Puri","Puri","Orissa"
"Mahisdihi","770001","Sundargarh","Sundargarh","Orissa"
"Mahodadhi","752001","Puri","Puri","Orissa"
"Mahulpalli","768231","Sambalpur","Sambalpur","Orissa"
"Main Road","769001","Sundargarh","Sundargarh","Orissa"
"Makalpur","756003","Baleshwar","Baleshwar","Orissa"
"Malatigunderpur","768116","Sambalpur","Sambalpur","Orissa"
"Malgodown","753003","Cuttack","Cuttack","Orissa"
"Malisahi","762014","Anugul","Anugul","Orissa"
"Malkangiri","764045","Malkangiri","Malkangiri","Orissa"
"Malkangiri Colony","764048","Malkangiri","Malkangiri","Orissa"
"Mallikapodi","762111","Kandhamal","Kandhamal","Orissa"
"Mandasahi","754114","Jagatsinghapur","Jagatsinghapur","Orissa"
"Mandhatapur","752079","Puri","Puri","Orissa"
"Mandhyakhand","752093","Puri","Puri","Orissa"
"Mandosil","768050","Bargarh","Bargarh","Orissa"
"Mandua","758074","Kendujhar","Kendujhar","Orissa"
"Mandurkula","756072","Baleshwar","Baleshwar","Orissa"
"Maneswar","768120","Baudh","Baudh","Orissa"
"Mangalabag","753001","Cuttack","Cuttack","Orissa"
"Mangalpur","755011","Cuttack","Cuttack","Orissa"
"Maniabandha","754034","Cuttack","Cuttack","Orissa"
"Manijanga","754160","Cuttack","Cuttack","Orissa"
"Manik Ghos Bazar","753002","Cuttack","Cuttack","Orissa"
"Manikarnika","752001","Puri","Puri","Orissa"
"Manikgoda","752067","Puri","Puri","Orissa"
"Manjuri Road","756121","Baleshwar","Baleshwar","Orissa"
"Manmunda","762016","Kandhamal","Kandhamal","Orissa"
"Manoharpur","767001","Bolangir","Bolangir","Orissa"
"Mantri","757017","Mayurbhanj","Baripara","Orissa"
"Markendeswar Sahi","752001","Puri","Puri","Orissa"
"Marsaghai","754213","Cuttack","Cuttack","Orissa"
"Marthapur","759023","Kordha","Kordha","Orissa"
"Marwaribazar","767001","Bolangir","Bolangir","Orissa"
"Mashra","755012","Cuttack","Cuttack","Orissa"
"Masterpada","762001","Kandhamal","Kandhamal","Orissa"
"Mathakargola","759024","Dhenkanal","Dhenkanal","Orissa"
"Mathili","764044","Koraput","Koraput","Orissa"
"Mathura","761112","Ganjam","Chatrapur","Orissa"
"Matikhal","761045","Ganjam","Chatrapur","Orissa"
"Matkambeda","758036","Kendujhar","Kendujhar","Orissa"
"Mauda","754290","Cuttack","Cuttack","Orissa"
"Medical College","753007","Cuttack","Cuttack","Orissa"
"Medical College","760004","Ganjam","Chatrapur","Orissa"
"Medical College Burla","768017","Sambalpur","Sambalpur","Orissa"
"Melchhamunda","768035","Sambalpur","Sambalpur","Orissa"
"Mendha","767063","Bolangir","Bolangir","Orissa"
"Mendhasal","752059","Puri","Puri","Orissa"
"Meradakatia Chhak","755039","Cuttack","Cuttack","Orissa"
"Meramandali","759121","Dhenkanal","Dhenkanal","Orissa"
"Meriabazar","753001","Cuttack","Cuttack","Orissa"
"Military Lines","760001","Ganjam","Chatrapur","Orissa"
"Minchinpatna","761028","Ganjam","Chatrapur","Orissa"
"Mirganiguda","764063","Koraput","Koraput","Orissa"
"Mission Road","753001","Cuttack","Cuttack","Orissa"
"Mitrapur","756020","Baleshwar","Baleshwar","Orissa"
"Modipara","768002","Sambalpur","Sambalpur","Orissa"
"Mohana","761015","Gajapati","Parlakhemundi","Orissa"
"Moharakpur","756045","Baleshwar","Baleshwar","Orissa"
"Morda","757020","Mayurbhanj","Baripara","Orissa"
"Motiganj Bazar","756003","Baleshwar","Baleshwar","Orissa"
"Motijharan","768001","Sambalpur","Sambalpur","Orissa"
"Motto","756132","Baleshwar","Baleshwar","Orissa"
"Mujjagada","761132","Ganjam","Chatrapur","Orissa"
"Mukhiguda","766026","Kalahandi","Mukhiguda","Orissa"
"Mundali Colony","754006","Cuttack","Cuttack","Orissa"
"Mundamarai","761114","Ganjam","Chatrapur","Orissa"
"Munibahal","767037","Bolangir","Bolangir","Orissa"
"Muniguda","765020","Koraput","Koraput","Orissa"
"Munshipentha","761046","Ganjam","Chatrapur","Orissa"
"N T C Chilika","752037","Puri","Puri","Orissa"
"Nabeen","760009","Ganjam","Chatrapur","Orissa"
"Nachuni","752028","Kordha","Kordha","Orissa"
"Naikanidihi","756164","Bhadrak","Bhadrak","Orissa"
"Naira","765032","Koraput","Koraput","Orissa"
"Nairi","752029","Puri","Puri","Orissa"
"Naktideul","768118","Sambalpur","Sambalpur","Orissa"
"Naktiguda","766001","Kalahandi","Kalahandi","Orissa"
"Nalagaja","757073","Mayurbhanj","Baripara","Orissa"
"Nalco Nagar","759145","Dhenkanal","Dhenkanal","Orissa"
"Nalda","758042","Kendujhar","Kendujhar","Orissa"
"Nalibar","754104","Cuttack","Cuttack","Orissa"
"Namauza","754231","Cuttack","Cuttack","Orissa"
"Nampo","756034","Baleshwar","Baleshwar","Orissa"
"Nandankanan","754013","Cuttack","Cuttack","Orissa"
"Nandapur","764037","Koraput","Koraput","Orissa"
"Nandigaon","756143","Baleshwar","Baleshwar","Orissa"
"Nangaleswar","756024","Baleshwar","Baleshwar","Orissa"
"Narangarh","752018","Kendrapara","Kendrapara","Orissa"
"Naranpur","758014","Jajapur  ","Panikoii","Orissa"
"Narayanpatna","765014","Koraput","Koraput","Orissa"
"Narayanpur","761212","Ganjam","Chatrapur","Orissa"
"Narendrapur","761051","Kordha","Kordha","Orissa"
"Narla Road","766110","Kalahandi","Kalahandi","Orissa"
"Narsinghpur","754032","Cuttack","Cuttack","Orissa"
"Naugaonhat","754113","Jagatsinghapur","Jagatsinghapur","Orissa"
"Nawapara Tanwat","766105","Kalahandi","Kalahandi","Orissa"
"Naya Bazar Jaleshwar","756032","Baleshwar","Baleshwar","Orissa"
"Nayabazar","753004","Cuttack","Cuttack","Orissa"
"Nayabazar Balasore","756001","Baleshwar","Baleshwar","Orissa"
"Nayabazar Jaleswar","756032","Baleshwar","Baleshwar","Orissa"
"Nayagarh","752069","Puri","Nayagarh","Orissa"
"Nayagarh Bazar","752070","Nayagarh","Nayagarh","Orissa"
"Nayagarh College","752069","Nayagarh","Nayagarh","Orissa"
"Nayahat","752107","Bhadrak","Bhadrak","Orissa"
"Nayapalli","751012","Puri","Puri","Orissa"
"New Reserve","761020","Ganjam","Chatrapur","Orissa"
"Niali","754004","Rayagada","Rayagada","Orissa"
"Nilgiri College","756040","Baleshwar","Baleshwar","Orissa"
"Nimakhandi","761001","Ganjam","Chatrapur","Orissa"
"Nimapara","752106","Puri","Puri","Orissa"
"Nimasahi Chhak","753001","Cuttack","Cuttack","Orissa"
"Nimina","761122","Ganjam","Chatrapur","Orissa"
"Nirakarpur","752019","Puri","Puri","Orissa"
"Nischintakoili","754207","Cuttack","Cuttack","Orissa"
"Nowrangpur","764059","Koraput","Koraput","Orissa"
"Nowrangpur Bazar","764059","Koraput","Koraput","Orissa"
"Nuagada","761214","Ganjam","Chatrapur","Orissa"
"Nuagam Aska College","761111","Ganjam","Chatrapur","Orissa"
"Nuagam Chikiti","761040","Ganjam","Chatrapur","Orissa"
"Nuagan","770050","Sundargarh","Sundargarh","Orissa"
"Nuagaon","762102","Kandhamal","Kandhamal","Orissa"
"Nuagaon Puri","752083","Puri","Puri","Orissa"
"Nuapada","761011","Ganjam","Chatrapur","Orissa"
"Nuapalamhat","752120","Puri","Puri","Orissa"
"Nuapara","754252","Cuttack","Cuttack","Orissa"
"Nuapatna","754035","Kordha","Nuapatna","Orissa"
"Nuasahi","762103","Kandhamal","Kandhamal","Orissa"
"Nudadiha","757077","Mayurbhanj","Baripara","Orissa"
"O B Nagar","762001","Kandhamal","Kandhamal","Orissa"
"O M P Line","768204","Sambalpur","Sambalpur","Orissa"
"O M P Line","769010","Sundargarh","Sundargarh","Orissa"
"O M P Line Koraput","764021","Koraput","Koraput","Orissa"
"Odaba","761217","Ganjam","Chatrapur","Orissa"
"Odagaon","752081","Puri","Puri","Orissa"
"Olavar","754227","Cuttack","Cuttack","Orissa"
"Old Bhubaneswar","751002","Puri","Puri","Orissa"
"Onukadeli","764042","Koraput","Koraput","Orissa"
"Orissa Assembly","751001","Puri","Puri","Orissa"
"Orissa High Court","753002","Cuttack","Cuttack","Orissa"
"Orissa Military Policy","753003","Cuttack","Cuttack","Orissa"
"Orissa School Of Eng","753010","Cuttack","Cuttack","Orissa"
"Orissa Secretariat","753001","Cuttack","Cuttack","Orissa"
"Ostapur","754229","Cuttack","Cuttack","Orissa"
"Oupada","756049","Baleshwar","Baleshwar","Orissa"
"Oupada","756049","Baleshwar","Baleshwar","Orissa"
"P T C Angul","759123","Dhenkanal","Dhenkanal","Orissa"
"Paburia","762112","Kandhamal","Phulbani","Orissa"
"Padmanbhapur","761007","Ganjam","Chatrapur","Orissa"
"Padmapur","754260","Cuttack","Padmapur","Orissa"
"Padmapur","760034","Ganjam","Chatrapur","Orissa"
"Padmapur","758073","Kendujhar","Kendujhar","Orissa"
"Padmapur","765025","Koraput","Koraput","Orissa"
"Padwa","764038","Koraput","Koraput","Orissa"
"Paikamal","768039","Bargarh","Bargarh","Orissa"
"Paiksahi","757072","Mayurbhanj","Baripara","Orissa"
"Palaspanga","758054","Kendujhar","Kendujhar","Orissa"
"Palbamni Chhak","757001","Mayurbhanj","Baripara","Orissa"
"Pallahara","759119","Dhenkanal","Dhenkanal","Orissa"
"Pallahat","752056","Puri","Puri","Orissa"
"Panchabati","764046","Koraput","Koraput","Orissa"
"Panchabhuti","761139","Ganjam","Chatrapur","Orissa"
"Panchagaon","768226","Kordha","Kordha","Orissa"
"Panchapally","758062","Kendujhar","Kendujhar","Orissa"
"Pandapada","758071","Kendujhar","Kendujhar","Orissa"
"Pandia","761043","Jagatsinghapur","Jagatsinghapur","Orissa"
"Panigrahipentha","760006","Ganjam","Chatrapur","Orissa"
"Panikoili","755043","Cuttack","Cuttack","Orissa"
"Panposh","769004","Sundargarh","Panposh","Orissa"
"Panposh Road","769004","Sundargarh","Panposh","Orissa"
"Papadahandi","764071","Nabarangapur","Nabarangapur","Orissa"
"Paradeep Lock","754144","Jagatsinghapur","Jagatsinghapur","Orissa"
"Paradeep Port","754142","Jagatsinghapur","Jagatsinghapur","Orissa"
"Paralakhemundi","761201","Ganjam","Chatrapur","Orissa"
"Paralakhemundi-2","761201","Ganjam","Chatrapur","Orissa"
"Parjang","759120","Dhenkanal","Dhenkanal","Orissa"
"Park Street","760002","Ganjam","Chatrapur","Orissa"
"Parla","766103","Kalahandi","Kalahandi","Orissa"
"Pastikudi","766021","Kalahandi","Kalahandi","Orissa"
"Patapol","753001","Cuttack","Cuttack","Orissa"
"Patia","751031","Puri","Puri","Orissa"
"Patkura","754228","Cuttack","Cuttack","Orissa"
"Patnagarh","767025","Bolangir","Patnagarh","Orissa"
"Patnagarh Bazar","767025","Bolangir","Patnagarh","Orissa"
"Patnagarh Rampur","767041","Bolangir","Bolangir","Orissa"
"Patrapur","761004","Ganjam","Chatrapur","Orissa"
"Pattamundai","754215","Kendrapara","Pattamundai","Orissa"
"Pattamundai College","754215","Kendrapara","Pattamundai","Orissa"
"Pattopur","761013","Ganjam","Chatrapur","Orissa"
"Pavikud","752032","Puri","Puri","Orissa"
"Pegarpara","754243","Cuttack","Cuttack","Orissa"
"Penjisahi","762001","Kandhamal","Kandhamal","Orissa"
"Phasi","761038","Ganjam","Chatrapur","Orissa"
"Phiringia","762011","Kandhamal","Kandhamal","Orissa"
"Phulbani","762001","Kandhamal","Kandhamal","Orissa"
"Phulbani Bazar","762001","Kandhamal","Kandhamal","Orissa"
"Pichukuli","752064","Puri","Puri","Orissa"
"Piliabindha","756167","Baleshwar","Baleshwar","Orissa"
"Pipli","752104","Puri","Puri","Orissa"
"Pipli Tahasil Campus","752104","Puri","Puri","Orissa"
"Pirhatbazar","756131","Baleshwar","Baleshwar","Orissa"
"Pitala","761103","Ganjam","Chatrapur","Orissa"
"Police Line","752002","Puri","Puri","Orissa"
"Policeline","761020","Ganjam","Chatrapur","Orissa"
"Polsara","761105","Ganjam","Chatrapur","Orissa"
"Pottangi","764039","Koraput","Koraput","Orissa"
"Prabodhapur","756125","Baleshwar","Baleshwar","Orissa"
"Prajatantra","753002","Cuttack","Cuttack","Orissa"
"Prasadraopentha","764003","Koraput","Koraput","Orissa"
"Pratappur","756083","Baleshwar","Baleshwar","Orissa"
"Pratappur","757103","Mayurbhanj","Baripara","Orissa"
"Pratapur","761019","Ganjam","Chatrapur","Orissa"
"Preem Nagar","760002","Ganjam","Chatrapur","Orissa"
"Pritipur","755013","Cuttack","Cuttack","Orissa"
"Pudamari","761014","Ganjam","Chatrapur","Orissa"
"Puri","752001","Puri","Puri","Orissa"
"Puri Sea Beach","752001","Puri","Puri","Orissa"
"Puri Station Road","752002","Puri","Puri","Orissa"
"Purnapani","770035","Sundargarh","Sundargarh","Orissa"
"Puruna Baripada","757102","Mayurbhanj","Baripara","Orissa"
"Purunagarh","768119","Sambalpur","Sambalpur","Orissa"
"Purunakatak","762013","Kandhamal","Kandhamal","Orissa"
"Purusothampur New","761018","Ganjam","Purusottampur","Orissa"
"Purusottampur","761018","Jajapur  ","Purusottampur","Orissa"
"Quairry Siding Panposh","769015","Sundargarh","Sundargarh","Orissa"
"R R I Garmunda","768151","Sambalpur","Sambalpur","Orissa"
"R Udaigiri","761016","Ganjam","Chatrapur","Orissa"
"Radho","757101","Mayurbhanj","Baripara","Orissa"
"Ragadi","755042","Cuttack","Cuttack","Orissa"
"Raghunathnagar","761145","Ganjam","Chatrapur","Orissa"
"Raghunathpur","754132","Cuttack","Cuttack","Orissa"
"Rahama","754140","Cuttack","Cuttack","Orissa"
"Raibania","756075","Baleshwar","Baleshwar","Orissa"
"Raibania","756075","Baleshwar","Baleshwar","Orissa"
"Raidihi","770029","Sundargarh","Sundargarh","Orissa"
"Raighar","764074","Nabarangapur","Nabarangapur","Orissa"
"Raijharan","759136","Anugul","Anugul","Orissa"
"Raikia","762101","Kandhamal","Phulbani","Orissa"
"Railway Colony","769013","Sundargarh","Sundargarh","Orissa"
"Railway Colony","770017","Sundargarh","Sundargarh","Orissa"
"Rairakhole","768106","Sambalpur","Sambalpur","Orissa"
"Rairangpur","757043","Mayurbhanj","Rairangpur","Orissa"
"Rairangpur Bazar","757043","Mayurbhanj","Rairangpur","Orissa"
"Rairangpur R S","757043","Mayurbhanj","Rairangpur","Orissa"
"Raisuan","758013","Kendujhar","Kendujhar","Orissa"
"Raj Bazar","752050","Puri","Puri","Orissa"
"Raj Berhampur","756058","Baleshwar","Baleshwar","Orissa"
"Rajabagicha","753009","Cuttack","Cuttack","Orissa"
"Rajbersambar","768036","Sambalpur","Sambalpur","Orissa"
"Rajbhawan","751008","Puri","Puri","Orissa"
"Rajendra College","767002","Bolangir","Bolangir","Orissa"
"Rajgangpur","770017","Sundargarh","Sundargarh","Orissa"
"Rajkanika","754220","Kendrapara","Kendrapara","Orissa"
"Rajkisherenagar","759126","Dhenkanal","Dhenkanal","Orissa"
"Rajnagar","754225","Kendrapara","Kendrapara","Orissa"
"Rajnagar","758017","Kendrapara","Kendrapara","Orissa"
"Rajnilgiri","756040","Baleshwar","Baleshwar","Orissa"
"Rajpur","768229","Sambalpur","Sambalpur","Orissa"
"Rajranpur","752026","Puri","Puri","Orissa"
"Rajsunakhala","752006","Puri","Puri","Orissa"
"Rama Chandrapur","755032","Cuttack","Cuttack","Orissa"
"Ramachandrapur","758061","Kendujhar","Kendujhar","Orissa"
"Ramanaguda","765029","Rayagada","Rayagada","Orissa"
"Rambagh","755014","Cuttack","Cuttack","Orissa"
"Rambha","761028","Ganjam","Rambha","Orissa"
"Rameswar","754201","Cuttack","Cuttack","Orissa"
"Rampur Colliery","768225","Sambalpur","Sambalpur","Orissa"
"Randiahat","756135","Baleshwar","Baleshwar","Orissa"
"Rangadhipa","770002","Sundargarh","Sundargarh","Orissa"
"Ranibagicha","770001","Sundargarh","Sundargarh","Orissa"
"Ranibandha","770017","Sundargarh","Sundargarh","Orissa"
"Ranipada","761105","Kordha","Kordha","Orissa"
"Ranital","756111","Baleshwar","Baleshwar","Orissa"
"Raruan","757035","Mayurbhanj","Baripara","Orissa"
"Rasgovindpur","757016","Mayurbhanj","Baripara","Orissa"
"Rasol","759021","Dhenkanal","Dhenkanal","Orissa"
"Rasulgarh","751010","Puri","Puri","Orissa"
"Rasulpur","755034","Cuttack","Cuttack","Orissa"
"Ratnagiri","754236","Cuttack","Cuttack","Orissa"
"Ravenshaw College","753003","Cuttack","Cuttack","Orissa"
"Rayagada","761213","Ganjam","Chatrapur","Orissa"
"Rayagada","765001","Koraput","Koraput","Orissa"
"Rayagada","765001","Koraput","Koraput","Orissa"
"Rayagada","765001","Koraput","Koraput","Orissa"
"Rayagada","765001","Gajapati","Parlakhemundi","Orissa"
"Rayagada","765002","Koraput","Koraput","Orissa"
"Rayagada","765002","Koraput","Koraput","Orissa"
"Reamal","768109","Debagarh","Debagarh","Orissa"
"Regent Market","770001","Sundargarh","Sundargarh","Orissa"
"Regional Engg College","769008","Sundargarh","Sundargarh","Orissa"
"Regional Research","751010","Puri","Puri","Orissa"
"Remed","768101","Sambalpur","Sambalpur","Orissa"
"Remuli","758047","Kendujhar","Kendujhar","Orissa"
"Remuna","756021","Baleshwar","Remuna","Orissa"
"Remunda","768103","Sambalpur","Sambalpur","Orissa"
"Rench","752114","Puri","Puri","Orissa"
"Rengali","768212","Jharsuguda","Jharsuguda","Orissa"
"Rengali Damsite","759105","Dhenkanal","Dhenkanal","Orissa"
"Reserve Police Line","756001","Baleshwar","Baleshwar","Orissa"
"Retang Colony","752050","Puri","Puri","Orissa"
"Risida","767031","Bolangir","Bolangir","Orissa"
"Rly Colony Jharsuguda","768201","Sambalpur","Sambalpur","Orissa"
"Rourkela","769001","Sundargarh","Sundargarh","Orissa"
"Rourkela-2","769002","Sundargarh","Sundargarh","Orissa"
"Rourkela-3","769003","Sundargarh","Sundargarh","Orissa"
"Rourkela-4","769004","Sundargarh","Sundargarh","Orissa"
"Rourkela-5","769005","Sundargarh","Sundargarh","Orissa"
"Rourkela-6","769006","Sundargarh","Sundargarh","Orissa"
"Rourkela-7","769007","Sundargarh","Sundargarh","Orissa"
"Rourkela-8","769008","Sundargarh","Sundargarh","Orissa"
"Rourkela-9","769009","Sundargarh","Sundargarh","Orissa"
"Rudangia","762108","Kandhamal","Kandhamal","Orissa"
"Rugidipara","767001","Bolangir","Bolangir","Orissa"
"Rupra Road","766101","Kalahandi","Kalahandi","Orissa"
"Rupsa","756028","Baleshwar","Baleshwar","Orissa"
"Rurhiya","755033","Cuttack","Cuttack","Orissa"
"S C S College","752001","Puri","Puri","Orissa"
"S V M College","754103","Cuttack","Cuttack","Orissa"
"Sabrang","756123","Baleshwar","Baleshwar","Orissa"
"Sabulia","767062","Bolangir","Bolangir","Orissa"
"Sabulia","761036","Ganjam","Chatrapur","Orissa"
"Sadanandapur","756071","Baleshwar","Baleshwar","Orissa"
"Sadangi","759030","Dhenkanal","Dhenkanal","Orissa"
"Sahadevkhunta","756001","Baleshwar","Baleshwar","Orissa"
"Sahajbahal","770076","Jharsuguda","Jharsuguda","Orissa"
"Sahapur","761056","Ganjam","Chatrapur","Orissa"
"Saharpada","758016","Kendujhar","Kendujhar","Orissa"
"Sahidnagar","751007","Puri","Puri","Orissa"
"Sahidpark","756003","Baleshwar","Baleshwar","Orissa"
"Sainik School","751005","Puri","Puri","Orissa"
"Sainkul","758043","Kendujhar","Kendujhar","Orissa"
"Saintala","767032","Bolangir","Bolangir","Orissa"
"Sajanagarh","756041","Baleshwar","Baleshwar","Orissa"
"Sakhigopal","752014","Puri","Puri","Orissa"
"Sakhigopinath","768001","Sambalpur","Sambalpur","Orissa"
"Saktinagar","769014","Sundargarh","Sundargarh","Orissa"
"Salapada","758020","Jajapur  ","Panikoii","Orissa"
"Salchua","757106","Mayurbhanj","Baripara","Orissa"
"Salebhata","767021","Bolangir","Bolangir","Orissa"
"Salipur","754202","Cuttack","Cuttack","Orissa"
"Salipur College","754202","Cuttack","Cuttack","Orissa"
"Samal Barrage","759037","Dhenkanal","Dhenkanal","Orissa"
"Samantipalli","761053","Ganjam","Chatrapur","Orissa"
"Sambalpur","768205","Sambalpur","Sambalpur","Orissa"
"Sambalpur","768001","Baudh","Baudh","Orissa"
"Sambalpur Court","768001","Sambalpur","Sambalpur","Orissa"
"Sanatta","756040","Baleshwar","Baleshwar","Orissa"
"Sankara","770020","Sonapur","Sonapur","Orissa"
"Sankarkhole","762019","Kandhamal","Kandhamal","Orissa"
"Sankarpur","760006","Ganjam","Chatrapur","Orissa"
"Sankerko","757024","Mayurbhanj","Baripara","Orissa"
"Sankhachilla","755015","Cuttack","Cuttack","Orissa"
"Sankhatras","753052","Cuttack","Cuttack","Orissa"
"Santarpur","751002","Puri","Puri","Orissa"
"Sarangada","762106","Kandhamal","Kandhamal","Orissa"
"Sarankul","752080","Puri","Puri","Orissa"
"Sarasara","762026","Kandhamal","Kandhamal","Orissa"
"Sarasara Balang","770045","Sundargarh","Sundargarh","Orissa"
"Saraskana","757051","Mayurbhanj","Baripara","Orissa"
"Sarat","757079","Kordha","Kordha","Orissa"
"Sarbahal","768201","Sambalpur","Sambalpur","Orissa"
"Sargaon","756017","Baleshwar","Baleshwar","Orissa"
"Sargipalli","770021","Sundargarh","Sundargarh","Orissa"
"Sarichuan","754118","Cuttack","Cuttack","Orissa"
"Sartha","756077","Baleshwar","Baleshwar","Orissa"
"Satpatna","752091","Puri","Puri","Orissa"
"Satsankha","752046","Puri","Puri","Orissa"
"Satyanagar","751007","Puri","Puri","Orissa"
"Secretariat","751001","Puri","Puri","Orissa"
"Sector-15","769003","Sundargarh","Sundargarh","Orissa"
"Sector-16","769003","Sundargarh","Sundargarh","Orissa"
"Sector-2","769006","Sundargarh","Sundargarh","Orissa"
"Sector-21 Paradeep","754143","Cuttack","Cuttack","Orissa"
"Sector-5","769002","Sundargarh","Sundargarh","Orissa"
"Sector-6","769002","Sundargarh","Sundargarh","Orissa"
"Sector-7","769003","Sundargarh","Sundargarh","Orissa"
"Sector-8","769009","Sundargarh","Sundargarh","Orissa"
"Sector-Vii Sunabeda","763002","Koraput","Koraput","Orissa"
"Sena Adhanga","754155","Cuttack","Cuttack","Orissa"
"Seragada","761106","Ganjam","Chatrapur","Orissa"
"Seragarh","756060","Baleshwar","Baleshwar","Orissa"
"Serango","761216","Gajapati","Parlakhemundi","Orissa"
"Shelter Chhak","753008","Cuttack","Cuttack","Orissa"
"Shirsa","757031","Mayurbhanj","Baripara","Orissa"
"Shyamakhunta","757049","Mayurbhanj","Baripara","Orissa"
"Sidheswarpur","754101","Cuttack","Cuttack","Orissa"
"Sikharpur","753003","Cuttack","Cuttack","Orissa"
"Siko","752038","Kordha","Kordha","Orissa"
"Similiguda","764036","Malkangiri","Malkangiri","Orissa"
"Simulia","756126","Bhadrak","Bhadrak","Orissa"
"Sindhekela","767035","Bolangir","Bolangir","Orissa"
"Singhdwar","752001","Puri","Puri","Orissa"
"Singhpur","755016","Cuttack","Cuttack","Orissa"
"Singipur","752021","Puri","Puri","Orissa"
"Singla","756023","Baleshwar","Baleshwar","Orissa"
"Sinhapalli","766108","Kalahandi","Kalahandi","Orissa"
"Sirigida","758076","Debagarh","Debagarh","Orissa"
"Sitarampalli","761020","Ganjam","Chatrapur","Orissa"
"Sobra","755019","Cuttack","Cuttack","Orissa"
"Sohella","768033","Sambalpur","Sambalpur","Orissa"
"Somepur","754130","Cuttack","Cuttack","Orissa"
"Sonarparbat","769016","Sundargarh","Sundargarh","Orissa"
"Sonepur Bazar","767017","Bolangir","Bolangir","Orissa"
"Sonepur Rampur","767045","Bolangir","Bolangir","Orissa"
"Sonepur Spinning Mill","767017","Bolangir","Bolangir","Orissa"
"Sonerpur Raj","767017","Bolangir","Bolangir","Orissa"
"Soro","756045","Baleshwar","Soro","Orissa"
"Soro Bazar","756045","Baleshwar","Soro","Orissa"
"Soro College","756045","Baleshwar","Soro","Orissa"
"Sosia","766029","Kalahandi","Kalahandi","Orissa"
"Sovarampur","756001","Baleshwar","Baleshwar","Orissa"
"Sri Arobind Marg","753013","Cuttack","Cuttack","Orissa"
"Sri Ramachandrapur","752041","Puri","Puri","Orissa"
"Sribaladevjee","754212","Cuttack","Cuttack","Orissa"
"Sridamchandrapur","757080","Mayurbhanj","Baripara","Orissa"
"Srikanthpur","756001","Baleshwar","Baleshwar","Orissa"
"Sriram Nagar","760002","Ganjam","Chatrapur","Orissa"
"Srirampur Palpatna","754249","Cuttack","Cuttack","Orissa"
"Station Road","761136","Ganjam","Chatrapur","Orissa"
"Station Road","768201","Sambalpur","Sambalpur","Orissa"
"Stn Road Brajaraj Nagar","768216","Sambalpur","Sambalpur","Orissa"
"Store Quarry","768052","Sambalpur","Sambalpur","Orissa"
"Suakati","758018","Kendujhar","Kendujhar","Orissa"
"Subalaya","761136","Ganjam","Chatrapur","Orissa"
"Subarnapur","754036","Anugul","Anugul","Orissa"
"Subdega","770014","Sundargarh","Sundargarh","Orissa"
"Sudpara","767001","Bolangir","Bolangir","Orissa"
"Sujanpur","755017","Jajapur  ","Panikoii","Orissa"
"Sukarpara","754283","Cuttack","Cuttack","Orissa"
"Sukha","767064","Sonapur","Sonapur","Orissa"
"Sukinda","755018","Jajapur  ","Panikoii","Orissa"
"Sukleswar","754286","Cuttack","Cuttack","Orissa"
"Sukruli","757039","Mayurbhanj","Baripara","Orissa"
"Sumandalo","761035","Ganjam","Chatrapur","Orissa"
"Sunabeda I","763001","Koraput","Koraput","Orissa"
"Sunabeda Ii","763002","Koraput","Koraput","Orissa"
"Sunambo Street Aska","761110","Ganjam","Chatrapur","Orissa"
"Sundar Shivmandir","758035","Kendujhar","Kendujhar","Orissa"
"Sundargarh","770001","Sundargarh","Sundargarh","Orissa"
"Sundargarh College","770001","Sundargarh","Sundargarh","Orissa"
"Sundargarh Court","770001","Sundargarh","Sundargarh","Orissa"
"Sundargram","754002","Cuttack","Cuttack","Orissa"
"Sungra","754221","Cuttack","Cuttack","Orissa"
"Sunhat","756002","Baleshwar","Baleshwar","Orissa"
"Surangi","761037","Ganjam","Chatrapur","Orissa"
"Suruda","761108","Ganjam","Chatrapur","Orissa"
"Suruda Bazar","761108","Ganjam","Chatrapur","Orissa"
"Suryanagar","751003","Puri","Puri","Orissa"
"Swam Patna","758030","Kendujhar","Kendujhar","Orissa"
"Swaraja Ashram","753002","Cuttack","Cuttack","Orissa"
"Swargadwar","752001","Puri","Puri","Orissa"
"Takatpur","757003","Mayurbhanj","Baripara","Orissa"
"Talabasta","754014","Cuttack","Cuttack","Orissa"
"Talcher Thermal","759101","Dhenkanal","Dhenkanal","Orissa"
"Talcher Twon","759107","Dhenkanal","Dhenkanal","Orissa"
"Talchuan","754242","Cuttack","Cuttack","Orissa"
"Talpada","758026","Kendujhar","Kendujhar","Orissa"
"Talpali","767001","Bolangir","Bolangir","Orissa"
"Talpatia","768211","Sambalpur","Sambalpur","Orissa"
"Talsara","770074","Sundargarh","Sundargarh","Orissa"
"Taluk Office Road Aska","761110","Ganjam","Chatrapur","Orissa"
"Tanarada","761140","Ganjam","Chatrapur","Orissa"
"Tangarpali","770027","Sundargarh","Sundargarh","Orissa"
"Tangi","752023","Puri","Puri","Orissa"
"Taragaon","764008","Koraput","Koraput","Orissa"
"Tarasinigi","761138","Ganjam","Chatrapur","Orissa"
"Tarbha Bazar","767016","Bolangir","Bolangir","Orissa"
"Tardha","767016","Bolangir","Bolangir","Orissa"
"Tarikund","754115","Cuttack","Cuttack","Orissa"
"Tarpur","754133","Jagatsinghapur","Jagatsinghapur","Orissa"
"Tato","757036","Mayurbhanj","Baripara","Orissa"
"Telenga Bazar","753009","Cuttack","Cuttack","Orissa"
"Telengapentha","753051","Cuttack","Cuttack","Orissa"
"Telkoi","758019","Kendujhar","Kendujhar","Orissa"
"Tensa","770042","Sundargarh","Tensa","Orissa"
"Tentulikhunti","764070","Koraput","Koraput","Orissa"
"Thakurgarh","759142","Anugul","Anugul","Orissa"
"Thakurmunda","757038","Mayurbhanj","Baripara","Orissa"
"Thakurpatna","754250","Cuttack","Cuttack","Orissa"
"Therubali","765018","Koraput","Koraput","Orissa"
"Tigiria","754030","Cuttack","Cuttack","Orissa"
"Tihiri","756130","Baleshwar","Baleshwar","Orissa"
"Tikkabali","762010","Kandhamal","Kandhamal","Orissa"
"Tikrapara","767001","Bolangir","Bolangir","Orissa"
"Tinimuhani","754211","Cuttack","Cuttack","Orissa"
"Tiran","754139","Cuttack","Cuttack","Orissa"
"Tirtol","754137","Cuttack","Cuttack","Orissa"
"Titilagarh","767033","Bolangir","Bolangir","Orissa"
"Titilagarh Court","767033","Bolangir","Bolangir","Orissa"
"Titilagarh Hatapara","767033","Bolangir","Bolangir","Orissa"
"Tora","768040","Sambalpur","Sambalpur","Orissa"
"Tubey","759144","Anugul","Anugul","Orissa"
"Tukla","766113","Kalahandi","Kalahandi","Orissa"
"Tulasichaura","757001","Mayurbhanj","Baripara","Orissa"
"Tulosipur","754012","Cuttack","Cuttack","Orissa"
"Tulsipur","753008","Cuttack","Cuttack","Orissa"
"Tumribandh","762107","Kandhamal","Kandhamal","Orissa"
"Turekella","767043","Bolangir","Bolangir","Orissa"
"Turigaria","756047","Baleshwar","Baleshwar","Orissa"
"Turmura","770031","Sundargarh","Sundargarh","Orissa"
"Turumunga","758046","Kendujhar","Kendujhar","Orissa"
"Tusra","767030","Bolangir","Bolangir","Orissa"
"Tyandakura","754134","Cuttack","Cuttack","Orissa"
"Udala","757041","Mayurbhanj","Udala","Orissa"
"Udala Bazar","757041","Mayurbhanj","Udala","Orissa"
"Udala College","757041","Mayurbhanj","Udala","Orissa"
"Udayapur","758045","Kendujhar","Kendujhar","Orissa"
"Uditnagar","769012","Sundargarh","Sundargarh","Orissa"
"Udyanmarg","751009","Puri","Puri","Orissa"
"Ujaplur","770011","Sundargarh","Sundargarh","Orissa"
"Ukhunda","758032","Kendujhar","Kendujhar","Orissa"
"Ukkamba","765024","Rayagada","Rayagada","Orissa"
"Ullunda","767034","Bolangir","Bolangir","Orissa"
"Umerkota","764073","Koraput","Koraput","Orissa"
"Umerkote Bazar","764073","Koraput","Koraput","Orissa"
"University","760007","Ganjam","Chatrapur","Orissa"
"Upalada","761211","Ganjam","Chatrapur","Orissa"
"Utkal University","751004","Puri","Puri","Orissa"
"Utkela","766011","Kalahandi","Kalahandi","Orissa"
"Vedvyas","769041","Sundargarh","Sundargarh","Orissa"
"Veer Surendra Sai Nagar","751004","Puri","Puri","Orissa"
"Vellora","756078","Baleshwar","Baleshwar","Orissa"
"Vikrampur","759106","Dhenkanal","Dhenkanal","Orissa"
"Zink Nagar","770072","Sundargarh","Sundargarh","Orissa"
"Pondicherry Bazaar","605001","Pondicherry","Pondicherry","Pondicherry"
"Pondicherry Courts","605001","Pondicherry","Pondicherry","Pondicherry"
"Pondicherry H O","605001","Pondicherry","Pondicherry","Pondicherry"
"Pondicherry North","605001","Pondicherry","Pondicherry","Pondicherry"
"Pondicherry R S","605001","Pondicherry","Pondicherry","Pondicherry"
"Ambagarathur","609601","Karaikal","Karaikal","Pondicherry"
"Ariyankuppam","605007","Pondicherry","Pondicherry","Pondicherry"
"Bahoor","607402","Pondicherry","Pondicherry","Pondicherry"
"Dhanvantri Nagar","605006","Pondicherry","Pondicherry","Pondicherry"
"Karaikal","609602","Karaikal","Karaikal","Pondicherry"
"Kottucherry","609609","Karaikal","Karaikal","Pondicherry"
"Lawspet","605008","Pondicherry","Pondicherry","Pondicherry"
"Mahe","673310","Mahe","Mahe","Pondicherry"
"Mudaliarpet","605004","Pondicherry","Pondicherry","Pondicherry"
"Muthialpet","605003","Pondicherry","Pondicherry","Pondicherry"
"Nellithope","605005","Pondicherry","Pondicherry","Pondicherry"
"Nettapakkam","605106","Pondicherry","Pondicherry","Pondicherry"
"New Mahe","673311","Mahe","Mahe","Pondicherry"
"Padmini Nagar","605012","Pondicherry","Pondicherry","Pondicherry"
"Pondicherry Ho.","605001","Pondicherry","Pondicherry","Pondicherry"
"Pondicherry Ho.","605001","Pondicherry","Pondicherry","Pondicherry"
"Pondicherry Ho.","605001","Pondicherry","Pondicherry","Pondicherry"
"Pondicherry Ho.","605001","Pondicherry","Pondicherry","Pondicherry"
"Pondicherry Ho.","605001","Pondicherry","Pondicherry","Pondicherry"
"Pondicherry Ho.","605001","Pondicherry","Pondicherry","Pondicherry"
"Pondicherry Ho.","605001","Pondicherry","Pondicherry","Pondicherry"
"Pondicherry Ho.","605001","Pondicherry","Pondicherry","Pondicherry"
"Pondicherry University","605014","Pondicherry","Pondicherry","Pondicherry"
"Reddiarpalayam","605010","Pondicherry","Pondicherry","Pondicherry"
"Saram","605013","Pondicherry","Pondicherry","Pondicherry"
"Sri Arabindo Ashram","605002","Pondicherry","Pondicherry","Pondicherry"
"Thalatheru","609605","Karaikal","Karaikal","Pondicherry"
"Thattanchavadi","605009","Pondicherry","Pondicherry","Pondicherry"
"Tirukkanur","605501","Pondicherry","Pondicherry","Pondicherry"
"Tirumalarayanpattanam","609606","Karaikal","Karaikal","Pondicherry"
"Tirunallar","609607","Karaikal","Karaikal","Pondicherry"
"Venkata Nagar","605011","Pondicherry","Pondicherry","Pondicherry"
"Villyanpur","605110","Pondicherry","Pondicherry","Pondicherry"
"Yanam","533464","Yanam","Yanam","Pondicherry"
"Yanam Bazar","533464","Yanam","Yanam","Pondicherry"
"A S College Khanna","141402","Ludhiana","Ludhiana","Punjab"
"Abdullapur Basti","141003","Ludhiana","Ludhiana","Punjab"
"Abohar","152116","Ferozepur","Abohar","Punjab"
"Abohar Mandi","152116","Ferozepur","Ferozepur","Punjab"
"Abrol Nagar","145001","Gurdaspur","Gurdaspur","Punjab"
"Adampur A D","144103","Jalandhar","Jalandhar","Punjab"
"Adampur Doaba","144102","Jalandhar","Jalandhar","Punjab"
"Adarsh Nagar","144001","Jalandhar","Jalandhar","Punjab"
"Ahmedgarh","148021","Sangrur","Ahmedgarh","Punjab"
"Ajnala","143102","Amritsar","Ajnala","Punjab"
"Ajnoha","144404","Hoshiarpur","Hoshiarpur","Punjab"
"Akalgarh","148033","Sangrur","Akalgarh","Punjab"
"Alamwala","151210","Faridkot","Faridkot","Punjab"
"Alawalpur","144301","Hoshiarpur","Alawalpur","Punjab"
"Aliwal","143507","Gurdaspur","Gurdaspur","Punjab"
"Amargarh","148022","Sangrur","Sangrur","Punjab"
"Amloh","147203","Fatehgarh Sahib","Amloh","Punjab"
"Amritsar","143001","Amritsar","Amritsar","Punjab"
"Amritsar","143002","Amritsar","Amritsar","Punjab"
"Amritsar","143006","Amritsar","Amritsar","Punjab"
"Amritsar","143104","Amritsar","Amritsar","Punjab"
"Amritsar Bus Stand","143001","Amritsar","Amritsar","Punjab"
"Amritsar H O","143001","Amritsar","Amritsar","Punjab"
"Amritsar Kutchery","143001","Amritsar","Amritsar","Punjab"
"Anaj Mandi Nabha","147201","Patiala","Patiala","Punjab"
"Anandpur Sahib","140118","Rupnagar","Anandpur Sahib","Punjab"
"Anarkali Batala","143505","Gurdaspur","Gurdaspur","Punjab"
"Androon Bazar","145001","Gurdaspur","Gurdaspur","Punjab"
"Apra","144116","Jalandhar","Jalandhar","Punjab"
"Attari","143108","Amritsar","Amritsar","Punjab"
"Aur","144417","Jalandhar","Jalandhar","Punjab"
"Awankha","143536","Gurdaspur","Gurdaspur","Punjab"
"Ayali Kalan","142027","Ludhiana","Ludhiana","Punjab"
"Azad Nagar","143001","Amritsar","Amritsar","Punjab"
"B S Press Patiala","147001","Patiala","Patiala","Punjab"
"Baba Bakala","143202","Amritsar","Amritsar","Punjab"
"Baddon","144406","Hoshiarpur","Hoshiarpur","Punjab"
"Baddowai","142021","Ludhiana","Ludhiana","Punjab"
"Badhni Kalan","142037","Ferozepur","Badhni Kalan","Punjab"
"Badru Khan","148006","Sangrur","Sangrur","Punjab"
"Bagh Khazanchian","141008","Ludhiana","Ludhiana","Punjab"
"Bahadurgarh","147021","Patiala","Patiala","Punjab"
"Bahadurpur","148004","Sangrur","Sangrur","Punjab"
"Bahadurpur Chowk","146001","Hoshiarpur","Hoshiarpur","Punjab"
"Bahera Rd Patiala","147001","Patiala","Patiala","Punjab"
"Bahlolpur","141121","Ludhiana","Ludhiana","Punjab"
"Baini Ram Street","141008","Ludhiana","Ludhiana","Punjab"
"Bajkhana","151205","Faridkot","Faridkot","Punjab"
"Bajwara","146023","Hoshiarpur","Hoshiarpur","Punjab"
"Bala Chaur","144521","Hoshiarpur","Hoshiarpur","Punjab"
"Balanwali","151107","Bhatinda","Bhatinda","Punjab"
"Balluna","152117","Ferozepur","Ferozepur","Punjab"
"Balram","148043","Sangrur","Sangrur","Punjab"
"Banbhauran","148051","Sangrur","Sangrur","Punjab"
"Bandho Road","143001","Amritsar","Amritsar","Punjab"
"Banga","144505","Jalandhar","Banga","Punjab"
"Banga Rd Phagwara","144401","Kapurthala","Banga","Punjab"
"Banga Town","144505","Jalandhar","Banga","Punjab"
"Banra","148046","Sangrur","Sangrur","Punjab"
"Banur","140601","Patiala","Patiala","Punjab"
"Barapind","144418","Jalandhar","Jalandhar","Punjab"
"Bareta","151501","Bhatinda","Bhatinda","Punjab"
"Bargari","151208","Faridkot","Faridkot","Punjab"
"Barian Kalan","146101","Hoshiarpur","Hoshiarpur","Punjab"
"Bariwala","152025","Faridkot","Bariwala","Punjab"
"Barnala","148101","Sangrur","Barnala","Punjab"
"Barnala Kutchery Clg Rd","148101","Sangrur","Sangrur","Punjab"
"Bassi","140412","Fatehgarh Sahib","Fatehgarh Sahib","Punjab"
"Bassi Kalan","146102","Hoshiarpur","Hoshiarpur","Punjab"
"Bassian","142032","Ludhiana","Ludhiana","Punjab"
"Basti Bawa Khel","146102","Hoshiarpur","Hoshiarpur","Punjab"
"Basti Danishmandan","144007","Jalandhar","Jalandhar","Punjab"
"Basti Gujan","144007","Jalandhar","Jalandhar","Punjab"
"Basti Jodhewal","144002","Jalandhar","Jalandhar","Punjab"
"Basti Nau","144002","Jalandhar","Jalandhar","Punjab"
"Basti Ram","143001","Amritsar","Amritsar","Punjab"
"Basti Sheikh Darvesh","144002","Jalandhar","Jalandhar","Punjab"
"Batala","143506","Gurdaspur","Batala","Punjab"
"Batala City","143505","Gurdaspur","Batala","Punjab"
"Batala H O","143505","Gurdaspur","Gurdaspur","Punjab"
"Bathan","148050","Sangrur","Sangrur","Punjab"
"Bazar Kalan","144001","Jalandhar","Jalandhar","Punjab"
"Bazar Nauhrian","144001","Jalandhar","Jalandhar","Punjab"
"Bazar Safran Phagwara","144401","Kapurthala","Kapurthala","Punjab"
"Bazar Shahidan","144001","Jalandhar","Jalandhar","Punjab"
"Beas","143201","Amritsar","Amritsar","Punjab"
"Beaspind","144302","Jalandhar","Jalandhar","Punjab"
"Becon P O Pathankot","145001","Gurdaspur","Gurdaspur","Punjab"
"Begowal","144621","Kapurthala","Begowal","Punjab"
"Behram","144504","Jalandhar","Jalandhar","Punjab"
"Behrampur","143532","Fatehgarh Sahib","Fatehgarh Sahib","Punjab"
"Bela","140111","Rupnagar","Rupnagar","Punjab"
"Bhadaur","148102","Sangrur","Bhadaur","Punjab"
"Bhadson","147202","Patiala","Patiala","Punjab"
"Bhagat Bazar","144001","Jalandhar","Jalandhar","Punjab"
"Bhagowal","143511","Gurdaspur","Gurdaspur","Punjab"
"Bhagta Bhai","151206","Bhatinda","Bhatinda","Punjab"
"Bhai Ka Khera","152115","Faridkot","Faridkot","Punjab"
"Bhai Rupa","151106","Bhatinda","Bhatinda","Punjab"
"Bhaini Bagga","151508","Bhatinda","Bhatinda","Punjab"
"Bham","146103","Hoshiarpur","Hoshiarpur","Punjab"
"Bhambootara","144224","Hoshiarpur","Hoshiarpur","Punjab"
"Bhangali","143503","Amritsar","Amritsar","Punjab"
"Bhankarpur","140203","Rupnagar","Rupnagar","Punjab"
"Bhanowal","144213","Hoshiarpur","Hoshiarpur","Punjab"
"Bharat Nagar","141001","Ludhiana","Ludhiana","Punjab"
"Bharatgarh","140114","Rupnagar","Rupnagar","Punjab"
"Bhargava Camp","144003","Jalandhar","Jalandhar","Punjab"
"Bhari","141411","Fatehgarh Sahib","Fatehgarh Sahib","Punjab"
"Bhatinda","151001","Bhatinda","Bhatinda","Punjab"
"Bhatinda","151003","Bhatinda","Bhatinda","Punjab"
"Bhatinda City","151005","Bhatinda","Bhatinda","Punjab"
"Bhatinda H O","151001","Bhatinda","Bhatinda","Punjab"
"Bhattian","143517","Gurdaspur","Gurdaspur","Punjab"
"Bhawanigarh","148026","Sangrur","Bhawanigarh","Punjab"
"Bhikhi","151504","Bhatinda","Bhikhi","Punjab"
"Bhikhiwind","143303","Amritsar","Bhikhiwind","Punjab"
"Bhinder","142041","Ferozepur","Ferozepur","Punjab"
"Bhog","144201","Jalandhar","Jalandhar","Punjab"
"Bholath","144622","Kapurthala","Kapurthala","Punjab"
"Bhuchu","151101","Bhatinda","Bhatinda","Punjab"
"Bhumbli","143515","Gurdaspur","Gurdaspur","Punjab"
"Bhunerheri","147003","Patiala","Patiala","Punjab"
"Bhunga","144210","Hoshiarpur","Hoshiarpur","Punjab"
"Bhuthal Kalan","148041","Sangrur","Sangrur","Punjab"
"Bhutna","148115","Bhatinda","Bhatinda","Punjab"
"Bihala","146104","Hoshiarpur","Hoshiarpur","Punjab"
"Bikrampura","144001","Jalandhar","Jalandhar","Punjab"
"Bilaspur","142039","Fatehgarh Sahib","Fatehgarh Sahib","Punjab"
"Bilga","141306","Kapurthala","Kapurthala","Punjab"
"Binewal","144523","Hoshiarpur","Hoshiarpur","Punjab"
"Binjon","144520","Hoshiarpur","Hoshiarpur","Punjab"
"Boha","151503","Bhatinda","Bhatinda","Punjab"
"Bopa Rai Kalan","144630","Kapurthala","Kapurthala","Punjab"
"Brahampuri Ludhiana","141008","Ludhiana","Ludhiana","Punjab"
"Budhi Pind","144211","Hoshiarpur","Hoshiarpur","Punjab"
"Budhlada","151502","Mansa","Budhlada","Punjab"
"Bullewal","146113","Hoshiarpur","Hoshiarpur","Punjab"
"Bundala Amritsar","143413","Amritsar","Amritsar","Punjab"
"Bus Stand Phagwara","144401","Kapurthala","Kapurthala","Punjab"
"Butala","143203","Amritsar","Amritsar","Punjab"
"Buttar","142040","Ferozepur","Ferozepur","Punjab"
"C M C Ludhiana","141008","Ludhiana","Ludhiana","Punjab"
"Canal Colony","142040","Ferozepur","Ferozepur","Punjab"
"Chabhal","143301","Amritsar","Amritsar","Punjab"
"Chachoki","144632","Kapurthala","Kapurthala","Punjab"
"Chakdana","144423","Jalandhar","Jalandhar","Punjab"
"Chamiari","143103","Amritsar","Amritsar","Punjab"
"Chamkaur Sahib","140112","Rupnagar","Rupnagar","Punjab"
"Chander Nagar","141001","Ludhiana","Ludhiana","Punjab"
"Charanjitpura","144001","Jalandhar","Jalandhar","Punjab"
"Chaudharian","144606","Kapurthala","Kapurthala","Punjab"
"Chawal Mandi","143001","Amritsar","Amritsar","Punjab"
"Chawinda Deviwala","143504","Amritsar","Amritsar","Punjab"
"Cheema","148029","Sangrur","Cheema","Punjab"
"Chetanpur","143606","Amritsar","Amritsar","Punjab"
"Chhahar","148047","Sangrur","Sangrur","Punjab"
"Chheharta Railway Station","143105","Amritsar","Amritsar","Punjab"
"Chinarthal Kalan","147104","Patiala","Patiala","Punjab"
"Chitti","144028","Jalandhar","Jalandhar","Punjab"
"Chogawan","143109","Amritsar","Amritsar","Punjab"
"Chogetti","144009","Jalandhar","Jalandhar","Punjab"
"Chohla Sahib","143408","Amritsar","Amritsar","Punjab"
"Chowk Darbar Sahib","143006","Amritsar","Amritsar","Punjab"
"Chowk Darbar Sahib","143401","Amritsar","Amritsar","Punjab"
"Chowk Jain Mandir","144001","Jalandhar","Jalandhar","Punjab"
"Chowk Surajan","146001","Hoshiarpur","Hoshiarpur","Punjab"
"Churiwala Dhanna","152127","Ferozepur","Ferozepur","Punjab"
"Civil Court Pathankot","145001","Gurdaspur","Gurdaspur","Punjab"
"Civil Lines","144001","Jalandhar","Jalandhar","Punjab"
"Civil Lines","141001","Ludhiana","Ludhiana","Punjab"
"Civil Lines Patiala","147001","Patiala","Patiala","Punjab"
"Civil Secretariat","144002","Jalandhar","Jalandhar","Punjab"
"Cloth Mkt Fazilka","152123","Ferozepur","Ferozepur","Punjab"
"College Nawanshahr","144514","Nawanshahr","Nawanshahr","Punjab"
"Colony","140124","Rupnagar","Rupnagar","Punjab"
"Colony Patiala","147001","Patiala","Patiala","Punjab"
"Colony Ropar","141002","Ludhiana","Ludhiana","Punjab"
"D A V College","144004","Jalandhar","Jalandhar","Punjab"
"Daheru","141412","Ludhiana","Ludhiana","Punjab"
"Dakha","141102","Ludhiana","Ludhiana","Punjab"
"Dakoha","144023","Jalandhar","Jalandhar","Punjab"
"Dalhousie Road","145001","Gurdaspur","Gurdaspur","Punjab"
"Dalla","142011","Ferozepur","Ferozepur","Punjab"
"Dappar Ammunition Depot","140506","Patiala","Patiala","Punjab"
"Darauli Kalan","144104","Jalandhar","Jalandhar","Punjab"
"Dass Niwas","143006","Amritsar","Amritsar","Punjab"
"Dasuya H O","144205","Hoshiarpur","Hoshiarpur","Punjab"
"Datarpur","144222","Hoshiarpur","Hoshiarpur","Punjab"
"Dayalpur","144419","Jalandhar","Jalandhar","Punjab"
"Dera Baba Jaimal Singh","143204","Amritsar","Amritsar","Punjab"
"Dera Baba Nanak","143604","Gurdaspur","Dera Baba Nanak","Punjab"
"Dhab","143001","Amritsar","Amritsar","Punjab"
"Dhamot","141413","Ludhiana","Ludhiana","Punjab"
"Dhanaula","148105","Fatehgarh Sahib","Dhanaula","Punjab"
"Dhangu Road","145001","Gurdaspur","Gurdaspur","Punjab"
"Dhanowali","144010","Jalandhar","Jalandhar","Punjab"
"Dhar Kalan","145021","Gurdaspur","Gurdaspur","Punjab"
"Dharamkot","142042","Ferozepur","Dharamkot","Punjab"
"Dharamkot Randhawa","143607","Amritsar","Amritsar","Punjab"
"Dharangwali","152125","Ferozepur","Ferozepur","Punjab"
"Dhariwal","143515","Gurdaspur","Dhariwal","Punjab"
"Dhesian Kahna","141311","Kapurthala","Kapurthala","Punjab"
"Dhianpur","143605","Gurdaspur","Gurdaspur","Punjab"
"Dhilwan","144804","Kapurthala","Dhilwan","Punjab"
"Dholbaha","144206","Hoshiarpur","Hoshiarpur","Punjab"
"Dhotian","143411","Amritsar","Amritsar","Punjab"
"Dhudike","142053","Ferozepur","Ferozepur","Punjab"
"Dhuri","148024","Sangrur","Dhuri","Punjab"
"Dialpur","144803","Kapurthala","Kapurthala","Punjab"
"Dina Nagar","143531","Gurdaspur","Dina Nagar","Punjab"
"Dirba","148035","Sangrur","Dirba","Punjab"
"Distillery Khasa","143107","Amritsar","Amritsar","Punjab"
"Doba","152031","Faridkot","Faridkot","Punjab"
"Domeli","144407","Kapurthala","Kapurthala","Punjab"
"Doraha","141421","Ludhiana","Ludhiana","Punjab"
"Dorangla","143526","Gurdaspur","Gurdaspur","Punjab"
"Dosanjh Kalan","144502","Gurdaspur","Gurdaspur","Punjab"
"Dosanjh Khurd","144511","Jalandhar","Jalandhar","Punjab"
"Dukhniwaran","147001","Patiala","Patiala","Punjab"
"Dunera","145022","Gurdaspur","Gurdaspur","Punjab"
"Durga Puri","141001","Ludhiana","Ludhiana","Punjab"
"Durgiana Mandir","143001","Amritsar","Amritsar","Punjab"
"F F Nangal","140126","Rupnagar","Rupnagar","Punjab"
"Faridkot H O","151203","Faridkot","Faridkot","Punjab"
"Faridkot Mandi","151203","Faridkot","Faridkot","Punjab"
"Faridkot Secretariat","151203","Faridkot","Faridkot","Punjab"
"Fateh Nangal","143508","Gurdaspur","Gurdaspur","Punjab"
"Fatehbad","143407","Amritsar","Amritsar","Punjab"
"Fatehgarh Churian","143602","Gurdaspur","Fatehgarh Churian","Punjab"
"Fatehgarh Panjjarian","148038","Sangrur","Sangrur","Punjab"
"Fatehgarh Panjtoor","142051","Ferozepur","Ferozepur","Punjab"
"Fatehpur Rajputan","143113","Amritsar","Amritsar","Punjab"
"Fazika","152123","Ferozepur","Ferozepur","Punjab"
"Fentoganj","144001","Jalandhar","Jalandhar","Punjab"
"Ferozepur","152003","Fatehgarh Sahib","Fatehgarh Sahib","Punjab"
"Ferozepur Bazar","152001","Ferozepur","Ferozepur","Punjab"
"Ferozepur City","152001","Ferozepur","Ferozepur","Punjab"
"Ferozepur City Arya","152001","Ferozepur","Ferozepur","Punjab"
"Ferozepur City D B Office","152001","Ferozepur","Ferozepur","Punjab"
"Ferozepur General Bus Sd","152001","Ferozepur","Ferozepur","Punjab"
"Ferozepur Sabzi","152001","Ferozepur","Ferozepur","Punjab"
"Ferozepur Sadar Bazar","152001","Ferozepur","Ferozepur","Punjab"
"Ferozpur Aliwal Lines","152001","Ferozepur","Ferozepur","Punjab"
"Ferozpur Cantt","152001","Ferozepur","Ferozepur","Punjab"
"Ferozpur H O","152001","Ferozepur","Ferozepur","Punjab"
"Ferozshah","142052","Ferozepur","Ferozepur","Punjab"
"Frhlon","141118","Ludhiana","Ludhiana","Punjab"
"G M Khanna","141401","Ludhiana","Ludhiana","Punjab"
"G N O C Sultanpur","144626","Kapurthala","Kapurthala","Punjab"
"G Nanak Ngr Batala","143505","Gurdaspur","Gurdaspur","Punjab"
"G Nanak Thl Plt Bhatinda","151002","Bhatinda","Bhatinda","Punjab"
"G T Rd Batala","143505","Gurdaspur","Gurdaspur","Punjab"
"G T Road Ludhiana","141003","Ludhiana","Ludhiana","Punjab"
"Galib Kalan","142036","Ludhiana","Ludhiana","Punjab"
"Gandhi Bazar","143006","Amritsar","Amritsar","Punjab"
"Gandhi Nagar Dina Nagar","143531","Gurdaspur","Gurdaspur","Punjab"
"Ganguwal","140123","Rupnagar","Rupnagar","Punjab"
"Garcha","144518","Jalandhar","Jalandhar","Punjab"
"Garh Shankar","144527","Hoshiarpur","Hoshiarpur","Punjab"
"Garha","144022","Jalandhar","Jalandhar","Punjab"
"Garhdiwala","144207","Hoshiarpur","Hoshiarpur","Punjab"
"Garhshankar Kutchery","144527","Hoshiarpur","Hoshiarpur","Punjab"
"General Bus Std","144001","Jalandhar","Jalandhar","Punjab"
"Ghagga","147102","Patiala","Ghagga","Punjab"
"Ghall Kalan","142048","Ferozepur","Ferozepur","Punjab"
"Ghall Khurd","142059","Ferozepur","Ferozepur","Punjab"
"Ghanauli","140113","Rupnagar","Rupnagar","Punjab"
"Ghanaur","140702","Patiala","Ghanaur","Punjab"
"Ghani Ke Banger","143538","Gurdaspur","Gurdaspur","Punjab"
"Gharanchon","148048","Sangrur","Sangrur","Punjab"
"Gharota","143533","Gurdaspur","Gurdaspur","Punjab"
"Gharuan","140413","Rupnagar","Rupnagar","Punjab"
"Gharyala","143421","Amritsar","Amritsar","Punjab"
"Ghawaddi","141206","Ludhiana","Ludhiana","Punjab"
"Gholia Khurd","142056","Ferozepur","Ferozepur","Punjab"
"Ghoman","143514","Gurdaspur","Gurdaspur","Punjab"
"Ghulal","141124","Ludhiana","Ludhiana","Punjab"
"Ghungrana","141204","Ludhiana","Ludhiana","Punjab"
"Ghurani Kalan","141419","Ludhiana","Ludhiana","Punjab"
"Gidderbaha","152101","Faridkot","Gidderbaha","Punjab"
"Gidderbaha C C","152102","Faridkot","Gidderbaha","Punjab"
"Gill","141116","Ludhiana","Ludhiana","Punjab"
"Girson Knitting Works","141008","Ludhiana","Ludhiana","Punjab"
"Goindwal","143422","Amritsar","Amritsar","Punjab"
"Golden Temple Amritsar","143006","Amritsar","Amritsar","Punjab"
"Gonina Mandi","151201","Bhatinda","Bhatinda","Punjab"
"Goraya","144409","Jalandhar","Goraya","Punjab"
"Govt Polytechnic","144409","Jalandhar","Jalandhar","Punjab"
"Govt Printing","147001","Patiala","Patiala","Punjab"
"Grain Market","144008","Jalandhar","Jalandhar","Punjab"
"Grain Mkt Moga","142001","Ferozepur","Ferozepur","Punjab"
"Gujarwal","141202","Ludhiana","Ludhiana","Punjab"
"Gujran","148042","Sangrur","Sangrur","Punjab"
"Gurbax Colony","147001","Patiala","Patiala","Punjab"
"Gurdaspur","143521","Gurdaspur","Gurdaspur","Punjab"
"Gurdaspur City","143521","Gurdaspur","Gurdaspur","Punjab"
"Gurdaspur H O","143521","Gurdaspur","Gurdaspur","Punjab"
"Gurdaspur Kutchery","143521","Gurdaspur","Gurdaspur","Punjab"
"Gurdaspur Mandi","143521","Gurdaspur","Gurdaspur","Punjab"
"Gurdaspur Road","145001","Gurdaspur","Gurdaspur","Punjab"
"Gurdaspur Tibri Road","143521","Gurdaspur","Gurdaspur","Punjab"
"Gurdev Nagar","141001","Ludhiana","Ludhiana","Punjab"
"Guru Nanak Engineering College","141006","Ludhiana","Ludhiana","Punjab"
"Guru Nanak Nagar","146001","Hoshiarpur","Hoshiarpur","Punjab"
"Guru Ram","143006","Amritsar","Amritsar","Punjab"
"Guru Ravi Dass Rd","144001","Jalandhar","Jalandhar","Punjab"
"Guru Shai","152022","Ferozepur","Ferozepur","Punjab"
"Guru Tegh Bahadurgarh","142049","Ferozepur","Ferozepur","Punjab"
"Hadiaya","148107","Sangrur","Sangrur","Punjab"
"Hajipur","144221","Fatehgarh Sahib","Hajipur","Punjab"
"Haliwara A D","141106","Ludhiana","Ludhiana","Punjab"
"Halwara","141107","Ludhiana","Ludhiana","Punjab"
"Hamayunpur","140406","Patiala","Patiala","Punjab"
"Hamidi","148039","Sangrur","Sangrur","Punjab"
"Handesra","140502","Patiala","Patiala","Punjab"
"Harchowal","143527","Gurdaspur","Gurdaspur","Punjab"
"Hariana","144208","Hoshiarpur","Hariana","Punjab"
"Harike","143412","Amritsar","Amritsar","Punjab"
"Haripur","152128","Fatehgarh Sahib","Fatehgarh Sahib","Punjab"
"Haryal","145027","Gurdaspur","Gurdaspur","Punjab"
"Hathur","142031","Ludhiana","Ludhiana","Punjab"
"Hide Market","143001","Amritsar","Amritsar","Punjab"
"Hindu Sabha College","143006","Amritsar","Amritsar","Punjab"
"Hoshiarpur","146001","Hoshiarpur","Hoshiarpur","Punjab"
"Hoshiarpur City","146001","Hoshiarpur","Hoshiarpur","Punjab"
"Hoshiarpur Gaushala Bazar","146001","Hoshiarpur","Hoshiarpur","Punjab"
"Hoshiarpur Govt College","146001","Hoshiarpur","Hoshiarpur","Punjab"
"Hoshiarpur H O","146001","Hoshiarpur","Hoshiarpur","Punjab"
"Hoshiarpur Rd","144004","Jalandhar","Jalandhar","Punjab"
"Hoshiarpur Road","144401","Kapurthala","Kapurthala","Punjab"
"Hospital Road","148001","Sangrur","Sangrur","Punjab"
"Ikbalganj Ludhiana","141008","Ludhiana","Ludhiana","Punjab"
"Industrial Area","140401","Patiala","Patiala","Punjab"
"Industrial Area Moga","142001","Ferozepur","Ferozepur","Punjab"
"Industrial Area Phillaur","144410","Jalandhar","Jalandhar","Punjab"
"Industrial Colony Ludhiana","141003","Ludhiana","Ludhiana","Punjab"
"Industrial Estate","141003","Ludhiana","Ludhiana","Punjab"
"Industrial Focal Point","140401","Patiala","Patiala","Punjab"
"Industrial Town","144004","Jalandhar","Jalandhar","Punjab"
"Industrial Town","147301","Patiala","Patiala","Punjab"
"Isru","141414","Ludhiana","Ludhiana","Punjab"
"Jadla","144515","Jalandhar","Jalandhar","Punjab"
"Jagatjit Ngr Kapurthala","144802","Kapurthala","Kapurthala","Punjab"
"Jagraon City","142026","Ludhiana","Ludhiana","Punjab"
"Jagraon H O","142026","Ludhiana","Ludhiana","Punjab"
"Jagraon Tehsil","142026","Ludhiana","Ludhiana","Punjab"
"Jaijon","144530","Hoshiarpur","Hoshiarpur","Punjab"
"Jail Rd Ludhiana","141008","Ludhiana","Ludhiana","Punjab"
"Jaioke","148116","Bhatinda","Bhatinda","Punjab"
"Jaitu","151202","Faridkot","Jaitu","Punjab"
"Jalalabad","152024","Ferozepur","Jalalabad","Punjab"
"Jalandhar","144002","Jalandhar","Jalandhar","Punjab"
"Jalandhar","144003","Jalandhar","Jalandhar","Punjab"
"Jalandhar","144004","Jalandhar","Jalandhar","Punjab"
"Jalandhar","144005","Jalandhar","Jalandhar","Punjab"
"Jalandhar","144006","Jalandhar","Jalandhar","Punjab"
"Jalandhar","144021","Jalandhar","Jalandhar","Punjab"
"Jalandhar Cantt","144005","Jalandhar","Jalandhar","Punjab"
"Jalandhar Cantt H O","144005","Jalandhar","Jalandhar","Punjab"
"Jalandhar City","144001","Jalandhar","Jalandhar","Punjab"
"Jalandhar City H O","144001","Jalandhar","Jalandhar","Punjab"
"Jalpat Rai Market","141008","Ludhiana","Ludhiana","Punjab"
"Jamalpur Awana","141111","Ludhiana","Ludhiana","Punjab"
"Jamsher","144020","Jalandhar","Jalandhar","Punjab"
"Janal","148040","Sangrur","Sangrur","Punjab"
"Janauri","144209","Hoshiarpur","Hoshiarpur","Punjab"
"Jandiala","141303","Kapurthala","Jandiala","Punjab"
"Jandiala Guru","143115","Amritsar","Amritsar","Punjab"
"Jandu Singha","144025","Jalandhar","Jalandhar","Punjab"
"Janta Nagar","141003","Ludhiana","Ludhiana","Punjab"
"Jarg","141415","Ludhiana","Ludhiana","Punjab"
"Jaspal Bangar","141122","Ludhiana","Ludhiana","Punjab"
"Jaurian Bhatian","147001","Patiala","Patiala","Punjab"
"Jawala Fr Mls Amritsar","143003","Amritsar","Amritsar","Punjab"
"Jhumba","152103","Faridkot","Faridkot","Punjab"
"Jhumianwali","152130","Ferozepur","Ferozepur","Punjab"
"Jhunir","151506","Bhatinda","Bhatinda","Punjab"
"Jodhan","142029","Ludhiana","Ludhiana","Punjab"
"Joga","148109","Bhatinda","Bhatinda","Punjab"
"K C G S Sudhar","141104","Ludhiana","Ludhiana","Punjab"
"K Nagar Batala","143505","Gurdaspur","Gurdaspur","Punjab"
"Kacha Pacca","143304","Amritsar","Amritsar","Punjab"
"Kahangarh","151511","Bhatinda","Bhatinda","Punjab"
"Kahma","144512","Jalandhar","Jalandhar","Punjab"
"Kahnuwan","143528","Gurdaspur","Gurdaspur","Punjab"
"Kairon","143415","Amritsar","Amritsar","Punjab"
"Kala Afghana","143513","Gurdaspur","Gurdaspur","Punjab"
"Kala Bakra","144303","Jalandhar","Jalandhar","Punjab"
"Kala Singhian","144623","Kapurthala","Kapurthala","Punjab"
"Kalanaur","143512","Gurdaspur","Kalanaur","Punjab"
"Kaleki","148112","Bhatinda","Bhatinda","Punjab"
"Kaler Kalan","143523","Gurdaspur","Gurdaspur","Punjab"
"Kamalpur","142030","Ludhiana","Ludhiana","Punjab"
"Kamalpur Hoshiarpur","146001","Hoshiarpur","Hoshiarpur","Punjab"
"Kamani Devi","144223","Hoshiarpur","Hoshiarpur","Punjab"
"Kandwala Amarkot","152005","Ferozepur","Ferozepur","Punjab"
"Kang","143406","Amritsar","Amritsar","Punjab"
"Kangra Colony","143006","Amritsar","Amritsar","Punjab"
"Kapurthala","144601","Kapurthala","Kapurthala","Punjab"
"Kapurthala Bus Stn","144601","Kapurthala","Kapurthala","Punjab"
"Kapurthala H O","144601","Kapurthala","Kapurthala","Punjab"
"Kapurthala Mandi","144601","Kapurthala","Kapurthala","Punjab"
"Kapurthala Town","144601","Kapurthala","Kapurthala","Punjab"
"Kartarpur","144801","Kapurthala","Kartarpur","Punjab"
"Kartarpur Qilla","144801","Kapurthala","Kartarpur","Punjab"
"Kathgarh","144522","Hoshiarpur","Hoshiarpur","Punjab"
"Kathu Nangal","143502","Amritsar","Amritsar","Punjab"
"Katni Kalan","141113","Ludhiana","Ludhiana","Punjab"
"Katra Karam Singh","143006","Amritsar","Amritsar","Punjab"
"Katra Sher Singh","143006","Amritsar","Amritsar","Punjab"
"Kattu","148117","Sangrur","Sangrur","Punjab"
"Kauli","140701","Patiala","Patiala","Punjab"
"Khadur Sahib","143117","Amritsar","Amritsar","Punjab"
"Khalra","143305","Amritsar","Amritsar","Punjab"
"Khalsa College","143117","Amritsar","Amritsar","Punjab"
"Khamano Kalan","140801","Ludhiana","Ludhiana","Punjab"
"Khanal Kalan","148045","Sangrur","Sangrur","Punjab"
"Khankhana","144509","Jalandhar","Jalandhar","Punjab"
"Khanna H O","141401","Ludhiana","Ludhiana","Punjab"
"Khanna Ngr Amritsar","143004","Amritsar","Amritsar","Punjab"
"Kharar","140301","Rupnagar","Kharar","Punjab"
"Kharar Mills Road","140301","Rupnagar","Kharar","Punjab"
"Khem Karan","143419","Amritsar","Khem Karan","Punjab"
"Khilchian","143111","Amritsar","Amritsar","Punjab"
"Khizrabad West","140109","Rupnagar","Rupnagar","Punjab"
"Khudda","144305","Hoshiarpur","Hoshiarpur","Punjab"
"Khuikhera","152121","Ferozepur","Ferozepur","Punjab"
"Kidwai Nagar","141008","Ludhiana","Ludhiana","Punjab"
"Kila Raipur","141201","Ludhiana","Ludhiana","Punjab"
"Killianwali","152004","Ferozepur","Ferozepur","Punjab"
"Kiratpur Sahib","140115","Rupnagar","Rupnagar","Punjab"
"Kishanpura","142058","Fatehgarh Sahib","Fatehgarh Sahib","Punjab"
"Kohara","141112","Ludhiana","Ludhiana","Punjab"
"Kokri Kalan","142054","Ferozepur","Ferozepur","Punjab"
"Kot Abdul Khaliq","146110","Hoshiarpur","Hoshiarpur","Punjab"
"Kot Fatuhi","144519","Hoshiarpur","Hoshiarpur","Punjab"
"Kot Isekhan","142043","Ferozepur","Ferozepur","Punjab"
"Kot Kishan Chand","144004","Jalandhar","Jalandhar","Punjab"
"Kot Rallia Ram","143006","Amritsar","Amritsar","Punjab"
"Kothla","148044","Sangrur","Sangrur","Punjab"
"Kotkapura","151204","Faridkot","Faridkot","Punjab"
"Kotla Power House","140116","Rupnagar","Rupnagar","Punjab"
"Krishana Nagri","152116","Ferozepur","Ferozepur","Punjab"
"Krishna Sudama","152001","Ferozepur","Ferozepur","Punjab"
"Kukar Pind","144024","Jalandhar","Jalandhar","Punjab"
"Kultham","144401","Kapurthala","Kapurthala","Punjab"
"Kurali","140103","Rupnagar","Kurali","Punjab"
"Kutchery","144001","Jalandhar","Jalandhar","Punjab"
"Kuttiwal Kalan","151510","Bhatinda","Bhatinda","Punjab"
"Labour Colony","141003","Ludhiana","Ludhiana","Punjab"
"Ladda","148034","Sangrur","Sangrur","Punjab"
"Ladhana Jhikka","144510","Jalandhar","Jalandhar","Punjab"
"Lahori Gate Patiala","147001","Patiala","Patiala","Punjab"
"Lairu","140501","Patiala","Patiala","Punjab"
"Lajpat Nagar","144001","Jalandhar","Jalandhar","Punjab"
"Lakhinder","144304","Hoshiarpur","Hoshiarpur","Punjab"
"Lal Bazar","148023","Sangrur","Sangrur","Punjab"
"Lalton Kalan","142022","Ludhiana","Ludhiana","Punjab"
"Lambi","152113","Faridkot","Faridkot","Punjab"
"Lambra","144026","Jalandhar","Jalandhar","Punjab"
"Landran","140307","Rupnagar","Rupnagar","Punjab"
"Langroya","144516","Jalandhar","Jalandhar","Punjab"
"Lasara","144415","Jalandhar","Jalandhar","Punjab"
"Latala","141205","Ludhiana","Ludhiana","Punjab"
"Law Courts Patiala","147001","Patiala","Patiala","Punjab"
"Lawrence Road Amritsar","143001","Amritsar","Amritsar","Punjab"
"Lehragaga","148031","Sangrur","Lehragaga","Punjab"
"Lodhi","144626","Kapurthala","Kapurthala","Punjab"
"Lohat Badi","148009","Sangrur","Sangrur","Punjab"
"Lohian","144629","Kapurthala","Kapurthala","Punjab"
"Longowal","148106","Sangrur","Longowal","Punjab"
"Ludhiana","141001","Ludhiana","Ludhiana","Punjab"
"Ludhiana","141003","Ludhiana","Ludhiana","Punjab"
"Ludhiana","141005","Ludhiana","Ludhiana","Punjab"
"Ludhiana","141007","Ludhiana","Ludhiana","Punjab"
"Ludhiana","141008","Ludhiana","Ludhiana","Punjab"
"Ludhiana Bus Stand","141001","Ludhiana","Ludhiana","Punjab"
"Ludhiana Central","141008","Ludhiana","Ludhiana","Punjab"
"Ludhiana H O","141001","Ludhiana","Ludhiana","Punjab"
"Ludhiana Kutchery","141001","Ludhiana","Ludhiana","Punjab"
"Lutheri","140102","Rupnagar","Rupnagar","Punjab"
"Lyallpur Khalsa","144001","Jalandhar","Jalandhar","Punjab"
"M T Jalandhar","144003","Jalandhar","Jalandhar","Punjab"
"Machhiwara","141115","Ludhiana","Machhiwara","Punjab"
"Madhopur","145024","Fatehgarh Sahib","Fatehgarh Sahib","Punjab"
"Madhopuri Ludhiana","141008","Ludhiana","Ludhiana","Punjab"
"Mahatpur","141315","Kapurthala","Kapurthala","Punjab"
"Mahendra College","147001","Patiala","Patiala","Punjab"
"Mahil Gaila","144506","Jalandhar","Jalandhar","Punjab"
"Mahilkalan","148104","Sangrur","Sangrur","Punjab"
"Mahilpur","146105","Hoshiarpur","Mahilpur","Punjab"
"Mahilpur Bus Stnd","146105","Hoshiarpur","Mahilpur","Punjab"
"Mainpur","140108","Rupnagar","Rupnagar","Punjab"
"Maja Singh","143518","Gurdaspur","Gurdaspur","Punjab"
"Majitha","143601","Amritsar","Majitha","Punjab"
"Majitha Mandi","143006","Amritsar","Amritsar","Punjab"
"Makhu","142044","Ferozepur","Makhu","Punjab"
"Malaudh","141119","Ludhiana","Ludhiana","Punjab"
"Malerkotla","148023","Sangrur","Malerkotla","Punjab"
"Malikpur","145025","Gurdaspur","Gurdaspur","Punjab"
"Mallah","142035","Ludhiana","Ludhiana","Punjab"
"Mallanwala","152021","Ferozepur","Ferozepur","Punjab"
"Malout","152107","Muktsar","Malout","Punjab"
"Malsian","144701","Kapurthala","Kapurthala","Punjab"
"Mamdot","152023","Ferozepur","Ferozepur","Punjab"
"Mamoon","145002","Gurdaspur","Gurdaspur","Punjab"
"Man","142023","Ludhiana","Ludhiana","Punjab"
"Manakpur","140602","Patiala","Patiala","Punjab"
"Manauli","140306","Rupnagar","Rupnagar","Punjab"
"Manawan","142061","Ferozepur","Ferozepur","Punjab"
"Mandi","152001","Ferozepur","Ferozepur","Punjab"
"Mandi Aminganj","152033","Ferozepur","Ferozepur","Punjab"
"Mandi Gobindgarh","147301","Patiala","Patiala","Punjab"
"Mandi Govindgarh","147301","Patiala","Patiala","Punjab"
"Mandi Govindgarh R/R","147301","Patiala","Patiala","Punjab"
"Mandi Kalan","151110","Bhatinda","Bhatinda","Punjab"
"Mangwal","148008","Sangrur","Sangrur","Punjab"
"Manjit Nagar","144001","Jalandhar","Jalandhar","Punjab"
"Manoke","142034","Ludhiana","Ludhiana","Punjab"
"Mansa","151505","Mansa","Mansa","Punjab"
"Marara","143535","Gurdaspur","Gurdaspur","Punjab"
"Masatgarh","143420","Amritsar","Amritsar","Punjab"
"Maur","151509","Bhatinda","Maur","Punjab"
"Mauran","148049","Sangrur","Sangrur","Punjab"
"Mauzam","152131","Ferozepur","Ferozepur","Punjab"
"Mauzgarh","152132","Ferozepur","Ferozepur","Punjab"
"Medical College","147001","Patiala","Patiala","Punjab"
"Medical College Amritsar","143001","Amritsar","Amritsar","Punjab"
"Meemsa","147205","Patiala","Patiala","Punjab"
"Mehandpur","144526","Rupnagar","Rupnagar","Punjab"
"Mehangarwal","144218","Hoshiarpur","Hoshiarpur","Punjab"
"Mehlam","148007","Sangrur","Sangrur","Punjab"
"Mehraj","151105","Bhatinda","Bhatinda","Punjab"
"Mehta Chowk","143144","Amritsar","Amritsar","Punjab"
"Mewa Mandi","143001","Amritsar","Amritsar","Punjab"
"Miani","144202","Hoshiarpur","Hoshiarpur","Punjab"
"Military Hospital","144005","Jalandhar","Jalandhar","Punjab"
"Millerganj","141003","Ludhiana","Ludhiana","Punjab"
"Mirthal","145101","Hoshiarpur","Hoshiarpur","Punjab"
"Mission Road","145001","Gurdaspur","Gurdaspur","Punjab"
"Model Colony","145001","Gurdaspur","Gurdaspur","Punjab"
"Model House Colony","144003","Jalandhar","Jalandhar","Punjab"
"Model Town","146001","Hoshiarpur","Hoshiarpur","Punjab"
"Moga H O","142001","Moga","Moga","Punjab"
"Moga Kutchery","142001","Moga","Moga","Punjab"
"Moga Purana","142001","Moga","Moga","Punjab"
"Mohalla Ramdaspura","144003","Jalandhar","Jalandhar","Punjab"
"Mohan Nagar","143006","Amritsar","Amritsar","Punjab"
"Mohie","141103","Ludhiana","Ludhiana","Punjab"
"Moranwali","144531","Hoshiarpur","Hoshiarpur","Punjab"
"Morinda","140101","Rupnagar","Morinda","Punjab"
"Motor Terminus","141310","Kapurthala","Kapurthala","Punjab"
"Mubarikpur","140201","Rupnagar","Rupnagar","Punjab"
"Mudki","142060","Ferozepur","Ferozepur","Punjab"
"Mukandpur","144507","Jalandhar","Jalandhar","Punjab"
"Mukerian","144211","Hoshiarpur","Mukerian","Punjab"
"Muktsar","152026","Muktsar","Muktsar","Punjab"
"Muktsar Kutchery","152026","Muktsar","Muktsar","Punjab"
"Mullanpur","140901","Fatehgarh Sahib","Fatehgarh Sahib","Punjab"
"Mullanpur Mandi","141101","Ludhiana","Ludhiana","Punjab"
"Musapur","144513","Jalandhar","Jalandhar","Punjab"
"N G Batala","143505","Gurdaspur","Gurdaspur","Punjab"
"N R Locomotive Wk Shp","143001","Amritsar","Amritsar","Punjab"
"Nabha","144624","Kapurthala","Nabha","Punjab"
"Nabha","147201","Patiala","Patiala","Punjab"
"Nabha Rly Station","147201","Patiala","Patiala","Punjab"
"Nadala","144624","Kapurthala","Kapurthala","Punjab"
"Nagra","148032","Sangrur","Sangrur","Punjab"
"Nai Basti","151001","Bhatinda","Bhatinda","Punjab"
"Nai Basti Mansa","151505","Mansa","Mansa","Punjab"
"Nai Mandi Khanna","141401","Ludhiana","Ludhiana","Punjab"
"Nakodar","141310","Kapurthala","Nakodar","Punjab"
"Nakodar Mandi","141310","Kapurthala","Nakodar","Punjab"
"Nanda Chaur","146114","Hoshiarpur","Hoshiarpur","Punjab"
"Nangal","140125","Rupnagar","Nangal","Punjab"
"Nangal Ambia","144703","Kapurthala","Kapurthala","Punjab"
"Nangal Dam","140124","Rupnagar","Rupnagar","Punjab"
"Nangal Factory Area","140126","Rupnagar","Rupnagar","Punjab"
"Nangal Kalan","146106","Hoshiarpur","Hoshiarpur","Punjab"
"Nangal Labour","140124","Rupnagar","Rupnagar","Punjab"
"Nangal Lubana","144631","Kapurthala","Kapurthala","Punjab"
"Nangal Sector 2","140126","Rupnagar","Rupnagar","Punjab"
"Nangal Township","140124","Rupnagar","Rupnagar","Punjab"
"Naraingarh","143106","Amritsar","Amritsar","Punjab"
"Narangwal","141203","Ludhiana","Ludhiana","Punjab"
"Narot Jaimal Singh","145026","Gurdaspur","Gurdaspur","Punjab"
"Narur","144405","Kapurthala","Kapurthala","Punjab"
"Nathana","151102","Bhatinda","Bhatinda","Punjab"
"National Fertilizer","151102","Bhatinda","Bhatinda","Punjab"
"Naura","144508","Jalandhar","Jalandhar","Punjab"
"Naushehra","144508","Jalandhar","Jalandhar","Punjab"
"Nawankot","143001","Amritsar","Amritsar","Punjab"
"Nawanshahr","144514","Nawanshahr","Nawanshahr","Punjab"
"Nawanshahr Mandi","144514","Nawanshahr","Nawanshahr","Punjab"
"Nawanshahr Road Banga","144505","Nawanshahr","Nawanshahr","Punjab"
"Naya Nangal","140126","Rupnagar","Rupnagar","Punjab"
"Neta Ji Nagar","141005","Ludhiana","Ludhiana","Punjab"
"New Grain Mkt","148001","Sangrur","Sangrur","Punjab"
"New Lal Bagh","147001","Patiala","Patiala","Punjab"
"New Railway Colony","144001","Jalandhar","Jalandhar","Punjab"
"Nihal Khera","152122","Ferozepur","Ferozepur","Punjab"
"Nihal Singh Wala","142055","Ferozepur","Ferozepur","Punjab"
"Nurmahal","141309","Kapurthala","Kapurthala","Punjab"
"Nurpur Bedi","140117","Rupnagar","Rupnagar","Punjab"
"O D Suranassi","144027","Jalandhar","Jalandhar","Punjab"
"P & T Colony Ludhiana","141001","Ludhiana","Ludhiana","Punjab"
"P A P Lines","141004","Ludhiana","Ludhiana","Punjab"
"P A U Ludhiana","141004","Ludhiana","Ludhiana","Punjab"
"P T S Phillaur","144410","Jalandhar","Jalandhar","Punjab"
"Pakhowal","141108","Ludhiana","Ludhiana","Punjab"
"Pakki Khanauri","148027","Sangrur","Sangrur","Punjab"
"Pako Kalan","148110","Bhatinda","Bhatinda","Punjab"
"Paldi","146107","Hoshiarpur","Hoshiarpur","Punjab"
"Panchhat","144408","Kapurthala","Kapurthala","Punjab"
"Panjgrain Kalan","151207","Bhatinda","Bhatinda","Punjab"
"Panjjodeota","146115","Hoshiarpur","Hoshiarpur","Punjab"
"Panjkosi","152129","Ferozepur","Ferozepur","Punjab"
"Partabpur","141305","Kapurthala","Kapurthala","Punjab"
"Partap Nagar","141305","Kapurthala","Kapurthala","Punjab"
"Pasla","141307","Kapurthala","Kapurthala","Punjab"
"Patara","144101","Jalandhar","Jalandhar","Punjab"
"Paterwala","152126","Ferozepur","Ferozepur","Punjab"
"Pathankot","145001","Gurdaspur","Pathankot","Punjab"
"Patiala","147001","Patiala","Patiala","Punjab"
"Patiala City","147001","Patiala","Patiala","Punjab"
"Patiala Gate","147201","Patiala","Patiala","Punjab"
"Patiala H O","147001","Patiala","Patiala","Punjab"
"Patran","147105","Patiala","Patiala","Punjab"
"Pattar Kalan","144806","Kapurthala","Kapurthala","Punjab"
"Patti","143416","Amritsar","Patti","Punjab"
"Pattohira Singh","142046","Ferozepur","Ferozepur","Punjab"
"Payal","141416","Ludhiana","Payal","Punjab"
"Pepsu Bhakara","147001","Patiala","Patiala","Punjab"
"Phagwara","144401","Kapurthala","Phagwara","Punjab"
"Phagwara H O","144401","Kapurthala","Phagwara","Punjab"
"Pharla","144503","Jalandhar","Jalandhar","Punjab"
"Pharwali","148114","Bhatinda","Bhatinda","Punjab"
"Phillaur","144410","Jalandhar","Phillaur","Punjab"
"Phul","151104","Bhatinda","Bhatinda","Punjab"
"Piplanwala","146022","Hoshiarpur","Hoshiarpur","Punjab"
"Police Lines Patiala","147001","Patiala","Patiala","Punjab"
"Preet Nagar","143110","Amritsar","Amritsar","Punjab"
"Preet Nagar","144004","Jalandhar","Jalandhar","Punjab"
"Press Patiala","147001","Patiala","Patiala","Punjab"
"Purhiran","146111","Hoshiarpur","Hoshiarpur","Punjab"
"Qadian","143516","Gurdaspur","Qadian","Punjab"
"R K Arya","144514","Jalandhar","Jalandhar","Punjab"
"R R Batala","143505","Gurdaspur","Gurdaspur","Punjab"
"Ragho Majra Patiala","147001","Patiala","Patiala","Punjab"
"Rahawan","141417","Ludhiana","Ludhiana","Punjab"
"Rahon","144517","Jalandhar","Rahon","Punjab"
"Raikot","141109","Ludhiana","Raikot","Punjab"
"Railway Rd","146001","Hoshiarpur","Hoshiarpur","Punjab"
"Railway Road","144001","Jalandhar","Jalandhar","Punjab"
"Railway Road","141310","Kapurthala","Kapurthala","Punjab"
"Railway Station","152001","Ferozepur","Ferozepur","Punjab"
"Raipur Pirbuxwala","144619","Hoshiarpur","Hoshiarpur","Punjab"
"Raja Sansi","143101","Amritsar","Amritsar","Punjab"
"Rajpur Bhayan","146112","Hoshiarpur","Hoshiarpur","Punjab"
"Rajpura","140401","Patiala","Rajpura","Punjab"
"Rajpura H O","140401","Patiala","Rajpura","Punjab"
"Rajpura Township","140401","Patiala","Rajpura","Punjab"
"Ram Dass","143603","Amritsar","Amritsar","Punjab"
"Ram Nagar","152112","Faridkot","Faridkot","Punjab"
"Ram Road Zira","142047","Ferozepur","Ferozepur","Punjab"
"Rama Mandi","144005","Jalandhar","Jalandhar","Punjab"
"Raman","151301","Bhatinda","Raman","Punjab"
"Ramgarh","140202","Rupnagar","Rupnagar","Punjab"
"Rampur","141418","Ludhiana","Ludhiana","Punjab"
"Rampur Bilron","144528","Hoshiarpur","Hoshiarpur","Punjab"
"Rampura Phul","151103","Bhatinda","Rampura Phul","Punjab"
"Ramsara","152120","Ferozepur","Ferozepur","Punjab"
"Rani Ka Bagh","143001","Amritsar","Amritsar","Punjab"
"Ranipur","144403","Kapurthala","Kapurthala","Punjab"
"Rasta Mohalla","144001","Jalandhar","Jalandhar","Punjab"
"Raya","143112","Fatehgarh Sahib","Fatehgarh Sahib","Punjab"
"Rayon Silk Mills","143112","Amritsar","Amritsar","Punjab"
"Regional Engg College","144011","Jalandhar","Jalandhar","Punjab"
"Rlwy Bazar","151204","Faridkot","Faridkot","Punjab"
"Rlwy Road Phagwara","144401","Kapurthala","Kapurthala","Punjab"
"Road Patiala","147001","Patiala","Patiala","Punjab"
"Rogla","148036","Sangrur","Sangrur","Punjab"
"Roorka Kalan","141302","Kapurthala","Kapurthala","Punjab"
"Rup Nagar College","140001","Rupnagar","Rupnagar","Punjab"
"Rup Ngr Motar Terminus","140001","Rupnagar","Rupnagar","Punjab"
"Rupana","152032","Faridkot","Faridkot","Punjab"
"Rupar H O","140001","Rupnagar","Rupnagar","Punjab"
"Sabra","143417","Amritsar","Amritsar","Punjab"
"Sadar Bazar","143001","Amritsar","Amritsar","Punjab"
"Sadar Bazar","152026","Faridkot","Faridkot","Punjab"
"Sadar Bazar","144005","Jalandhar","Jalandhar","Punjab"
"Sadhu Ashram","146021","Hoshiarpur","Hoshiarpur","Punjab"
"Sahauran","140104","Rupnagar","Rupnagar","Punjab"
"Sahilba","144525","Hoshiarpur","Hoshiarpur","Punjab"
"Sahlon","144421","Jalandhar","Jalandhar","Punjab"
"Saifabad Gate Patiala","147001","Patiala","Patiala","Punjab"
"Saila Khurd","144529","Hoshiarpur","Hoshiarpur","Punjab"
"Salabatpur","151108","Bhatinda","Bhatinda","Punjab"
"Salem Tabri","141005","Ludhiana","Ludhiana","Punjab"
"Samadh Bhal","142057","Ferozepur","Ferozepur","Punjab"
"Samaj Chowk","152001","Ferozepur","Ferozepur","Punjab"
"Samana","147101","Patiala","Samana","Punjab"
"Samrai","141302","Kapurthala","Kapurthala","Punjab"
"Samrala","141114","Ludhiana","Samrala","Punjab"
"Samrala City","141114","Ludhiana","Samrala","Punjab"
"Samrala Rd Ludhiana","141008","Ludhiana","Ludhiana","Punjab"
"Samundra","144532","Hoshiarpur","Hoshiarpur","Punjab"
"Sanaur","147103","Patiala","Sanaur","Punjab"
"Sandhaur","148020","Sangrur","Sangrur","Punjab"
"Sandhawan","151209","Faridkot","Faridkot","Punjab"
"Sanehwal","141120","Ludhiana","Ludhiana","Punjab"
"Sangat","151401","Bhatinda","Sangat","Punjab"
"Sangatpursodhian","140405","Patiala","Patiala","Punjab"
"Sanghera","148113","Bhatinda","Bhatinda","Punjab"
"Sanghol","140802","Fatehgarh Sahib","Fatehgarh Sahib","Punjab"
"Sangrur","148001","Sangrur","Sangrur","Punjab"
"Sangrur City","148001","Sangrur","Sangrur","Punjab"
"Sangrur H O","148001","Sangrur","Sangrur","Punjab"
"Sangrur Rd Dhuri","148024","Sangrur","Sangrur","Punjab"
"Sant Road","144601","Kapurthala","Kapurthala","Punjab"
"Saraba","141105","Ludhiana","Ludhiana","Punjab"
"Sarai Amanat Khan","143414","Amritsar","Amritsar","Punjab"
"Sardulgarh","151507","Mansa","Sardulgarh","Punjab"
"Sarhala Kalan","146108","Hoshiarpur","Hoshiarpur","Punjab"
"Sarhali","143410","Amritsar","Amritsar","Punjab"
"Sarhali","144633","Kapurthala","Kapurthala","Punjab"
"Sarih","141317","Kapurthala","Kapurthala","Punjab"
"Saroa","144524","Hoshiarpur","Hoshiarpur","Punjab"
"Sat Sang Rd Ludhiana","141001","Ludhiana","Ludhiana","Punjab"
"Sathiala","143205","Amritsar","Amritsar","Punjab"
"Satnampura","144402","Kapurthala","Kapurthala","Punjab"
"Secretariat Patiala","147001","Patiala","Patiala","Punjab"
"Session Courts","144001","Jalandhar","Jalandhar","Punjab"
"Seth Jagat","143001","Amritsar","Amritsar","Punjab"
"Shahi Samadhan Patiala","147001","Patiala","Patiala","Punjab"
"Shahib Udham","144001","Jalandhar","Jalandhar","Punjab"
"Shahid Gurdas","142047","Ferozepur","Ferozepur","Punjab"
"Shahkot","144702","Kapurthala","Shahkot","Punjab"
"Shahpur Kandi","145029","Gurdaspur","Gurdaspur","Punjab"
"Shaina","148103","Sangrur","Sangrur","Punjab"
"Shakti Nagar","144001","Jalandhar","Jalandhar","Punjab"
"Sham Chaurasi","144105","Hoshiarpur","Hoshiarpur","Punjab"
"Shambhu","140417","Patiala","Patiala","Punjab"
"Shanker","141316","Kapurthala","Kapurthala","Punjab"
"Sheikhupura","144620","Kapurthala","Kapurthala","Punjab"
"Sheranwala Gate Patiala","147001","Patiala","Patiala","Punjab"
"Sheron","148111","Bhatinda","Bhatinda","Punjab"
"Sherpur","148025","Sangrur","Sangrur","Punjab"
"Shitya Sadan","152116","Ferozepur","Ferozepur","Punjab"
"Sialba Majri","140110","Rupnagar","Rupnagar","Punjab"
"Siali","145003","Gurdaspur","Gurdaspur","Punjab"
"Sidhpeeth Ludhiana","141001","Ludhiana","Ludhiana","Punjab"
"Sidhwan","141318","Kapurthala","Kapurthala","Punjab"
"Sidhwan Bet","142033","Ludhiana","Ludhiana","Punjab"
"Sidhwan Khurd","142024","Ludhiana","Ludhiana","Punjab"
"Sihar","141117","Ludhiana","Ludhiana","Punjab"
"Singh Nagar","144001","Jalandhar","Jalandhar","Punjab"
"Sirhind","140406","Patiala","Patiala","Punjab"
"Sirhind City","140407","Patiala","Patiala","Punjab"
"Sirhindi Bazar Patiala","147001","Patiala","Patiala","Punjab"
"Sirki Bazar Bhatinda","151506","Bhatinda","Bhatinda","Punjab"
"Sodal Rd","144004","Jalandhar","Jalandhar","Punjab"
"Sohal","143520","Gurdaspur","Gurdaspur","Punjab"
"Sohana","140308","Rupnagar","Rupnagar","Punjab"
"Sowaddi","142025","Ludhiana","Ludhiana","Punjab"
"Sri Hargobindpur","143515","Gurdaspur","Sri Hargobindpur","Punjab"
"Steno House Agency","143001","Amritsar","Amritsar","Punjab"
"Suban","152124","Ferozepur","Ferozepur","Punjab"
"Sujanpur","145023","Gurdaspur","Sujanpur","Punjab"
"Sultanpur Lodhi","144626","Kapurthala","Sultanpur Lodhi","Punjab"
"Sultant Wind Gate","143006","Amritsar","Amritsar","Punjab"
"Sultanwind","143021","Amritsar","Amritsar","Punjab"
"Sultanwind Gate","143021","Amritsar","Amritsar","Punjab"
"Sunam","148028","Sangrur","Sunam","Punjab"
"Sunam City","148028","Sangrur","Sunam","Punjab"
"Sur Singh","143302","Amritsar","Amritsar","Punjab"
"Takhatgarh","140119","Rupnagar","Rupnagar","Punjab"
"Talibpur Pandoori","143537","Gurdaspur","Gurdaspur","Punjab"
"Talwan","141308","Kapurthala","Kapurthala","Punjab"
"Talwandi","142050","Ferozepur","Ferozepur","Punjab"
"Talwandi Bhai","142050","Ferozepur","Talwandi Bhai","Punjab"
"Talwara Township","144216","Hoshiarpur","Hoshiarpur","Punjab"
"Talwasdi Saboo","151302","Bhatinda","Bhatinda","Punjab"
"Tanda","144203","Hoshiarpur","Hoshiarpur","Punjab"
"Tanda Ram Sahai","144214","Hoshiarpur","Hoshiarpur","Punjab"
"Tapa","148108","Sangrur","Sangrur","Punjab"
"Tappakhera","152114","Faridkot","Faridkot","Punjab"
"Taragarh","143534","Gurdaspur","Gurdaspur","Punjab"
"Tarn Tarn H O","143401","Amritsar","Amritsar","Punjab"
"Tarsikka","143116","Amritsar","Amritsar","Punjab"
"Thappar Engg Institute","147001","Patiala","Patiala","Punjab"
"Tharha Jadid","144628","Kapurthala","Kapurthala","Punjab"
"Thermal Power","143116","Amritsar","Amritsar","Punjab"
"Thumianwali","152130","Ferozepur","Ferozepur","Punjab"
"Tiber","143529","Gurdaspur","Gurdaspur","Punjab"
"Tibri","143530","Gurdaspur","Gurdaspur","Punjab"
"Topkhana Bazar","144005","Jalandhar","Jalandhar","Punjab"
"Toto Mazra","146109","Hoshiarpur","Hoshiarpur","Punjab"
"Trimu Rd","143521","Gurdaspur","Gurdaspur","Punjab"
"Tripri Patiala","147001","Patiala","Patiala","Punjab"
"Ubhewal","148005","Sangrur","Sangrur","Punjab"
"Univ P O Patiala","147002","Patiala","Patiala","Punjab"
"Urmar","144204","Hoshiarpur","Hoshiarpur","Punjab"
"Uzapur","144422","Jalandhar","Jalandhar","Punjab"
"Vairowal","143118","Amritsar","Amritsar","Punjab"
"Verka","143501","Amritsar","Amritsar","Punjab"
"Vijay Nagar Amritsar","143036","Amritsar","Amritsar","Punjab"
"Villa Teja","143524","Gurdaspur","Gurdaspur","Punjab"
"Voltoha","143418","Amritsar","Amritsar","Punjab"
"Zaffarwal","143510","Gurdaspur","Gurdaspur","Punjab"
"Zira","142047","Ferozepur","Zira","Punjab"
"A C Jobner","303329","Jaipur","Jaipur","Rajasthan"
"A G Office Jaipur","302005","Jaipur","Jaipur","Rajasthan"
"Aau","342311","Jodhpur","Jodhpur","Rajasthan"
"Abhawas","332604","Sikar","Sikar","Rajasthan"
"Abu","307501","Sirohi","Sirohi","Rajasthan"
"Abu Bazar","307501","Sirohi","Sirohi","Rajasthan"
"Abu Road","307026","Sirohi","Sirohi","Rajasthan"
"Abu Road Bazar","307026","Sirohi","Sirohi","Rajasthan"
"Abu Road Diesel Shed","307026","Sirohi","Sirohi","Rajasthan"
"Abu Road Gandhinagar","307026","Sirohi","Sirohi","Rajasthan"
"Achrol","303002","Jaipur","Jaipur","Rajasthan"
"Adarsh Nagar","305001","Ajmer","Ajmer","Rajasthan"
"Adarsh Nagar Ratangarh","331022","Churu","Churu","Rajasthan"
"Aditya Mills Madanganj","305801","Ajmer","Ajmer","Rajasthan"
"Aduka","333038","JhunJhunu","JhunJhunu","Rajasthan"
"Aerodrome Agency","342001","Jodhpur","Jodhpur","Rajasthan"
"Agolai","342032","Jodhpur","Jodhpur","Rajasthan"
"Agri College Jobner","303329","Jaipur","Jaipur","Rajasthan"
"Agucha","311029","Bhilwara","Bhilwara","Rajasthan"
"Ahore","307029","Jalore","Jalore","Rajasthan"
"Ajabpura","301032","Alwar","Alwar","Rajasthan"
"Ajari","307020","Sirohi","Sirohi","Rajasthan"
"Ajerka","301401","Alwar","Alwar","Rajasthan"
"Ajit","342803","Jodhpur","Jodhpur","Rajasthan"
"Ajitgarh Amarsar","332701","Sikar","Sikar","Rajasthan"
"Ajmer","305001","Ajmer","Ajmer","Rajasthan"
"Ajmer","305001","Ajmer","Ajmer","Rajasthan"
"Ajmer Road","302006","Jaipur","Jaipur","Rajasthan"
"Akbarpur","301031","Alwar","Alwar","Rajasthan"
"Akhaigarh","321614","Bharatpur","Bharatpur","Rajasthan"
"Akhrabhata","307034","Jalore","Jalore","Rajasthan"
"Aklera","326033","Jhalawar","Aklera","Rajasthan"
"Akoda","303611","Jaipur","Jaipur","Rajasthan"
"Akola Bhilwara","311607","Bhilwara","Bhilwara","Rajasthan"
"Akola Chittorgarh","312205","Chittorgarh","Chittorgarh","Rajasthan"
"Alai","341012","Nagaur","Nagaur","Rajasthan"
"Alaoda","301043","Alwar","Alwar","Rajasthan"
"Aliganj Chhabra","325220","Kota","Kota","Rajasthan"
"Aligarh Tonk","304023","Tonk","Tonk","Rajasthan"
"Alipur","321617","Dausa","Dausa","Rajasthan"
"Alooda","303308","Jaipur","Jaipur","Rajasthan"
"Alsisar","333025","JhunJhunu","JhunJhunu","Rajasthan"
"Alwar","301001","Alwar","Alwar","Rajasthan"
"Alwar Adarsh Colony","301001","Alwar","Alwar","Rajasthan"
"Alwar Arya Nagar","301001","Alwar","Alwar","Rajasthan"
"Alwar Bus Stand","301001","Alwar","Alwar","Rajasthan"
"Alwar Delhi Gate","301001","Alwar","Alwar","Rajasthan"
"Alwar Gate","305001","Ajmer","Ajmer","Rajasthan"
"Alwar Hope Circus","301001","Alwar","Alwar","Rajasthan"
"Alwar Housing Board","301001","Alwar","Alwar","Rajasthan"
"Alwar Jey Paltan","301001","Alwar","Alwar","Rajasthan"
"Alwar Lajpat Nagar","301001","Alwar","Alwar","Rajasthan"
"Alwar Malakhera Gate","301001","Alwar","Alwar","Rajasthan"
"Alwar Manu Marg","301001","Alwar","Alwar","Rajasthan"
"Alwar Munshi Bazar","301001","Alwar","Alwar","Rajasthan"
"Alwar Naya Bas","301001","Alwar","Alwar","Rajasthan"
"Alwar Polotechnic","301001","Alwar","Alwar","Rajasthan"
"Alwar R R College","301001","Alwar","Alwar","Rajasthan"
"Alwar Railway Station","301001","Alwar","Alwar","Rajasthan"
"Alwar Ramganj","301001","Alwar","Alwar","Rajasthan"
"Alwar Sarafa Bazar","301001","Alwar","Alwar","Rajasthan"
"Alwar Secretariat","301001","Alwar","Alwar","Rajasthan"
"Alwar Tripolia","301001","Alwar","Alwar","Rajasthan"
"Amarsar","303601","Jaipur","Jaipur","Rajasthan"
"Amba Bari","302012","Jaipur","Jaipur","Rajasthan"
"Amberpur","328037","Dholpur","Dholpur","Rajasthan"
"Amer","303101","Jaipur","Jaipur","Rajasthan"
"Amer Clerk Hotel","302017","Jaipur","Jaipur","Rajasthan"
"Amer Road","302002","Jaipur","Jaipur","Rajasthan"
"Amli","311405","Bhilwara","Bhilwara","Rajasthan"
"Ammunition","311405","Bhilwara","Bhilwara","Rajasthan"
"Anadra","307511","Sirohi","Sirohi","Rajasthan"
"Anaha Gate Bharatpur","321001","Bharatpur","Bharatpur","Rajasthan"
"Anandpur Kalu","306301","Pali","Pali","Rajasthan"
"Andhi","303001","Jaipur","Jaipur","Rajasthan"
"Angai","328036","Dholpur","Dholpur","Rajasthan"
"Anta","325202","Kota","Kota","Rajasthan"
"Antela","303111","Jaipur","Jaipur","Rajasthan"
"Antri","314037","Dungarpur","Dungarpur","Rajasthan"
"Anupgarh","335701","Ganganagar","Anupgarh","Rajasthan"
"Anuppura","312621","Chittorgarh","Chittorgarh","Rajasthan"
"Anushakti","323303","Chittorgarh","Chittorgarh","Rajasthan"
"Arain","305813","Ajmer","Ajmer","Rajasthan"
"Arathwada","307040","Jalore","Jalore","Rajasthan"
"Arathwada","307040","Jalore","Jalore","Rajasthan"
"Ardawata","333027","JhunJhunu","JhunJhunu","Rajasthan"
"Arjunlal Sethi Nagar","302004","Jaipur","Jaipur","Rajasthan"
"Arnod","312615","Chittorgarh","Chittorgarh","Rajasthan"
"Arthuna","327032","Banswara","Banswara","Rajasthan"
"Asadan","344028","Barmer","Barmer","Rajasthan"
"Asalpur","303331","Jaipur","Jaipur","Rajasthan"
"Ashaganj","305001","Ajmer","Ajmer","Rajasthan"
"Ashok Marg Ajmer","305006","Ajmer","Ajmer","Rajasthan"
"Ashok Nagar","302001","Jaipur","Jaipur","Rajasthan"
"Ashok Nagar","313001","Udaipur","Udaipur","Rajasthan"
"Asind","311301","Bhilwara","Asind","Rajasthan"
"Asnawar","326021","Jhalawar","Jhalawar","Rajasthan"
"Asop","342901","Jodhpur","Jodhpur","Rajasthan"
"Asotra","344039","Barmer","Barmer","Rajasthan"
"Aspur","314021","Dungarpur","Dungarpur","Rajasthan"
"Assembly Hostel","302001","Jaipur","Jaipur","Rajasthan"
"Atal Band Mandi","321001","Bharatpur","Bharatpur","Rajasthan"
"Atone","325223","Kota","Kota","Rajasthan"
"Atru","325218","Kota","Kota","Rajasthan"
"Auwa","306021","Pali","Pali","Rajasthan"
"Avika Nagar","304501","Tonk","Tonk","Rajasthan"
"Ayana","325214","Kota","Kota","Rajasthan"
"Ayed","313001","Udaipur","Udaipur","Rajasthan"
"B S F Training Centre Jod","342026","Jodhpur","Jodhpur","Rajasthan"
"Babai","333501","JhunJhunu","JhunJhunu","Rajasthan"
"Babaicha","305818","Ajmer","Ajmer","Rajasthan"
"Babra","306101","Pali","Pali","Rajasthan"
"Bada Naya Gaon","323024","Bundi","Bundi","Rajasthan"
"Bada Padampura","303906","Jaipur","Jaipur","Rajasthan"
"Badanwari","343011","Jalore","Jalore","Rajasthan"
"Badgaon","313011","Udaipur","Udaipur","Rajasthan"
"Badhal","303602","Jaipur","Jaipur","Rajasthan"
"Badnore","311302","Bhilwara","Bhilwara","Rajasthan"
"Badu","341501","Nagaur","Nagaur","Rajasthan"
"Bagar","333023","JhunJhunu","JhunJhunu","Rajasthan"
"Baghera","305415","Ajmer","Ajmer","Rajasthan"
"Bagheri Kalan","301712","Alwar","Alwar","Rajasthan"
"Bagidora","327601","Banswara","Banswara","Rajasthan"
"Bagla School Road","331001","Churu","Churu","Rajasthan"
"Bagoda","343032","Jalore","Jalore","Rajasthan"
"Bagore","311402","Bhilwara","Bhilwara","Rajasthan"
"Bagot","341529","Nagaur","Nagaur","Rajasthan"
"Bagra","343025","Jalore","Jalore","Rajasthan"
"Bagrinagar","306114","Pali","Pali","Rajasthan"
"Bagru","303007","Jaipur","Bagru","Rajasthan"
"Bahadarpur","301028","Alwar","Alwar","Rajasthan"
"Bahadra","335501","Ganganagar","Ganganagar","Rajasthan"
"Bahadra Bazar","335501","Ganganagar","Ganganagar","Rajasthan"
"Bahaj","321208","Bharatpur","Bharatpur","Rajasthan"
"Bahraonda Khurd","322032","Swaimadhopur","Swaimadhopur","Rajasthan"
"Bahror","301701","Alwar","Alwar","Rajasthan"
"Bahror Bus Stand","301701","Alwar","Alwar","Rajasthan"
"Bahror Jat","301701","Alwar","Alwar","Rajasthan"
"Bahtana","321209","Bharatpur","Bharatpur","Rajasthan"
"Bai","333048","JhunJhunu","JhunJhunu","Rajasthan"
"Bairath","303102","Jaipur","Jaipur","Rajasthan"
"Baitu","344034","Barmer","Barmer","Rajasthan"
"Bajaj Nagar","313021","Udaipur","Udaipur","Rajasthan"
"Bajajgram Sikar","332021","Sikar","Sikar","Rajasthan"
"Bajawa","333047","JhunJhunu","JhunJhunu","Rajasthan"
"Bajju","334305","Bikaner","Bikaner","Rajasthan"
"Bajuwala","335708","Ganganagar","Ganganagar","Rajasthan"
"Bajwas","341524","Nagaur","Nagaur","Rajasthan"
"Bakani","326022","Jhalawar","Bakani","Rajasthan"
"Bakhtawarpura","333014","JhunJhunu","JhunJhunu","Rajasthan"
"Balaheri","321620","Dausa","Dausa","Rajasthan"
"Balaran","332401","Sikar","Sikar","Rajasthan"
"Balchandpara Bundi","323001","Bundi","Bundi","Rajasthan"
"Balesar","342023","Jodhpur","Jodhpur","Rajasthan"
"Bali","306701","Pali","Bali","Rajasthan"
"Bali Kacheri","306701","Pali","Pali","Rajasthan"
"Balijassa Khera","305928","Ajmer","Ajmer","Rajasthan"
"Ballabhgarh","321409","Bharatpur","Bharatpur","Rajasthan"
"Baloonda","306308","Pali","Pali","Rajasthan"
"Balotra","344022","Barmer","Balotra","Rajasthan"
"Balotra Bheru Bazar","344022","Barmer","Balotra","Rajasthan"
"Balotra Industrial Area","344022","Barmer","Balotra","Rajasthan"
"Balotra Sadar Bazar","344022","Barmer","Balotra","Rajasthan"
"Balware","314803","Dungarpur","Dungarpur","Rajasthan"
"Bamanwas","322211","Swaimadhopur","Swaimadhopur","Rajasthan"
"Bambora","313706","Udaipur","Udaipur","Rajasthan"
"Banar","342027","Jodhpur","Jodhpur","Rajasthan"
"Banasthali","304022","Tonk","Tonk","Rajasthan"
"Band Baretha","321405","Bharatpur","Bharatpur","Rajasthan"
"Bandanwara","305621","Ajmer","Ajmer","Rajasthan"
"Bandikui","303313","Jaipur","Bandikui","Rajasthan"
"Bandikui Mandi","303313","Jaipur","Bandikui","Rajasthan"
"Banera","311401","Bhilwara","Bhilwara","Rajasthan"
"Bani Park","302006","Jaipur","Jaipur","Rajasthan"
"Baniyana Dausa","303306","Jaipur","Jaipur","Rajasthan"
"Bankli","306901","Pali","Pali","Rajasthan"
"Bankoda","314023","Dungarpur","Dungarpur","Rajasthan"
"Bansi","312401","Chittorgarh","Chittorgarh","Rajasthan"
"Bansi Paharpur","321403","Bharatpur","Bharatpur","Rajasthan"
"Banskho","303305","Jaipur","Jaipur","Rajasthan"
"Bansur","301402","Alwar","Alwar","Rajasthan"
"Bansur Bus Stand","301402","Alwar","Alwar","Rajasthan"
"Banswara","327001","Banswara","Banswara","Rajasthan"
"Banswara City","327001","Banswara","Banswara","Rajasthan"
"Banswara Industrial Area","327001","Banswara","Banswara","Rajasthan"
"Banswara Mahi Colony","327001","Banswara","Banswara","Rajasthan"
"Banswara Prithviganj","327001","Banswara","Banswara","Rajasthan"
"Banswara Sect","327001","Banswara","Banswara","Rajasthan"
"Banura","332037","Sikar","Sikar","Rajasthan"
"Baori","332411","Sikar","Sikar","Rajasthan"
"Bap","342307","Jodhpur","Jodhpur","Rajasthan"
"Bapawar","325207","Kota","Kota","Rajasthan"
"Bapu Nagar","302015","Jaipur","Jaipur","Rajasthan"
"Bapu Nagar Bhilwara","311001","Bhilwara","Bhilwara","Rajasthan"
"Bapu Nagar Ratangarh","331022","Churu","Churu","Rajasthan"
"Bar","306105","Rajsamand","Rajsamand","Rajasthan"
"Baragaon","333021","JhunJhunu","JhunJhunu","Rajasthan"
"Barakhera","305926","Ajmer","Ajmer","Rajasthan"
"Baran","325205","Kota","Kota","Rajasthan"
"Baran Krishi Upaj","325205","Kota","Kota","Rajasthan"
"Barapal","313805","Udaipur","Udaipur","Rajasthan"
"Barar","313341","Rajsamand","Rajsamand","Rajasthan"
"Barau","333517","JhunJhunu","JhunJhunu","Rajasthan"
"Barauli Chhar","321619","Bharatpur","Bharatpur","Rajasthan"
"Barauli Dholpur","328031","Dholpur","Dholpur","Rajasthan"
"Bari","328021","Dholpur","Dholpur","Rajasthan"
"Bari Bazar","328021","Dholpur","Dholpur","Rajasthan"
"Bari Gumat","328021","Dholpur","Dholpur","Rajasthan"
"Bari Khatu","341301","Nagaur","Nagaur","Rajasthan"
"Bari R S","328021","Dholpur","Dholpur","Rajasthan"
"Bari Sadri","312403","Chittorgarh","Bari Sadri","Rajasthan"
"Bari Sadri R S","312403","Chittorgarh","Bari Sadri","Rajasthan"
"Bari T B Sanatorium","313025","Udaipur","Bari Sadri","Rajasthan"
"Barkat Nagar","302015","Jaipur","Jaipur","Rajasthan"
"Barkhera","321036","Bharatpur","Bharatpur","Rajasthan"
"Barliyas","311027","Bhilwara","Bhilwara","Rajasthan"
"Barloot","307804","Sirohi","Sirohi","Rajasthan"
"Barmer","344001","Barmer","Barmer","Rajasthan"
"Barmer Bsf","344001","Barmer","Barmer","Rajasthan"
"Barmer Collectorate","344001","Barmer","Barmer","Rajasthan"
"Barmer Dhani Bazar","344001","Barmer","Barmer","Rajasthan"
"Barmer Panghat Road","344001","Barmer","Barmer","Rajasthan"
"Barodameo","301021","Alwar","Alwar","Rajasthan"
"Barodia","327604","Banswara","Banswara","Rajasthan"
"Baroli Bharatpur","321416","Bharatpur","Bharatpur","Rajasthan"
"Barrod","301020","Alwar","Alwar","Rajasthan"
"Barwala","341550","Nagaur","Nagaur","Rajasthan"
"Barwasi","333045","JhunJhunu","JhunJhunu","Rajasthan"
"Basai Dang","328033","Dholpur","Dholpur","Rajasthan"
"Basai Nawab","328023","Dholpur","Dholpur","Rajasthan"
"Basan Darwaza","321001","Bharatpur","Bharatpur","Rajasthan"
"Basawa","333301","JhunJhunu","JhunJhunu","Rajasthan"
"Baseri","328022","Dholpur","Dholpur","Rajasthan"
"Baseri R S","328022","Dholpur","Dholpur","Rajasthan"
"Basni","341021","Nagaur","Nagaur","Rajasthan"
"Bassi Cor","312022","Chittorgarh","Chittorgarh","Rajasthan"
"Bassi Jaipur","303301","Jaipur","Jaipur","Rajasthan"
"Baswa","303327","Dausa","Dausa","Rajasthan"
"Bawalwara","313806","Udaipur","Udaipur","Rajasthan"
"Baya","332601","Sikar","Sikar","Rajasthan"
"Bayana","321401","Bharatpur","Bayana","Rajasthan"
"Bayana Bazariya","321401","Bharatpur","Bayana","Rajasthan"
"Bayana Jain Gali","321401","Bharatpur","Bayana","Rajasthan"
"Bayana Kutchery","321401","Bharatpur","Bharatpur","Rajasthan"
"Beawar","305901","Ajmer","Beawar","Rajasthan"
"Beawar Chang Gate","305901","Ajmer","Ajmer","Rajasthan"
"Beawar City","305901","Ajmer","Ajmer","Rajasthan"
"Beawar Industrial Area","305901","Ajmer","Ajmer","Rajasthan"
"Beawar Mewari Bazar","305901","Ajmer","Ajmer","Rajasthan"
"Beawar Mills Area","305901","Ajmer","Ajmer","Rajasthan"
"Beawar Nehru Nagar","305901","Ajmer","Ajmer","Rajasthan"
"Beawar R S","305901","Ajmer","Ajmer","Rajasthan"
"Beawar Sendra Road","305901","Ajmer","Ajmer","Rajasthan"
"Beawar Shahpura Mohallah","305901","Ajmer","Ajmer","Rajasthan"
"Beda","306128","Pali","Pali","Rajasthan"
"Bedla","313016","Udaipur","Udaipur","Rajasthan"
"Beelwari","303120","Jaipur","Jaipur","Rajasthan"
"Begun","312023","Chittorgarh","Begun","Rajasthan"
"Bekaria","307039","Jalore","Jalore","Rajasthan"
"Belwa Bagawatan","342033","Jodhpur","Jodhpur","Rajasthan"
"Bemali","311809","Bhilwara","Bhilwara","Rajasthan"
"Beri","332045","Sikar","Sikar","Rajasthan"
"Besawa","332303","Sikar","Sikar","Rajasthan"
"Besroli","341520","Nagaur","Nagaur","Rajasthan"
"Bewai","303315","Jaipur","Jaipur","Rajasthan"
"Bhabhru","303119","Jaipur","Jaipur","Rajasthan"
"Bhadesar","312602","Chittorgarh","Chittorgarh","Rajasthan"
"Bhadira","321616","Bharatpur","Bharatpur","Rajasthan"
"Bhadrajun","307031","Jalore","Jalore","Rajasthan"
"Bhadsaura","312024","Chittorgarh","Chittorgarh","Rajasthan"
"Bhadwasi","341013","Nagaur","Nagaur","Rajasthan"
"Bhagat Ki Kothi","342003","Jodhpur","Jodhpur","Rajasthan"
"Bhagat Ki Kothi","342005","Jodhpur","Jodhpur","Rajasthan"
"Bhagwanpura Bhilwara","311032","Bhilwara","Bhilwara","Rajasthan"
"Bhagwanpura Nagaur","341536","Nagaur","Nagaur","Rajasthan"
"Bhagwatgarh","322701","Swaimadhopur","Swaimadhopur","Rajasthan"
"Bhainslana","303340","Jaipur","Jaipur","Rajasthan"
"Bhainswara","307032","Jalore","Jalore","Rajasthan"
"Bhajanganj","305001","Ajmer","Ajmer","Rajasthan"
"Bhakri","341522","Nagaur","Nagaur","Rajasthan"
"Bhalerana","313030","Udaipur","Udaipur","Rajasthan"
"Bhandarej","303501","Jaipur","Jaipur","Rajasthan"
"Bhaniana","345024","Jaisalmer","Jaisalmer","Rajasthan"
"Bhanipura Churu","331411","Churu","Churu","Rajasthan"
"Bhankrota","303011","Jaipur","Jaipur","Rajasthan"
"Bhanwari","307041","Jalore","Jalore","Rajasthan"
"Bhanwari","307041","Jalore","Jalore","Rajasthan"
"Bharatpur","321001","Bharatpur","Bharatpur","Rajasthan"
"Bharatpur","321001","Bharatpur","Bharatpur","Rajasthan"
"Bharatpur Agency","321001","Bharatpur","Bharatpur","Rajasthan"
"Bharatpur City","321001","Bharatpur","Bharatpur","Rajasthan"
"Bharja","307035","Jalore","Jalore","Rajasthan"
"Bharoti","322035","Swaimadhopur","Swaimadhopur","Rajasthan"
"Bhat Mohalla Madanganj","305801","Ajmer","Ajmer","Rajasthan"
"Bhawani Khera","305401","Ajmer","Ajmer","Rajasthan"
"Bhawani Mandi","326502","Jhalawar","Bhawani Mandi","Rajasthan"
"Bhawani Mandi Textile Mil","326502","Jhalawar","Bhawani Mandi","Rajasthan"
"Bhawani Mandistation Rd","326502","Jhalawar","Bhawani Mandi","Rajasthan"
"Bhawi","342605","Jodhpur","Jodhpur","Rajasthan"
"Bhensroadgarh","323304","Chittorgarh","Chittorgarh","Rajasthan"
"Bhiluda","314031","Dungarpur","Dungarpur","Rajasthan"
"Bhilwara","311001","Bhilwara","Bhilwara","Rajasthan"
"Bhilwara Bus Stand","311001","Bhilwara","Bhilwara","Rajasthan"
"Bhilwara City","311001","Bhilwara","Bhilwara","Rajasthan"
"Bhilwara Court","311001","Bhilwara","Bhilwara","Rajasthan"
"Bhilwara Dhan Mandi","311001","Bhilwara","Bhilwara","Rajasthan"
"Bhilwara Indra Market","311001","Bhilwara","Bhilwara","Rajasthan"
"Bhilwara Labour Colony","311001","Bhilwara","Bhilwara","Rajasthan"
"Bhilwara R S","311001","Bhilwara","Bhilwara","Rajasthan"
"Bhilwara Subashnagar Bhil","311001","Bhilwara","Bhilwara","Rajasthan"
"Bhim","305921","Rajsamand","Rajsamand","Rajasthan"
"Bhimsar","331508","Churu","Churu","Rajasthan"
"Bhinai","305622","Ajmer","Ajmer","Rajasthan"
"Bhinasar","334403","Bikaner","Bikaner","Rajasthan"
"Bhinder","313603","Udaipur","Bhinder","Rajasthan"
"Bhinmal","343029","Jalore","Jalore","Rajasthan"
"Bhiwari Industrial Area","301019","Alwar","Alwar","Rajasthan"
"Bhonkar","301036","Alwar","Alwar","Rajasthan"
"Bhopalgarh","342603","Jodhpur","Jodhpur","Rajasthan"
"Bhopatpura","332410","Sikar","Sikar","Rajasthan"
"Bhorki","333032","JhunJhunu","JhunJhunu","Rajasthan"
"Bhorugram","331035","Churu","Churu","Rajasthan"
"Bhuda","301415","Alwar","Alwar","Rajasthan"
"Bhudoli","332736","Sikar","Sikar","Rajasthan"
"Bhukhia","327031","Banswara","Banswara","Rajasthan"
"Bhupalpura","313001","Udaipur","Udaipur","Rajasthan"
"Bhupalsagar","312204","Chittorgarh","Chittorgarh","Rajasthan"
"Bhupsera","301417","Alwar","Alwar","Rajasthan"
"Bhura Tiba","302001","Jaipur","Jaipur","Rajasthan"
"Bhusawar","321406","Bharatpur","Bhusawar","Rajasthan"
"Bhusawar Town","321406","Bharatpur","Bharatpur","Rajasthan"
"Bichhiwara","314801","Dungarpur","Dungarpur","Rajasthan"
"Bichoon","303010","Jaipur","Jaipur","Rajasthan"
"Bidarsar","332316","Sikar","Sikar","Rajasthan"
"Bidasar","331501","Churu","Bidasar","Rajasthan"
"Bidiad","341521","Nagaur","Nagaur","Rajasthan"
"Bigga","331804","Churu","Churu","Rajasthan"
"Bigod","311601","Bhilwara","Bhilwara","Rajasthan"
"Bijainagar","305624","Ajmer","Ajmer","Rajasthan"
"Bijainagar Bazar","305624","Ajmer","Ajmer","Rajasthan"
"Bijainagar R S","305624","Ajmer","Ajmer","Rajasthan"
"Bijaipur","312026","Chittorgarh","Chittorgarh","Rajasthan"
"Bijolian","311602","Bhilwara","Bhilwara","Rajasthan"
"Bijowa","306601","Pali","Pali","Rajasthan"
"Bikaner","334001","Bikaner","Bikaner","Rajasthan"
"Bikaner","334002","Bikaner","Bikaner","Rajasthan"
"Bikaner City","334001","Bikaner","Bikaner","Rajasthan"
"Bikaner Dungar College","334001","Bikaner","Bikaner","Rajasthan"
"Bikaner Kutchery","334001","Bikaner","Bikaner","Rajasthan"
"Bilara","342602","Jodhpur","Bilara","Rajasthan"
"Bilara Subashmarg","342602","Jodhpur","Jodhpur","Rajasthan"
"Bildi","314012","Dungarpur","Dungarpur","Rajasthan"
"Bilond","321035","Bharatpur","Bharatpur","Rajasthan"
"Binjusar","333015","JhunJhunu","JhunJhunu","Rajasthan"
"Binota","312614","Chittorgarh","Chittorgarh","Rajasthan"
"Biradhwal Head","335805","Ganganagar","Ganganagar","Rajasthan"
"Bisala","344011","Barmer","Barmer","Rajasthan"
"Bishalpur","306127","Pali","Pali","Rajasthan"
"Bishangarh Jalore","343046","Jalore","Jalore","Rajasthan"
"Bishangarh Tamkore","331026","JhunJhunu","JhunJhunu","Rajasthan"
"Bishanpura","335021","Ganganagar","Ganganagar","Rajasthan"
"Bissau","331027","Churu","Bissau","Rajasthan"
"Bissau Bazar","331027","Churu","Bissau","Rajasthan"
"Block Area Sri","335001","Ganganagar","Ganganagar","Rajasthan"
"Boharwari","313001","Udaipur","Udaipur","Rajasthan"
"Bohat","325222","Baran","Baran","Rajasthan"
"Bohera","312404","Chittorgarh","Chittorgarh","Rajasthan"
"Bokhla","314802","Dungarpur","Dungarpur","Rajasthan"
"Bonli","322023","Swaimadhopur","Swaimadhopur","Rajasthan"
"Borao","312607","Chittorgarh","Chittorgarh","Rajasthan"
"Borawar","341502","Nagaur","Nagaur","Rajasthan"
"Borunda","342604","Jodhpur","Jodhpur","Rajasthan"
"Brahambad","321410","Bharatpur","Bharatpur","Rajasthan"
"Brahmpuri","302002","Jaipur","Jaipur","Rajasthan"
"Buchawas","331306","Churu","Churu","Rajasthan"
"Budana","333036","JhunJhunu","JhunJhunu","Rajasthan"
"Bugala","333312","JhunJhunu","JhunJhunu","Rajasthan"
"Buhana","333502","JhunJhunu","JhunJhunu","Rajasthan"
"Bundi","323001","Bundi","Bundi","Rajasthan"
"Bursu","341539","Nagaur","Nagaur","Rajasthan"
"Bus Stand Kaman","321022","Bharatpur","Bharatpur","Rajasthan"
"Bus Stand Kumher","321201","Bharatpur","Bharatpur","Rajasthan"
"Bus Stand Nagar","321205","Bharatpur","Bharatpur","Rajasthan"
"C R P Lines Deoli","304804","Tonk","Tonk","Rajasthan"
"C R Pura","324007","Kota","Kota","Rajasthan"
"C S F Colony Khetrinagar","333504","JhunJhunu","JhunJhunu","Rajasthan"
"C T Tonk","304001","Tonk","Tonk","Rajasthan"
"Cablenagar","325003","Kota","Kota","Rajasthan"
"Ceeri Pilani","333031","JhunJhunu","JhunJhunu","Rajasthan"
"Cement Factory","313021","Udaipur","Udaipur","Rajasthan"
"Cement Factory Area","325003","Kota","Kota","Rajasthan"
"Chaba","342029","Jodhpur","Jodhpur","Rajasthan"
"Chadi","342312","Jodhpur","Jodhpur","Rajasthan"
"Chainpur","322247","Swaimadhopur","Swaimadhopur","Rajasthan"
"Chak Gopinathpura","332733","Sikar","Sikar","Rajasthan"
"Chakeri","322034","Swaimadhopur","Swaimadhopur","Rajasthan"
"Chaksu","303901","Jaipur","Chaksu","Rajasthan"
"Chala","332737","Sikar","Sikar","Rajasthan"
"Chambal Vikas","324009","Kota","Kota","Rajasthan"
"Chanaud","306602","Pali","Pali","Rajasthan"
"Chandan","345029","Jaisalmer","Jaisalmer","Rajasthan"
"Chandarun","341530","Nagaur","Nagaur","Rajasthan"
"Chandawal","306306","Pali","Pali","Rajasthan"
"Chandlai","303907","Jaipur","Jaipur","Rajasthan"
"Chandoli","301037","Alwar","Alwar","Rajasthan"
"Chandpole","313001","Udaipur","Udaipur","Rajasthan"
"Chandpole Bazar","302001","Jaipur","Jaipur","Rajasthan"
"Chandra Colony Madanganj","305801","Ajmer","Ajmer","Rajasthan"
"Chandrai","306913","Jalore","Jalore","Rajasthan"
"Chandsen","304508","Tonk","Tonk","Rajasthan"
"Chandwaji","303113","Jaipur","Jaipur","Rajasthan"
"Charbhuja","313333","Udaipur","Udaipur","Rajasthan"
"Charbhuja Road Amet","313332","Udaipur","Udaipur","Rajasthan"
"Charwas","331503","Churu","Churu","Rajasthan"
"Chauburja Bharatpur","321001","Bharatpur","Bharatpur","Rajasthan"
"Chaukari","332738","Sikar","Sikar","Rajasthan"
"Chaumehla","326515","Jhalawar","Jhalawar","Rajasthan"
"Chaumukha Baran","325205","Kota","Kota","Rajasthan"
"Chauth Ka Barwara","322702","Swaimadhopur","Swaimadhopur","Rajasthan"
"Chawand","313904","Udaipur","Udaipur","Rajasthan"
"Chechat","326518","Kota","Chechat","Rajasthan"
"Chetak Circle City","313001","Udaipur","Chechat","Rajasthan"
"Chhabra","325220","Kota","Chhabra","Rajasthan"
"Chhan","322001","Swaimadhopur","Swaimadhopur","Rajasthan"
"Chhani","313804","Udaipur","Udaipur","Rajasthan"
"Chhani Bari","335511","Ganganagar","Ganganagar","Rajasthan"
"Chhapar","331502","Churu","Chhapar","Rajasthan"
"Chhaplian","313340","Udaipur","Udaipur","Rajasthan"
"Chhapoli","333302","JhunJhunu","JhunJhunu","Rajasthan"
"Chhatargarh","334021","Bikaner","Bikaner","Rajasthan"
"Chhawasari","333016","JhunJhunu","JhunJhunu","Rajasthan"
"Chhipa Barod","325221","Kota","Kota","Rajasthan"
"Chhonkerwara Kalan","321407","Bharatpur","Bharatpur","Rajasthan"
"Chhoti Khatu","341302","Nagaur","Nagaur","Rajasthan"
"Chhoti Sadri","312604","Chittorgarh","Chhoti Sadri","Rajasthan"
"Chhoti Sadri City","312604","Chittorgarh","Chhoti Sadri","Rajasthan"
"Chikhli","314030","Dungarpur","Dungarpur","Rajasthan"
"Chirana","333303","JhunJhunu","JhunJhunu","Rajasthan"
"Chirawa","333026","JhunJhunu","Chirawa","Rajasthan"
"Chirawa Town","333026","JhunJhunu","Chirawa","Rajasthan"
"Chitawa","341537","Nagaur","Nagaur","Rajasthan"
"Chitri","314035","Dungarpur","Dungarpur","Rajasthan"
"Chittora Renwal","303904","Jaipur","Jaipur","Rajasthan"
"Chittorgarh","312001","Chittorgarh","Chittorgarh","Rajasthan"
"Chittorgarh","312021","Chittorgarh","Chittorgarh","Rajasthan"
"Chittorgarh Collectorate","312001","Chittorgarh","Chittorgarh","Rajasthan"
"Chittorgarh Gurukul","312001","Chittorgarh","Chittorgarh","Rajasthan"
"Chittorgarh Industrial Area","312001","Chittorgarh","Chittorgarh","Rajasthan"
"Chittorgarh Kumbhanagar","312001","Chittorgarh","Chittorgarh","Rajasthan"
"Chittorgarh Pratapnagar","312001","Chittorgarh","Chittorgarh","Rajasthan"
"Chittorgarh Rana","312001","Chittorgarh","Chittorgarh","Rajasthan"
"Chittorgarh Sadar Bazar","312001","Chittorgarh","Chittorgarh","Rajasthan"
"Chittorgarh Sainik School","312001","Chittorgarh","Chittorgarh","Rajasthan"
"Chobdaron Ki Dhani","333044","JhunJhunu","JhunJhunu","Rajasthan"
"Chohtan","344702","Barmer","Barmer","Rajasthan"
"Chomu","303702","Jaipur","Chomu","Rajasthan"
"Chomu Purohitan","332605","Sikar","Sikar","Rajasthan"
"Chomu Tripolia","303702","Jaipur","Jaipur","Rajasthan"
"Chowk Sadulpur","331023","Jaipur","Churu","Rajasthan"
"Chowkri Gangapole","302002","Jaipur","Jaipur","Rajasthan"
"Christianganj Ajmer","305006","Ajmer","Ajmer","Rajasthan"
"Chunawadh","335022","Ganganagar","Ganganagar","Rajasthan"
"Churi Ajitgarh","333701","JhunJhunu","JhunJhunu","Rajasthan"
"Churi Miyan","332412","Sikar","Sikar","Rajasthan"
"Churu","331001","Churu","Churu","Rajasthan"
"Churu","331001","Churu","Churu","Rajasthan"
"Churu Bazar","331001","Churu","Churu","Rajasthan"
"Churu City","331001","Churu","Churu","Rajasthan"
"Churu Collectorate","331001","Churu","Churu","Rajasthan"
"Churu R S","331001","Churu","Churu","Rajasthan"
"Civil Line Hanumangarh Jn","335512","Ganganagar","Ganganagar","Rajasthan"
"Cloth Market","342001","Jodhpur","Jodhpur","Rajasthan"
"Collectorate","321001","Bharatpur","Bharatpur","Rajasthan"
"Collectorate","302006","Jaipur","Jaipur","Rajasthan"
"Collectorate Bundi","323001","Bundi","Bundi","Rajasthan"
"College Road Fatehpur","332301","Sikar","Sikar","Rajasthan"
"College Road Mukandgarh","333705","JhunJhunu","JhunJhunu","Rajasthan"
"Correspondence Studies","302004","Jaipur","Jaipur","Rajasthan"
"Court Karauli","322241","Swaimadhopur","Swaimadhopur","Rajasthan"
"Crpf Ajmer","305005","Ajmer","Ajmer","Rajasthan"
"D S Office Bikaner","334001","Bikaner","Bikaner","Rajasthan"
"Dabali Rathan","335801","Ganganagar","Ganganagar","Rajasthan"
"Dabla Sikar","332727","Sikar","Sikar","Rajasthan"
"Dabla Sri Ganganagar","335042","Ganganagar","Ganganagar","Rajasthan"
"Dablana","323026","Bundi","Bundi","Rajasthan"
"Dabok","313022","Udaipur","Udaipur","Rajasthan"
"Dabok Air Port","313023","Udaipur","Udaipur","Rajasthan"
"Dabri","335503","Ganganagar","Ganganagar","Rajasthan"
"Dada Bari Kota","324009","Kota","Kota","Rajasthan"
"Dadia","332036","Sikar","Sikar","Rajasthan"
"Dadia Rampura","332413","Sikar","Sikar","Rajasthan"
"Dadrewa","331032","Churu","Churu","Rajasthan"
"Dadwara Colony","324002","Kota","Kota","Rajasthan"
"Dag","326514","Jhalawar","Jhalawar","Rajasthan"
"Dal","313033","Udaipur","Udaipur","Rajasthan"
"Dalot","312619","Chittorgarh","Chittorgarh","Rajasthan"
"Dalpatsinghpur","335023","Ganganagar","Ganganagar","Rajasthan"
"Damdi","314036","Dungarpur","Dungarpur","Rajasthan"
"Danpur","327030","Banswara","Banswara","Rajasthan"
"Danta","332702","Sikar","Sikar","Rajasthan"
"Danta Ramgarh","332703","Sikar","Sikar","Rajasthan"
"Dantia","321640","Alwar","Alwar","Rajasthan"
"Dantrai","307512","Sirohi","Sirohi","Rajasthan"
"Dargah Shareef","305001","Ajmer","Ajmer","Rajasthan"
"Dariba Project Alwar","301029","Alwar","Alwar","Rajasthan"
"Dariba Udaipur","313211","Udaipur","Udaipur","Rajasthan"
"Daroli","313032","Udaipur","Udaipur","Rajasthan"
"Daspan","343031","Jalore","Jalore","Rajasthan"
"Daulatgarh","311303","Bhilwara","Bhilwara","Rajasthan"
"Dausa","303303","Jaipur","Jaipur","Rajasthan"
"Dausa Mandi","303303","Jaipur","Jaipur","Rajasthan"
"Dausa Town","303303","Jaipur","Jaipur","Rajasthan"
"Debari","313029","Udaipur","Udaipur","Rajasthan"
"Dechu","342314","Jodhpur","Jodhpur","Rajasthan"
"Deeg","321203","Bharatpur","Deeg","Rajasthan"
"Deeg Court","321203","Bharatpur","Bharatpur","Rajasthan"
"Deeg Laxman Mandir","321203","Bharatpur","Bharatpur","Rajasthan"
"Degana","341503","Nagaur","Nagaur","Rajasthan"
"Deh","341022","Nagaur","Nagaur","Rajasthan"
"Dehar Ka Balaji","302012","Jaipur","Jaipur","Rajasthan"
"Dehra","321034","Bharatpur","Bharatpur","Rajasthan"
"Del","323802","Bundi","Bundi","Rajasthan"
"Delwara","313202","Udaipur","Udaipur","Rajasthan"
"Denok","342030","Jodhpur","Jodhpur","Rajasthan"
"Deogarh","313331","Udaipur","Udaipur","Rajasthan"
"Deogarh Bazar","313331","Udaipur","Udaipur","Rajasthan"
"Deoli","304804","Tonk","Deoli","Rajasthan"
"Deoli Auwa","306024","Pali","Pali","Rajasthan"
"Deoli Bazar","304804","Tonk","Deoli","Rajasthan"
"Deoli Kallan","306309","Pali","Pali","Rajasthan"
"Deorala","332704","Sikar","Sikar","Rajasthan"
"Depot","321026","Bharatpur","Bharatpur","Rajasthan"
"Deshnok","334801","Bikaner","Bikaner","Rajasthan"
"Desuri","306703","Pali","Pali","Rajasthan"
"Dhagariya","303309","Jaipur","Jaipur","Rajasthan"
"Dhaliawas","332314","Sikar","Sikar","Rajasthan"
"Dhambola","314402","Dungarpur","Dungarpur","Rajasthan"
"Dhamli","306505","Pali","Pali","Rajasthan"
"Dhamora","333313","JhunJhunu","JhunJhunu","Rajasthan"
"Dhamotar","312616","Chittorgarh","Chittorgarh","Rajasthan"
"Dhan Mandi","305001","Ajmer","Ajmer","Rajasthan"
"Dhan Mandi","313001","Udaipur","Udaipur","Rajasthan"
"Dhan Mandi Kishangarh","305802","Ajmer","Ajmer","Rajasthan"
"Dhana Kherli","321427","Bharatpur","Bharatpur","Rajasthan"
"Dhandhan","332302","Sikar","Sikar","Rajasthan"
"Dhani","306118","Pali","Pali","Rajasthan"
"Dhani Boraj","303330","Jaipur","Jaipur","Rajasthan"
"Dhankoli","341516","Nagaur","Nagaur","Rajasthan"
"Dhanla","306025","Pali","Pali","Rajasthan"
"Dhanop","311030","Bhilwara","Bhilwara","Rajasthan"
"Dhansa","343023","Jalore","Jalore","Rajasthan"
"Dhanuri","333011","JhunJhunu","JhunJhunu","Rajasthan"
"Dhariawad","313605","Udaipur","Dhariawad","Rajasthan"
"Dhigawada","301414","Alwar","Alwar","Rajasthan"
"Dhindora","322236","Karauli","Karauli","Rajasthan"
"Dhirwas","331307","Churu","Churu","Rajasthan"
"Dhod","332022","Sikar","Sikar","Rajasthan"
"Dhola Bhata","305001","Ajmer","Ajmer","Rajasthan"
"Dholapani","312610","Chittorgarh","Chittorgarh","Rajasthan"
"Dholipal","335064","Ganganagar","Ganganagar","Rajasthan"
"Dholpur","328001","Baran","Baran","Rajasthan"
"Dholpur","328034","Baran","Baran","Rajasthan"
"Dholpur Bazariya","328001","Dholpur","Dholpur","Rajasthan"
"Dholpur City","328001","Dholpur","Dholpur","Rajasthan"
"Dholpur Civil Court","328001","Dholpur","Dholpur","Rajasthan"
"Dholpur Ganj","328001","Dholpur","Dholpur","Rajasthan"
"Dhorimana","344704","Barmer","Barmer","Rajasthan"
"Dhunwa Kallan","304806","Tonk","Tonk","Rajasthan"
"Diatra","334303","Bikaner","Bikaner","Rajasthan"
"Didwana","341303","Nagaur","Didwana","Rajasthan"
"Didwana Dausa","303511","Jaipur","Didwana","Rajasthan"
"Didwana Dhan Mandi","341303","Nagaur","Didwana","Rajasthan"
"Didwana Station Road","341303","Nagaur","Didwana","Rajasthan"
"Diggi","304504","Tonk","Tonk","Rajasthan"
"Diggi Bazar","305001","Ajmer","Ajmer","Rajasthan"
"Digod","325201","Kota","Kota","Rajasthan"
"Doodwa","332747","Sikar","Sikar","Rajasthan"
"Doomra","333707","JhunJhunu","JhunJhunu","Rajasthan"
"Doongla","312402","Chittorgarh","Chittorgarh","Rajasthan"
"Dubbi","303304","Dausa","Dausa","Rajasthan"
"Dudhwa Khara Village","331029","Churu","Churu","Rajasthan"
"Dudhwa R S","331034","Churu","Churu","Rajasthan"
"Dudu","303008","Jaipur","Jaipur","Rajasthan"
"Dujod","332032","Sikar","Sikar","Rajasthan"
"Dunara","342801","Jodhpur","Jodhpur","Rajasthan"
"Dundlod","333702","JhunJhunu","JhunJhunu","Rajasthan"
"Dundlod Rs","333706","JhunJhunu","JhunJhunu","Rajasthan"
"Dungarpur","314001","Dungarpur","Dungarpur","Rajasthan"
"Dungarpur City","314001","Dungarpur","Dungarpur","Rajasthan"
"Dungarpur Gepsagar","314001","Dungarpur","Dungarpur","Rajasthan"
"Dungarpur Sabzi Mandi","314001","Dungarpur","Dungarpur","Rajasthan"
"Duni","304802","Tonk","Tonk","Rajasthan"
"Durgapura","302015","Jaipur","Jaipur","Rajasthan"
"Dwarka Puri","302016","Jaipur","Jaipur","Rajasthan"
"East Gate Ratangarh","331022","Churu","Churu","Rajasthan"
"Engineering College","342001","Jodhpur","Jodhpur","Rajasthan"
"Etawa Bhopji","303804","Jaipur","Jaipur","Rajasthan"
"Falna","306116","Pali","Pali","Rajasthan"
"Falna Industrial Estate","306116","Pali","Pali","Rajasthan"
"Fatehgarh","305412","Ajmer","Ajmer","Rajasthan"
"Fatehpur Bazar","332301","Sikar","Sikar","Rajasthan"
"Fatehpur Kota","325208","Kota","Kota","Rajasthan"
"Fatehpur Sekhawati","332301","Sikar","Sikar","Rajasthan"
"Fatehpura","313001","Udaipur","Udaipur","Rajasthan"
"Fatehsinghpur","322252","Swaimadhopur","Swaimadhopur","Rajasthan"
"Fatel Nagar","313205","Udaipur","Udaipur","Rajasthan"
"G C Road Ajmer","305007","Ajmer","Ajmer","Rajasthan"
"G C Tonk","304001","Tonk","Tonk","Rajasthan"
"Gachhipura","341504","Nagaur","Nagaur","Rajasthan"
"Gadoli","321603","Bharatpur","Bharatpur","Rajasthan"
"Gadra Road","344501","Barmer","Barmer","Rajasthan"
"Gagaria","344030","Barmer","Barmer","Rajasthan"
"Gagwana","305023","Ajmer","Ajmer","Rajasthan"
"Gajner Palace","334301","Bikaner","Bikaner","Rajasthan"
"Gajsinghpur","335024","Ganganagar","Gajsinghpur","Rajasthan"
"Galiakot","314026","Dungarpur","Galiakot","Rajasthan"
"Galiakot Colony","314025","Dungarpur","Dungarpur","Rajasthan"
"Gandala","301709","Alwar","Alwar","Rajasthan"
"Gandhi Maidan","342003","Jodhpur","Jodhpur","Rajasthan"
"Gandhi Nagar","324004","Kota","Kota","Rajasthan"
"Gandhi Nagar Madanganj","305801","Ajmer","Ajmer","Rajasthan"
"Gandhi Vidya Mandir","301709","Alwar","Alwar","Rajasthan"
"Ganeri","332029","Sikar","Sikar","Rajasthan"
"Ganeshgarh","335025","Ganganagar","Ganganagar","Rajasthan"
"Ganeshpura","326503","Jhalawar","Jhalawar","Rajasthan"
"Ganeshwar","332705","Sikar","Sikar","Rajasthan"
"Ganga Nagar","335001","Ganganagar","Ganganagar","Rajasthan"
"Gangapur Bazar","322201","Swaimadhopur","Swaimadhopur","Rajasthan"
"Gangapur Bhilwara","311801","Bhilwara","Bhilwara","Rajasthan"
"Gangapur New Mandi","322201","Swaimadhopur","Swaimadhopur","Rajasthan"
"Gangapur R S","322201","Swaimadhopur","Swaimadhopur","Rajasthan"
"Gangapur Rly Colony","322201","Swaimadhopur","Swaimadhopur","Rajasthan"
"Gangashahar","334401","Bikaner","Bikaner","Rajasthan"
"Gangdhar","326516","Jhalawar","Jhalawar","Rajasthan"
"Gangiasar","333046","JhunJhunu","JhunJhunu","Rajasthan"
"Gangrar","312901","Chittorgarh","Chittorgarh","Rajasthan"
"Gangrar R S","312902","Chittorgarh","Chittorgarh","Rajasthan"
"Ganguwala","335026","Ganganagar","Ganganagar","Rajasthan"
"Ganj Ajmer","305001","Ajmer","Ajmer","Rajasthan"
"Ganoda","327021","Banswara","Banswara","Rajasthan"
"Ganwari","332724","Karauli","Karauli","Rajasthan"
"Gaon Guda","313321","Udaipur","Udaipur","Rajasthan"
"Garda","325224","Kota","Kota","Rajasthan"
"Garh Himmatsingh","321622","Bharatpur","Bharatpur","Rajasthan"
"Garh Moran","322212","Swaimadhopur","Swaimadhopur","Rajasthan"
"Garhi","327022","Banswara","Banswara","Rajasthan"
"Garhi Bajna","321423","Bharatpur","Bharatpur","Rajasthan"
"Garhi Sawairam","301413","Alwar","Alwar","Rajasthan"
"Garoda","332043","Sikar","Sikar","Rajasthan"
"Garu","321641","Alwar","Alwar","Rajasthan"
"Gaushala Road","332715","Sikar","Sikar","Rajasthan"
"Gaushala Road Sri","335001","Ganganagar","Ganganagar","Rajasthan"
"Geejgarh","303502","Jaipur","Jaipur","Rajasthan"
"General Assurance","305001","Ajmer","Ajmer","Rajasthan"
"Genji","314405","Dungarpur","Dungarpur","Rajasthan"
"Ghanerao","306704","Pali","Pali","Rajasthan"
"Ghantaghar Churu","331001","Churu","Churu","Rajasthan"
"Ghantaghar Kota","324006","Kota","Kota","Rajasthan"
"Ghantaghar Sujangarh","331507","Churu","Churu","Rajasthan"
"Gharsana","335707","Ganganagar","Ganganagar","Rajasthan"
"Ghasa","313210","Udaipur","Udaipur","Rajasthan"
"Ghat Gate","302003","Jaipur","Jaipur","Rajasthan"
"Ghata Balaji","321610","Swaimadhopur","Swaimadhopur","Rajasthan"
"Ghatol","327023","Banswara","Banswara","Rajasthan"
"Ghatoli","326039","Jhalawar","Jhalawar","Rajasthan"
"Ghatri","321412","Bharatpur","Bharatpur","Rajasthan"
"Ghatwa","341523","Nagaur","Nagaur","Rajasthan"
"Ghazi Ka Thana","301022","Alwar","Alwar","Rajasthan"
"Ghonsla","322254","Karauli","Karauli","Rajasthan"
"Gilund","313207","Udaipur","Udaipur","Rajasthan"
"Glo Ajmer","305001","Ajmer","Ajmer","Rajasthan"
"Goga Gate Bikaner","334001","Bikaner","Bikaner","Rajasthan"
"Gogalao","341011","Nagaur","Nagaur","Rajasthan"
"Gogameri","335504","Ganganagar","Ganganagar","Rajasthan"
"Gogasar","331504","Churu","Churu","Rajasthan"
"Gogunda","313705","Udaipur","Udaipur","Rajasthan"
"Goluwala","335802","Ganganagar","Ganganagar","Rajasthan"
"Gopalgarh","321211","Bharatpur","Bharatpur","Rajasthan"
"Gopalgarh Bharatpur","321001","Bharatpur","Bharatpur","Rajasthan"
"Gopinath Mohalla","321022","Bharatpur","Bharatpur","Rajasthan"
"Gordhanpura","303115","Jaipur","Jaipur","Rajasthan"
"Gorir","332748","Sikar","Sikar","Rajasthan"
"Gosunda","312201","Chittorgarh","Chittorgarh","Rajasthan"
"Goswami Chowk Bikaner","334001","Bikaner","Bikaner","Rajasthan"
"Gotan","342902","Nagaur","Nagaur","Rajasthan"
"Government College","324001","Kota","Kota","Rajasthan"
"Govind Nagar","302002","Jaipur","Jaipur","Rajasthan"
"Govindgarh Ajmer","305201","Ajmer","Ajmer","Rajasthan"
"Govindgarh Bharatpur","321604","Alwar","Alwar","Rajasthan"
"Govindgarh Malikpur","303712","Jaipur","Jaipur","Rajasthan"
"Govindpura","332739","Sikar","Sikar","Rajasthan"
"Guda Balotra","307030","Jalore","Jalore","Rajasthan"
"Guda Chanderji","322213","Swaimadhopur","Swaimadhopur","Rajasthan"
"Guda Malani","344031","Barmer","Barmer","Rajasthan"
"Gudha Gorji Ka","333022","JhunJhunu","JhunJhunu","Rajasthan"
"Gudha Katla","303323","Jaipur","Jaipur","Rajasthan"
"Gudha Salt","341525","Nagaur","Nagaur","Rajasthan"
"Gudhlia","303324","Jaipur","Jaipur","Rajasthan"
"Guhala","332706","Sikar","Sikar","Rajasthan"
"Gujar Dharti Ajmer","305001","Ajmer","Ajmer","Rajasthan"
"Gulab Bari Ajmer","305007","Ajmer","Ajmer","Rajasthan"
"Gulabpura","311021","Bhilwara","Gulabpura","Rajasthan"
"Gulpara","321031","Bharatpur","Gulabpura","Rajasthan"
"Gumanpura Kota","324007","Kota","Kota","Rajasthan"
"Gunga","344705","Barmer","Barmer","Rajasthan"
"Gungara","332038","Sikar","Sikar","Rajasthan"
"Gurara","332721","Sikar","Sikar","Rajasthan"
"Gurlan","311012","Bhilwara","Bhilwara","Rajasthan"
"Gurudwara Road","324002","Kota","Kota","Rajasthan"
"H M T Ajmer","305003","Ajmer","Ajmer","Rajasthan"
"Hadecha","343027","Jalore","Jalore","Rajasthan"
"Hadota","303705","Baran","Baran","Rajasthan"
"Hadoti","322036","Swaimadhopur","Swaimadhopur","Rajasthan"
"Haldiyon Ka Rasta","302003","Jaipur","Jaipur","Rajasthan"
"Halena","321601","Bharatpur","Bharatpur","Rajasthan"
"Hamirgarh","311025","Bhilwara","Bhilwara","Rajasthan"
"Hamirpur","301426","Alwar","Alwar","Rajasthan"
"Hamirwas","331305","Churu","Churu","Rajasthan"
"Hanspur","331305","Churu","Churu","Rajasthan"
"Hantra","321638","Alwar","Alwar","Rajasthan"
"Hanumandhora","331507","Churu","Churu","Rajasthan"
"Hanumangarh Jn","335512","Ganganagar","Ganganagar","Rajasthan"
"Hanumangarh Jn","335512","Ganganagar","Ganganagar","Rajasthan"
"Hanumangarh Jn Court","335512","Ganganagar","Ganganagar","Rajasthan"
"Hanumangarh Town","335513","Ganganagar","Ganganagar","Rajasthan"
"Hanumangarh Town Bazar","335513","Ganganagar","Ganganagar","Rajasthan"
"Hanumangarh Town Nai Mand","335513","Ganganagar","Ganganagar","Rajasthan"
"Hanumanpura","333703","JhunJhunu","JhunJhunu","Rajasthan"
"Harash","332035","Sikar","Sikar","Rajasthan"
"Hariadhana","342602","Jodhpur","Jodhpur","Rajasthan"
"Harigarh","326040","Jhalawar","Jhalawar","Rajasthan"
"Harji","307045","Sirohi","Sirohi","Rajasthan"
"Harji","307045","Sirohi","Sirohi","Rajasthan"
"Harmara Ajmer","305812","Ajmer","Ajmer","Rajasthan"
"Harnawda Shahji Ka","325225","Kota","Kota","Rajasthan"
"Harsani","344013","Barmer","Barmer","Rajasthan"
"Harsoli Alwar","301403","Alwar","Alwar","Rajasthan"
"Harsoli Jaipur","303609","Jaipur","Jaipur","Rajasthan"
"Harsora","301412","Alwar","Alwar","Rajasthan"
"Harsore","341515","Nagaur","Nagaur","Rajasthan"
"Hassampur","332743","Sikar","Sikar","Rajasthan"
"High Court","302005","Jaipur","Jaipur","Rajasthan"
"Himatsar","334802","Bikaner","Bikaner","Rajasthan"
"Hindaun","322230","Karauli","Hindaun","Rajasthan"
"Hindaun New Mandi","322230","Swaimadhopur","Hindaun","Rajasthan"
"Hindoli","323023","Bundi","Bundi","Rajasthan"
"Hindumalkot","335901","Ganganagar","Ganganagar","Rajasthan"
"Hiran Magri","313001","Udaipur","Udaipur","Rajasthan"
"Hod","332728","Sikar","Sikar","Rajasthan"
"Hospital Road Chirawa","333026","JhunJhunu","JhunJhunu","Rajasthan"
"Hospital Road Ringas","332404","Sikar","Sikar","Rajasthan"
"Hurda","311022","Bhilwara","Bhilwara","Rajasthan"
"I E Bidiad","341542","Nagaur","Nagaur","Rajasthan"
"I E Makhupura Ajmer","305002","Ajmer","Ajmer","Rajasthan"
"Idwa","341541","Nagaur","Nagaur","Rajasthan"
"Indergarh","323613","Bundi","Bundi","Rajasthan"
"Inderpura","333315","JhunJhunu","JhunJhunu","Rajasthan"
"Indira Bazar","302001","Jaipur","Jaipur","Rajasthan"
"Industrial Area","342003","Jodhpur","Jodhpur","Rajasthan"
"Industrial Area","341509","Nagaur","Nagaur","Rajasthan"
"Industrial Area","335512","Ganganagar","Ganganagar","Rajasthan"
"Industrial Area","313001","Udaipur","Udaipur","Rajasthan"
"Industrial Area Bharatpur","321001","Bharatpur","Bharatpur","Rajasthan"
"Industrial Area Bikaner","334001","Bikaner","Bikaner","Rajasthan"
"Industrial Area Naraina","303348","Jaipur","Jaipur","Rajasthan"
"Industrial Estate","302006","Jaipur","Jaipur","Rajasthan"
"Industrial Estate Kota","324003","Kota","Kota","Rajasthan"
"Industrial Estate Sri","335001","Ganganagar","Ganganagar","Rajasthan"
"Intali","313608","Udaipur","Udaipur","Rajasthan"
"Intalikhera","313026","Udaipur","Udaipur","Rajasthan"
"Isali","306026","Pali","Pali","Rajasthan"
"Isapur Katara","321035","Bharatpur","Bharatpur","Rajasthan"
"Isharda","322703","Swaimadhopur","Swaimadhopur","Rajasthan"
"Islampur","333024","JhunJhunu","JhunJhunu","Rajasthan"
"Ismailpur","301421","Alwar","Alwar","Rajasthan"
"Itamda","321417","Bharatpur","Bharatpur","Rajasthan"
"Itarna","301023","Alwar","Alwar","Rajasthan"
"Itawa","325004","Kota","Kota","Rajasthan"
"J L N Hospital Ajmer","305001","Ajmer","Ajmer","Rajasthan"
"J M Tonk","304001","Tonk","Tonk","Rajasthan"
"Jael","341023","Nagaur","Nagaur","Rajasthan"
"Jaghina","321021","Bharatpur","Bharatpur","Rajasthan"
"Jagjiwanpur","321426","Bharatpur","Bharatpur","Rajasthan"
"Jahazpur","305409","Dausa","Jahazpur","Rajasthan"
"Jahazpur Mandi","305409","Bhilwara","Jahazpur","Rajasthan"
"Jahota","303701","Jaipur","Jaipur","Rajasthan"
"Jail Road Bikaner","334001","Bikaner","Bikaner","Rajasthan"
"Jaipla","325226","Kota","Kota","Rajasthan"
"Jaipur","303103","Jaipur","Jaipur","Rajasthan"
"Jaipur 1 G P O","302001","Jaipur","Jaipur","Rajasthan"
"Jaipur 10 D M Ts Office","302010","Jaipur","Jaipur","Rajasthan"
"Jaipur 11 A P Sanganaer","302011","Jaipur","Jaipur","Rajasthan"
"Jaipur 12 Jhotwara","302012","Jaipur","Jaipur","Rajasthan"
"Jaipur 13 Vishwa Karma In","302013","Jaipur","Jaipur","Rajasthan"
"Jaipur 14 Ddapostal Jai","302014","Jaipur","Jaipur","Rajasthan"
"Jaipur 15 Gandhinagar","302015","Jaipur","Jaipur","Rajasthan"
"Jaipur 16 Shastri Nagar","302016","Jaipur","Jaipur","Rajasthan"
"Jaipur 17 Bajaj Nagar","302017","Jaipur","Jaipur","Rajasthan"
"Jaipur 2 Tripolia Bazar","302002","Jaipur","Jaipur","Rajasthan"
"Jaipur 3 Jaipur City","302003","Jaipur","Jaipur","Rajasthan"
"Jaipur 4 Adarshnagar","302004","Jaipur","Jaipur","Rajasthan"
"Jaipur 5 Rajasecretariat","302005","Jaipur","Jaipur","Rajasthan"
"Jaipur 6","302006","Jaipur","Jaipur","Rajasthan"
"Jaipur 7 P M Gs Office","302007","Jaipur","Jaipur","Rajasthan"
"Jaipur 8 G M Ts Office","302008","Jaipur","Jaipur","Rajasthan"
"Jaipur 9 D E Ts Office","302009","Jaipur","Jaipur","Rajasthan"
"Jairampura","332726","Sikar","Sikar","Rajasthan"
"Jaisalmer","345001","Jaisalmer","Jaisalmer","Rajasthan"
"Jaisalmer B S F","345002","Jaisalmer","Jaisalmer","Rajasthan"
"Jaisalmer City","345001","Jaisalmer","Jaisalmer","Rajasthan"
"Jaisalmer Collectorate","345001","Jaisalmer","Jaisalmer","Rajasthan"
"Jaisalmer Fort","345001","Jaisalmer","Jaisalmer","Rajasthan"
"Jaisalmer Station Road","345001","Jaisalmer","Jaisalmer","Rajasthan"
"Jaisinghpura Khor","303118","Jaipur","Jaipur","Rajasthan"
"Jaitpura","303704","Jaipur","Jaipur","Rajasthan"
"Jajod Fatehpur","332318","Sikar","Sikar","Rajasthan"
"Jajod Sri Madhopur","332722","Sikar","Sikar","Rajasthan"
"Jakhal","333305","JhunJhunu","JhunJhunu","Rajasthan"
"Jakharana","301713","Alwar","Alwar","Rajasthan"
"Jakhod","333033","JhunJhunu","JhunJhunu","Rajasthan"
"Jalalpur","321029","Bharatpur","Bharatpur","Rajasthan"
"Jalebi Chowk","302002","Jaipur","Jaipur","Rajasthan"
"Jalia","305625","Ajmer","Ajmer","Rajasthan"
"Jalore","343001","Jalore","Jalore","Rajasthan"
"Jalore Bus Stand","343001","Jalore","Jalore","Rajasthan"
"Jalore Collectorate","343001","Jalore","Jalore","Rajasthan"
"Jalore Suraj Pole","343001","Jalore","Jalore","Rajasthan"
"Jalore V D C","343001","Jalore","Jalore","Rajasthan"
"Jalori Gate","342003","Jodhpur","Jodhpur","Rajasthan"
"Jalpali","332730","Sikar","Sikar","Rajasthan"
"Jamsar","334601","Bikaner","Bikaner","Rajasthan"
"Jamwa Ramgarh","303109","Jaipur","Jaipur","Rajasthan"
"Jankipura","332315","Sikar","Sikar","Rajasthan"
"Janta Bazar","302002","Jaipur","Jaipur","Rajasthan"
"Janta Colony","302004","Jaipur","Jaipur","Rajasthan"
"Jaoli Alwar","301034","Alwar","Alwar","Rajasthan"
"Jarga","328038","Dholpur","Dholpur","Rajasthan"
"Jasana","335528","Ganganagar","Ganganagar","Rajasthan"
"Jasnagar","341518","Nagaur","Nagaur","Rajasthan"
"Jasol","344024","Barmer","Barmer","Rajasthan"
"Jasrapur","333514","JhunJhunu","JhunJhunu","Rajasthan"
"Jassusar Gate Bikaner","334001","Bikaner","Bikaner","Rajasthan"
"Jaswantgarh Nagaur","341304","Nagaur","Nagaur","Rajasthan"
"Jaswantgarh Udaipur","313707","Udaipur","Udaipur","Rajasthan"
"Jaswantpura","307515","Sirohi","Sirohi","Rajasthan"
"Jatnagla","322327","Swaimadhopur","Swaimadhopur","Rajasthan"
"Jawahar Chowk","342001","Jodhpur","Jodhpur","Rajasthan"
"Jawahar Nagar","302004","Jaipur","Jaipur","Rajasthan"
"Jawaharsagar","323302","Tonk","Tonk","Rajasthan"
"Jawai Bandh","306126","Pali","Pali","Rajasthan"
"Jawaja","305922","Ajmer","Ajmer","Rajasthan"
"Jawal","307801","Sirohi","Sirohi","Rajasthan"
"Jawali","306117","Pali","Pali","Rajasthan"
"Jawla","341534","Nagaur","Nagaur","Rajasthan"
"Jaykaypuram","307019","Sirohi","Sirohi","Rajasthan"
"Jeelo","332744","Sikar","Sikar","Rajasthan"
"Jeewad","321425","Bharatpur","Bharatpur","Rajasthan"
"Jejusar","333052","JhunJhunu","JhunJhunu","Rajasthan"
"Jetaran","306302","Pali","Pali","Rajasthan"
"Jethana Ajmer","305207","Ajmer","Ajmer","Rajasthan"
"Jethana Dungarpur","314033","Dungarpur","Dungarpur","Rajasthan"
"Jetsar","335702","Ganganagar","Ganganagar","Rajasthan"
"Jetsar Farm","333709","JhunJhunu","JhunJhunu","Rajasthan"
"Jetusar","332407","Sikar","Sikar","Rajasthan"
"Jhadol Phalasia","313702","Udaipur","Udaipur","Rajasthan"
"Jhadol Sarara","313905","Udaipur","Udaipur","Rajasthan"
"Jhadoli","307037","Jalore","Jalore","Rajasthan"
"Jhajhar","333304","JhunJhunu","JhunJhunu","Rajasthan"
"Jhajhu","334304","Bikaner","Bikaner","Rajasthan"
"Jhalawar","326001","Jhalawar","Jhalawar","Rajasthan"
"Jhalawar Collectorate","326001","Jhalawar","Jhalawar","Rajasthan"
"Jhallara","313038","Udaipur","Udaipur","Rajasthan"
"Jhalon Ki Madar","313336","Rajsamand","Rajsamand","Rajasthan"
"Jhalra Patan City","326023","Jhalawar","Jhalawar","Rajasthan"
"Jhamar Kotra Mines","313015","Udaipur","Udaipur","Rajasthan"
"Jhanwar","342021","Jodhpur","Jodhpur","Rajasthan"
"Jhareda","322231","Karauli","Karauli","Rajasthan"
"Jharli","332707","Sikar","Sikar","Rajasthan"
"Jhilai","304025","Tonk","Tonk","Rajasthan"
"Jhotwara Industrial Area","302012","Jaipur","Jaipur","Rajasthan"
"Jhunjhunu","333001","JhunJhunu","JhunJhunu","Rajasthan"
"Jhunjhunu Bazar","333001","JhunJhunu","JhunJhunu","Rajasthan"
"Jhunjhunu City","333001","JhunJhunu","JhunJhunu","Rajasthan"
"Jhunjhunu Court","333001","JhunJhunu","JhunJhunu","Rajasthan"
"Jhunjhunu Footla Bazar","333001","JhunJhunu","JhunJhunu","Rajasthan"
"Jhunjhunu Gandhi Chowk","333001","JhunJhunu","JhunJhunu","Rajasthan"
"Jhunta","306310","Pali","Pali","Rajasthan"
"Jobner","303328","Jaipur","Jobner","Rajasthan"
"Jodhpur","342001","Jodhpur","Jodhpur","Rajasthan"
"Jodhpur 2 Girdikot","342002","Jodhpur","Jodhpur","Rajasthan"
"Jodhpur 3 Sardarpura","342003","Jodhpur","Jodhpur","Rajasthan"
"Jodhpur 4","342004","Jodhpur","Jodhpur","Rajasthan"
"Jodhpur 5","342005","Jodhpur","Jodhpur","Rajasthan"
"Jodhpur 6","342006","Jodhpur","Jodhpur","Rajasthan"
"Jodhpur 7","342007","Jodhpur","Jodhpur","Rajasthan"
"Jodhpur 8","342008","Jodhpur","Jodhpur","Rajasthan"
"Jodhpur City","342001","Jodhpur","Jodhpur","Rajasthan"
"Jodhpur Kacheri","342006","Jodhpur","Jodhpur","Rajasthan"
"Johri Bazar","302003","Jaipur","Jaipur","Rajasthan"
"Jojawar","306022","Pali","Pali","Rajasthan"
"Jonesganj Ajmer","305001","Ajmer","Ajmer","Rajasthan"
"Joria","301711","Alwar","Alwar","Rajasthan"
"Junawas Bhilwara","311001","Bhilwara","Bhilwara","Rajasthan"
"Junia","305406","Ajmer","Ajmer","Rajasthan"
"Junjhani","343030","Jalore","Jalore","Rajasthan"
"Jurhera","321023","Bharatpur","Bharatpur","Rajasthan"
"K C F Township Khetrinaga","333504","JhunJhunu","JhunJhunu","Rajasthan"
"K K Chowk","342001","Jodhpur","Jodhpur","Rajasthan"
"Kabra","305927","Ajmer","Ajmer","Rajasthan"
"Kachan Kalan","311406","Bhilwara","Bhilwara","Rajasthan"
"Kachhola","311605","Bhilwara","Bhilwara","Rajasthan"
"Kachroda","303341","Karauli","Karauli","Rajasthan"
"Kachroli","322232","Karauli","Karauli","Rajasthan"
"Kadera","305405","Ajmer","Ajmer","Rajasthan"
"Kafla Bazar","304001","Tonk","Tonk","Rajasthan"
"Kagmala","343039","Jalore","Jalore","Rajasthan"
"Kailadevi","322243","Karauli","Karauli","Rajasthan"
"Kailash Nagar","312617","Karauli","Karauli","Rajasthan"
"Kailashpuri","313209","Udaipur","Udaipur","Rajasthan"
"Kaisar Bagh Dholpur","328028","Dholpur","Dholpur","Rajasthan"
"Kaisarganj Ajmer","305001","Ajmer","Ajmer","Rajasthan"
"Kaithoonipole Kota","324006","Kota","Kota","Rajasthan"
"Kaithun","325001","Kota","Kota","Rajasthan"
"Kaithwara","321032","Bharatpur","Bharatpur","Rajasthan"
"Kajara","333030","JhunJhunu","JhunJhunu","Rajasthan"
"Kaladera","303801","Jaipur","Jaipur","Rajasthan"
"Kalana","335502","Ganganagar","Ganganagar","Rajasthan"
"Kalandari","307802","Sirohi","Sirohi","Rajasthan"
"Kalera Krishan Gopal","305408","Ajmer","Ajmer","Rajasthan"
"Kalinjara","327606","Banswara","Banswara","Rajasthan"
"Kalru","341546","Nagaur","Nagaur","Rajasthan"
"Kalu","334602","Bikaner","Bikaner","Rajasthan"
"Kalubas Sri Dungargarh","331803","Churu","Churu","Rajasthan"
"Kalwa","341548","Nagaur","Nagaur","Rajasthan"
"Kalwari","321631","Bharatpur","Bharatpur","Rajasthan"
"Kalyanpur Barmer","344026","Barmer","Barmer","Rajasthan"
"Kalyanpur Udaipur","313907","Udaipur","Udaipur","Rajasthan"
"Kalyanpura Khurd","303116","Jaipur","Jaipur","Rajasthan"
"Kaman","321022","Bharatpur","Kaman","Rajasthan"
"Kanana","344023","Barmer","Barmer","Rajasthan"
"Kanba","314804","Dungarpur","Dungarpur","Rajasthan"
"Kanchanpur","328041","Dholpur","Dholpur","Rajasthan"
"Kanera","312606","Chittorgarh","Chittorgarh","Rajasthan"
"Kanjoli Lines Bharatpur","321001","Bharatpur","Bharatpur","Rajasthan"
"Kankarwa","312208","Chittorgarh","Chittorgarh","Rajasthan"
"Kankroli","313324","Udaipur","Udaipur","Rajasthan"
"Kankroli","313342","Udaipur","Udaipur","Rajasthan"
"Kanore","313604","Udaipur","Udaipur","Rajasthan"
"Kanota","303012","Jaipur","Jaipur","Rajasthan"
"Kanpur","313014","Udaipur","Udaipur","Rajasthan"
"Kansli Jaipur","303114","Jaipur","Jaipur","Rajasthan"
"Kantalia","306106","Pali","Pali","Rajasthan"
"Kanwas","325602","Kota","Kota","Rajasthan"
"Kanwat Town","332708","Sikar","Sikar","Rajasthan"
"Kapasan","312202","Chittorgarh","Kapasan","Rajasthan"
"Kapasan R S","312202","Chittorgarh","Kapasan","Rajasthan"
"Kapasan Town","312202","Chittorgarh","Kapasan","Rajasthan"
"Kapren","323301","Bundi","Bundi","Rajasthan"
"Karad","332723","Sikar","Sikar","Rajasthan"
"Karanpur","322244","Ganganagar","Karanpur","Rajasthan"
"Karansar","303606","Jaipur","Jaipur","Rajasthan"
"Karauli","322241","Swaimadhopur","Swaimadhopur","Rajasthan"
"Karawada","314407","Dungarpur","Dungarpur","Rajasthan"
"Karel","305021","Ajmer","Ajmer","Rajasthan"
"Kari","333311","JhunJhunu","JhunJhunu","Rajasthan"
"Karili","321618","Bharatpur","Bharatpur","Rajasthan"
"Karkeri","305819","Ajmer","Ajmer","Rajasthan"
"Karnikot","301427","Alwar","Alwar","Rajasthan"
"Karoi","311808","Bhilwara","Bhilwara","Rajasthan"
"Karunda","312608","Chittorgarh","Chittorgarh","Rajasthan"
"Kashipuri Bhilwara","311001","Bhilwara","Bhilwara","Rajasthan"
"Kasli Sikar","332039","Sikar","Sikar","Rajasthan"
"Kathoti","341032","Nagaur","Nagaur","Rajasthan"
"Kathumar","321605","Alwar","Alwar","Rajasthan"
"Katla Bazar","342001","Jodhpur","Jodhpur","Rajasthan"
"Katrathal","332024","Sikar","Sikar","Rajasthan"
"Katyasani","341547","Nagaur","Nagaur","Rajasthan"
"Kavas","344035","Barmer","Barmer","Rajasthan"
"Kayamsar","331033","Sikar","Sikar","Rajasthan"
"Kekri","305404","Ajmer","Kekri","Rajasthan"
"Kekri Bazar","305404","Ajmer","Ajmer","Rajasthan"
"Kelwa","313331","Udaipur","Udaipur","Rajasthan"
"Kelwara","313325","Udaipur","Udaipur","Rajasthan"
"Kemri","322216","Swaimadhopur","Swaimadhopur","Rajasthan"
"Keru","342031","Jodhpur","Jodhpur","Rajasthan"
"Keshariawad","313610","Udaipur","Udaipur","Rajasthan"
"Keshoraipatan","323601","Bundi","Keshoraipatan","Rajasthan"
"Keshoraipatan Sugar Fact","323602","Bundi","Keshoraipatan","Rajasthan"
"Keshrisinghpur","335027","Ganganagar","Ganganagar","Rajasthan"
"Khachariawas","332710","Sikar","Sikar","Rajasthan"
"Khadagda","314027","Dungarpur","Dungarpur","Rajasthan"
"Khadibag","303802","Jaipur","Jaipur","Rajasthan"
"Khairabad","326529","Kota","Kota","Rajasthan"
"Khairthal","301404","Alwar","Khairthal","Rajasthan"
"Khairthal Mandi","301404","Alwar","Khairthal","Rajasthan"
"Khairthal Town","301404","Alwar","Khairthal","Rajasthan"
"Khairwa","306501","Pali","Pali","Rajasthan"
"Khajuwala","334023","Bikaner","Bikaner","Rajasthan"
"Khajwana","341028","Nagaur","Nagaur","Rajasthan"
"Khamera","327027","Banswara","Banswara","Rajasthan"
"Khamnore","313322","Udaipur","Udaipur","Rajasthan"
"Khamore","311031","Bhilwara","Bhilwara","Rajasthan"
"Khan Surajpur","321428","Bharatpur","Bharatpur","Rajasthan"
"Khanda Falsa","342001","Jodhpur","Jodhpur","Rajasthan"
"Khandar","322025","Swaimadhopur","Swaimadhopur","Rajasthan"
"Khandela","332709","Baran","Khandela","Rajasthan"
"Khankhera","321430","Bharatpur","Bharatpur","Rajasthan"
"Khanpur","326038","Kota","Kota","Rajasthan"
"Khanwa","321420","Bharatpur","Bharatpur","Rajasthan"
"Kharchi Bazar","306001","Pali","Pali","Rajasthan"
"Khareri","321411","Bharatpur","Bharatpur","Rajasthan"
"Kharia Mithapur","342607","Jodhpur","Jodhpur","Rajasthan"
"Kharwa","305202","Ajmer","Ajmer","Rajasthan"
"Khasoli","331020","Churu","Churu","Rajasthan"
"Khatipura Road","302006","Jaipur","Jaipur","Rajasthan"
"Khatkar","323803","Bundi","Bundi","Rajasthan"
"Khatoli","325009","Kota","Kota","Rajasthan"
"Khatu Shyamji Ki","332602","Sikar","Sikar","Rajasthan"
"Khatwara","311609","Bhilwara","Bhilwara","Rajasthan"
"Kheda","322234","Swaimadhopur","Swaimadhopur","Rajasthan"
"Khejarla","342611","Jodhpur","Jodhpur","Rajasthan"
"Khemli","313201","Udaipur","Udaipur","Rajasthan"
"Khera Mangalsingh","301425","Alwar","Alwar","Rajasthan"
"Kherla","322240","Swaimadhopur","Swaimadhopur","Rajasthan"
"Kherli","321606","Alwar","Kherli","Rajasthan"
"Kherli Gadasia","321028","Bharatpur","Kherli","Rajasthan"
"Kherli Mandi","321606","Alwar","Kherli","Rajasthan"
"Kheroda","313602","Udaipur","Udaipur","Rajasthan"
"Kheroli","303803","Jaipur","Jaipur","Rajasthan"
"Kherwara","313803","Udaipur","Udaipur","Rajasthan"
"Khetri","333503","JhunJhunu","Khetri","Rajasthan"
"Khetri Bazar","333503","JhunJhunu","JhunJhunu","Rajasthan"
"Khetri Court","333503","JhunJhunu","JhunJhunu","Rajasthan"
"Khetrinagar","333504","JhunJhunu","JhunJhunu","Rajasthan"
"Khichan","342308","Jodhpur","Jodhpur","Rajasthan"
"Khinwara","306502","Pali","Pali","Rajasthan"
"Khinwsar","341025","Nagaur","Nagaur","Rajasthan"
"Khirni","322024","Swaimadhopur","Swaimadhopur","Rajasthan"
"Khirod","333306","JhunJhunu","JhunJhunu","Rajasthan"
"Khod","306119","Pali","Pali","Rajasthan"
"Khoh","321206","Karauli","Karauli","Rajasthan"
"Khonkhar","321630","Bharatpur","Bharatpur","Rajasthan"
"Khoor","332023","Sikar","Sikar","Rajasthan"
"Khori","303117","Jaipur","Jaipur","Rajasthan"
"Khuhri Jaisalmer","345032","Jaisalmer","Jaisalmer","Rajasthan"
"Khunkhuna","341318","Nagaur","Nagaur","Rajasthan"
"Khunta","313609","Udaipur","Udaipur","Rajasthan"
"Khuri Badi Sikar","332313","Sikar","Sikar","Rajasthan"
"Kishanganj","325216","Kota","Kota","Rajasthan"
"Kishangarh","305802","Ajmer","Kishangarh","Rajasthan"
"Kishangarh Bas","301405","Alwar","Kishangarh","Rajasthan"
"Kishangarh Renwal","303603","Jaipur","Kishangarh Renwal","Rajasthan"
"Kishanpole Bazar","302001","Jaipur","Jaipur","Rajasthan"
"Kishanpura","324009","Kota","Kota","Rajasthan"
"Kithana","333039","JhunJhunu","JhunJhunu","Rajasthan"
"Koaria","313327","Udaipur","Udaipur","Rajasthan"
"Kochhor","332406","Sikar","Sikar","Rajasthan"
"Kolari","328032","Dholpur","Dholpur","Rajasthan"
"Kolida","332040","Sikar","Sikar","Rajasthan"
"Kolihan Nagar","333503","JhunJhunu","JhunJhunu","Rajasthan"
"Koliya","341305","Nagaur","Nagaur","Rajasthan"
"Kolwa","303310","Dausa","Dausa","Rajasthan"
"Kosana","342609","Jodhpur","Jodhpur","Rajasthan"
"Koselao","306710","Pali","Pali","Rajasthan"
"Koshithal","311805","Bhilwara","Bhilwara","Rajasthan"
"Koshiwara","313709","Rajsamand","Rajsamand","Rajasthan"
"Kot","321623","Bharatpur","Bharatpur","Rajasthan"
"Kot Kasim","301702","Alwar","Alwar","Rajasthan"
"Kota","324001","Kota","Kota","Rajasthan"
"Kota","324007","Kota","Kota","Rajasthan"
"Kota 1","321623","Bharatpur","Bharatpur","Rajasthan"
"Kota 2","324001","Kota","Kota","Rajasthan"
"Kota 3","324002","Kota","Kota","Rajasthan"
"Kota 4","324003","Kota","Kota","Rajasthan"
"Kota 5","324004","Kota","Kota","Rajasthan"
"Kota 6","324005","Kota","Kota","Rajasthan"
"Kota 7","324006","Kota","Kota","Rajasthan"
"Kota 8","324007","Kota","Kota","Rajasthan"
"Kota 9","324008","Kota","Kota","Rajasthan"
"Kota City","324006","Kota","Kota","Rajasthan"
"Kota Jn","324002","Kota","Kota","Rajasthan"
"Kote Gate Bikaner","334001","Bikaner","Bikaner","Rajasthan"
"Kotharia","313323","Udaipur","Udaipur","Rajasthan"
"Kothian","311023","Bhilwara","Bhilwara","Rajasthan"
"Kotputli","303108","Jaipur","Kotputli","Rajasthan"
"Kotputli Bazar","303108","Jaipur","Kotputli","Rajasthan"
"Kotra","344709","Barmer","Barmer","Rajasthan"
"Kotra","307025","Udaipur","Udaipur","Rajasthan"
"Kotri Bhilwara","311603","Bhilwara","Bhilwara","Rajasthan"
"Kotri Gordhanpura","324007","Kota","Kota","Rajasthan"
"Kotri Sikar","332740","Sikar","Sikar","Rajasthan"
"Kotwali","302002","Jaipur","Jaipur","Rajasthan"
"Kotwali Bharatpur","321001","Bharatpur","Bharatpur","Rajasthan"
"Krishi Upaj Mandi","311001","Bhilwara","Bhilwara","Rajasthan"
"Krishi Upaj Mandi","302003","Jaipur","Jaipur","Rajasthan"
"Krishi Upaj Mandi","342005","Jodhpur","Jodhpur","Rajasthan"
"Krishi Upaj Mandi","342007","Jodhpur","Jodhpur","Rajasthan"
"Krishi Upaj Mandi","307027","Sirohi","Sirohi","Rajasthan"
"Krishna Colony","321001","Bharatpur","Bharatpur","Rajasthan"
"Krishna Mandir","302004","Jaipur","Jaipur","Rajasthan"
"Kuchaman","341508","Nagaur","Nagaur","Rajasthan"
"Kuchaman Road","341509","Nagaur","Nagaur","Rajasthan"
"Kuchera","341024","Nagaur","Kuchera","Rajasthan"
"Kuchil","305811","Ajmer","Ajmer","Rajasthan"
"Kudan","332031","Sikar","Sikar","Rajasthan"
"Kuharwas","333034","JhunJhunu","JhunJhunu","Rajasthan"
"Kukanwali","341519","Nagaur","Nagaur","Rajasthan"
"Kumher","321201","Bharatpur","Kumher","Rajasthan"
"Kumher Gate Bharatpur","321001","Bharatpur","Bharatpur","Rajasthan"
"Kun","313612","Udaipur","Udaipur","Rajasthan"
"Kunadi","324008","Kota","Kota","Rajasthan"
"Kundal","303325","Jaipur","Jaipur","Rajasthan"
"Kundera","322029","Swaimadhopur","Swaimadhopur","Rajasthan"
"Kuraj","313328","Udaipur","Udaipur","Rajasthan"
"Kurawar","313703","Udaipur","Udaipur","Rajasthan"
"Kurgaon","322255","Karauli","Karauli","Rajasthan"
"Kushalgarh","327801","Banswara","Kushalgarh","Rajasthan"
"Kushalgarh Bus Stand","327801","Dholpur","Kushalgarh","Rajasthan"
"Kushalpura","306305","Pali","Pali","Rajasthan"
"Kutcheri Ajmer","305001","Ajmer","Ajmer","Rajasthan"
"Kutchery","324001","Kota","Kota","Rajasthan"
"Kutina","301708","Alwar","Alwar","Rajasthan"
"Labour Colony","302006","Jaipur","Jaipur","Rajasthan"
"Lachharasar","331805","Churu","Churu","Rajasthan"
"Lachhmangarh Bazar","332311","Sikar","Sikar","Rajasthan"
"Lachhmangarh Sekhawati","332311","Sikar","Sikar","Rajasthan"
"Ladariya","341517","Nagaur","Nagaur","Rajasthan"
"Ladnun","341306","Nagaur","Nagaur","Rajasthan"
"Ladnun Pahalipatti","341306","Nagaur","Nagaur","Rajasthan"
"Ladnun Rahugate","341306","Nagaur","Nagaur","Rajasthan"
"Ladnun Railway Station","341306","Nagaur","Nagaur","Rajasthan"
"Ladpura Bhilwara","311606","Bhilwara","Bhilwara","Rajasthan"
"Lakadwas","313012","Udaipur","Udaipur","Rajasthan"
"Lakheri","323603","Bundi","Lakheri","Rajasthan"
"Lakheri Gaon","323615","Bundi","Lakheri","Rajasthan"
"Lakhni","332409","Sikar","Sikar","Rajasthan"
"Lakhola","311807","Bhilwara","Bhilwara","Rajasthan"
"Lalgarh Churu","331518","Churu","Churu","Rajasthan"
"Lalgarh Jatan","335037","Ganganagar","Ganganagar","Rajasthan"
"Lalgarh Palace Bikaner","334001","Bikaner","Bikaner","Rajasthan"
"Lalgarh Road Bikaner","334001","Bikaner","Bikaner","Rajasthan"
"Lalkar Bikaner","334001","Bikaner","Bikaner","Rajasthan"
"Lalsot","303503","Jaipur","Lalsot","Rajasthan"
"Lamba Hari Singh","304503","Tonk","Tonk","Rajasthan"
"Lampolai","341545","Nagaur","Nagaur","Rajasthan"
"Lasadia","313607","Udaipur","Udaipur","Rajasthan"
"Lasdawan","312609","Chittorgarh","Chittorgarh","Rajasthan"
"Lathi","345031","Jaisalmer","Jaisalmer","Rajasthan"
"Lavera Baori","342037","Jodhpur","Jodhpur","Rajasthan"
"Lawa","304506","Tonk","Tonk","Rajasthan"
"Lawa Sardargarh","313330","Udaipur","Udaipur","Rajasthan"
"Lawain","303004","Jaipur","Jaipur","Rajasthan"
"Laxman Mandir Bharatpur","321001","Bharatpur","Bharatpur","Rajasthan"
"Laxmangarh","321607","Alwar","Alwar","Rajasthan"
"Laxminarain Puri","302003","Jaipur","Jaipur","Rajasthan"
"Legislative Assembly","302002","Jaipur","Jaipur","Rajasthan"
"Liwali","322217","Swaimadhopur","Swaimadhopur","Rajasthan"
"Loco Workshop Ajmer","305001","Ajmer","Ajmer","Rajasthan"
"Lodsar","331510","Churu","Churu","Rajasthan"
"Loharia","327605","Banswara","Banswara","Rajasthan"
"Lohawat","342302","Jodhpur","Jodhpur","Rajasthan"
"Lorwara","332725","Sikar","Sikar","Rajasthan"
"Losal","332025","Sikar","Losal","Rajasthan"
"Losal Bazar","332025","Sikar","Losal","Rajasthan"
"Lotiyana","305923","Ajmer","Ajmer","Rajasthan"
"Ludhawai","321305","Bharatpur","Bharatpur","Rajasthan"
"Lunawa","306706","Pali","Pali","Rajasthan"
"Luni","342802","Jodhpur","Jodhpur","Rajasthan"
"Luniyawas","303608","Jaipur","Jaipur","Rajasthan"
"Lunkaransar","334603","Bikaner","Bikaner","Rajasthan"
"Lunwa","341538","Nagaur","Nagaur","Rajasthan"
"M I Road","302001","Jaipur","Jaipur","Rajasthan"
"M R E College","302017","Jaipur","Jaipur","Rajasthan"
"Machhala Magra Colony","313001","Udaipur","Udaipur","Rajasthan"
"Machheri","301419","Alwar","Alwar","Rajasthan"
"Machilpur","322242","Swaimadhopur","Swaimadhopur","Rajasthan"
"Madanganj","305801","Ajmer","Ajmer","Rajasthan"
"Madanganj Bazar","305801","Ajmer","Ajmer","Rajasthan"
"Madar Ajmer","305024","Ajmer","Ajmer","Rajasthan"
"Maderan","335902","Ganganagar","Ganganagar","Rajasthan"
"Madhopur","306304","Pali","Pali","Rajasthan"
"Madhopur","322001","Swaimadhopur","Swaimadhopur","Rajasthan"
"Madhorajpura","303006","Jaipur","Jaipur","Rajasthan"
"Mahabar","344015","Barmer","Barmer","Rajasthan"
"Mahajan","334604","Bikaner","Bikaner","Rajasthan"
"Mahalpur Chura","321424","Bharatpur","Bharatpur","Rajasthan"
"Mahamandir Bazar","342006","Jodhpur","Jodhpur","Rajasthan"
"Mahansar","331030","JhunJhunu","JhunJhunu","Rajasthan"
"Maharana Pratap","331023","Churu","Churu","Rajasthan"
"Mahatma Gandhi Road Bikan","334001","Bikaner","Bikaner","Rajasthan"
"Mahi Dam","327026","Banswara","Banswara","Rajasthan"
"Mahila Vidyapeeth","321406","Bharatpur","Bharatpur","Rajasthan"
"Mahu Kalan","322202","Swaimadhopur","Mahu Kalan","Rajasthan"
"Mahwa","321608","Swaimadhopur","Mahwa","Rajasthan"
"Mahwa Road","321609","Swaimadhopur","Mahwa","Rajasthan"
"Mai","321033","Bharatpur","Bharatpur","Rajasthan"
"Maid","303003","Jaipur","Jaipur","Rajasthan"
"Majajpur","321415","Bharatpur","Bharatpur","Rajasthan"
"Majal","344029","Barmer","Barmer","Rajasthan"
"Majri Kalan","301703","Alwar","Alwar","Rajasthan"
"Makrana","341505","Nagaur","Makrana","Rajasthan"
"Makrana Industrial Area","341505","Nagaur","Makrana","Rajasthan"
"Makrana S B","341505","Nagaur","Makrana","Rajasthan"
"Malakhera","301406","Alwar","Alwar","Rajasthan"
"Malar","341313","Nagaur","Nagaur","Rajasthan"
"Malarna Chour","322030","Swaimadhopur","Swaimadhopur","Rajasthan"
"Malarna Doongar","322028","Swaimadhopur","Swaimadhopur","Rajasthan"
"Malarna R S","322023","Swaimadhopur","Swaimadhopur","Rajasthan"
"Malikpur","332408","Sikar","Sikar","Rajasthan"
"Malkhera","335514","Ganganagar","Ganganagar","Rajasthan"
"Malpura","304502","Tonk","Malpura","Rajasthan"
"Malpura Bazar","304502","Tonk","Malpura","Rajasthan"
"Malsisar","331028","JhunJhunu","JhunJhunu","Rajasthan"
"Malviya Industrial Area","302017","Jaipur","Jaipur","Rajasthan"
"Malviya Nagar","302017","Jaipur","Jaipur","Rajasthan"
"Malwara","343039","Jalore","Jalore","Rajasthan"
"Manaksar","335065","Ganganagar","Ganganagar","Rajasthan"
"Manana","341540","Nagaur","Nagaur","Rajasthan"
"Mandal","311403","Bhilwara","Bhilwara","Rajasthan"
"Mandalgarh","311604","Bhilwara","Mandalgarh","Rajasthan"
"Mandana","325006","Kota","Kota","Rajasthan"
"Mandar","307513","Sirohi","Sirohi","Rajasthan"
"Mandawa","333704","JhunJhunu","Mandawa","Rajasthan"
"Mandawa Bazar","333704","JhunJhunu","Mandawa","Rajasthan"
"Mandawala","343042","Jalore","Jalore","Rajasthan"
"Mandawar Alwar","301407","Alwar","Alwar","Rajasthan"
"Mandawar Bharatpur","322235","Swaimadhopur","Swaimadhopur","Rajasthan"
"Mandawari","303504","Jaipur","Jaipur","Rajasthan"
"Mandha Bhimsingh","303339","Jaipur","Jaipur","Rajasthan"
"Mandha Surera","332742","Sikar","Sikar","Rajasthan"
"Mandhan","301704","Alwar","Alwar","Rajasthan"
"Mandholi","332741","Sikar","Sikar","Rajasthan"
"Mandi","325205","Kota","Kota","Rajasthan"
"Mandi Khatikan","302002","Jaipur","Jaipur","Rajasthan"
"Mandi Sri Ganganagar","335001","Ganganagar","Ganganagar","Rajasthan"
"Mandore","341304","Nagaur","Nagaur","Rajasthan"
"Mandore Road","342007","Jodhpur","Jodhpur","Rajasthan"
"Mandrail","322251","Swaimadhopur","Swaimadhopur","Rajasthan"
"Mandrella","333025","JhunJhunu","JhunJhunu","Rajasthan"
"Mangalpura","326001","Jhalawar","Jhalawar","Rajasthan"
"Manglana","341535","Nagaur","Nagaur","Rajasthan"
"Mangliawas","305203","Ajmer","Ajmer","Rajasthan"
"Mangloona","332044","Sikar","Sikar","Rajasthan"
"Mangrol Chittorgarh","312620","Baran","Baran","Rajasthan"
"Mangrol Kota","325215","Baran","Baran","Rajasthan"
"Mangrop","311028","Bhilwara","Bhilwara","Rajasthan"
"Mania","328024","Dholpur","Dholpur","Rajasthan"
"Manohar Thana","326037","Jhalawar","Manohar Thana","Rajasthan"
"Manoharpur","303104","Jaipur","Jaipur","Rajasthan"
"Manpur Sikrai","303509","Jaipur","Jaipur","Rajasthan"
"Marena Bharatpur","321027","Bharatpur","Bharatpur","Rajasthan"
"Marena Dholpur","328029","Dholpur","Dholpur","Rajasthan"
"Marg","332001","Sikar","Sikar","Rajasthan"
"Maroth","341507","Nagaur","Nagaur","Rajasthan"
"Marwar Jn","306001","Pali","Pali","Rajasthan"
"Marwar Mundwa","341026","Nagaur","Nagaur","Rajasthan"
"Massuria","342003","Jodhpur","Jodhpur","Rajasthan"
"Masuda","305623","Ajmer","Ajmer","Rajasthan"
"Masuda Bus Stand","305623","Ajmer","Ajmer","Rajasthan"
"Matashya Industrial Area","305623","Ajmer","Ajmer","Rajasthan"
"Mathania","342305","Jodhpur","Jodhpur","Rajasthan"
"Mathugamda","314013","Dungarpur","Dungarpur","Rajasthan"
"Mathura Darwaza Bharatpur","321001","Bharatpur","Bharatpur","Rajasthan"
"Matili Rathan","335043","Ganganagar","Ganganagar","Rajasthan"
"Mau","332735","Sikar","Sikar","Rajasthan"
"Maujpur","321633","Dausa","Dausa","Rajasthan"
"Maulasar","341506","Nagaur","Nagaur","Rajasthan"
"Mavli Jn","313203","Udaipur","Udaipur","Rajasthan"
"Mayo Ajmer","305001","Ajmer","Ajmer","Rajasthan"
"Mehandwas","304805","Tonk","Tonk","Rajasthan"
"Mehar","313613","Udaipur","Udaipur","Rajasthan"
"Mehrauli","332603","Sikar","Sikar","Rajasthan"
"Mental Hospital","302004","Jaipur","Jaipur","Rajasthan"
"Merpur","307038","Jalore","Jalore","Rajasthan"
"Merta City","341510","Nagaur","Merta City","Rajasthan"
"Merta Kacheri","341510","Nagaur","Merta City","Rajasthan"
"Merta Road","341511","Nagaur","Merta City","Rajasthan"
"Merta Rs","341510","Nagaur","Merta City","Rajasthan"
"Mewanagar","344025","Barmer","Barmer","Rajasthan"
"Milakpur","321304","Bharatpur","Bharatpur","Rajasthan"
"Mindha","303610","Nagaur","Nagaur","Rajasthan"
"Mirshali Ajmer","305001","Ajmer","Ajmer","Rajasthan"
"Mirzapur","322224","Swaimadhopur","Swaimadhopur","Rajasthan"
"Mirzawala","335038","Ganganagar","Ganganagar","Rajasthan"
"Mithki","341533","Nagaur","Nagaur","Rajasthan"
"Modran","343028","Jalore","Jalore","Rajasthan"
"Mohannagar","335706","Ganganagar","Ganganagar","Rajasthan"
"Mohi","313338","Udaipur","Udaipur","Rajasthan"
"Mohta Chowk Bikaner","334001","Bikaner","Bikaner","Rajasthan"
"Mokala","341544","Nagaur","Nagaur","Rajasthan"
"Mokalsar","343043","Barmer","Barmer","Rajasthan"
"Momasar","331801","Churu","Churu","Rajasthan"
"Monda R S","332711","Sikar","Sikar","Rajasthan"
"Mor Ka Nimbahera","311026","Bhilwara","Bhilwara","Rajasthan"
"Morak","326517","Kota","Kota","Rajasthan"
"Moriza","303805","Jaipur","Jaipur","Rajasthan"
"Moti Chowk","331403","Churu","Churu","Rajasthan"
"Moti Dungri Road","302004","Jaipur","Jaipur","Rajasthan"
"Moti Katla Bazar","302002","Jaipur","Jaipur","Rajasthan"
"Mozamabad","303009","Jaipur","Jaipur","Rajasthan"
"Mss Hatundi Ajmer","305008","Ajmer","Ajmer","Rajasthan"
"Muk Lawa","335039","Ganganagar","Ganganagar","Rajasthan"
"Mukandgarh","333705","JhunJhunu","Mukandgarh","Rajasthan"
"Munabao","344503","Barmer","Barmer","Rajasthan"
"Mundara","306705","Pali","Pali","Rajasthan"
"Mundia Lalita","321634","Alwar","Alwar","Rajasthan"
"Mundri Mohalla Ajmer","305001","Ajmer","Ajmer","Rajasthan"
"Mundru","332712","Sikar","Sikar","Rajasthan"
"Mungthala","307036","Jalore","Jalore","Rajasthan"
"Nabipura","332306","Sikar","Sikar","Rajasthan"
"Nachna","345028","Jaisalmer","Jaisalmer","Rajasthan"
"Nadbai","321602","Bharatpur","Nadbai","Rajasthan"
"Nadbai Town","321602","Bharatpur","Nadbai","Rajasthan"
"Nadol","306603","Pali","Pali","Rajasthan"
"Nadoti","322215","Karauli","Karauli","Rajasthan"
"Nagaouriyon Ka Bas","342001","Jodhpur","Jodhpur","Rajasthan"
"Nagar Bharatpur","321205","Bharatpur","Bharatpur","Rajasthan"
"Nagaur","341001","Nagaur","Nagaur","Rajasthan"
"Nagaur Banshiwala Temple","341001","Nagaur","Nagaur","Rajasthan"
"Nagaur City","341001","Nagaur","Nagaur","Rajasthan"
"Nagaur Loharpura","341001","Nagaur","Nagaur","Rajasthan"
"Nagaur Police Line","341001","Nagaur","Nagaur","Rajasthan"
"Nagauri Gate","342001","Jodhpur","Jodhpur","Rajasthan"
"Naggi","335074","Ganganagar","Ganganagar","Rajasthan"
"Nagra Ajmer","305001","Ajmer","Ajmer","Rajasthan"
"Nai","313031","Udaipur","Udaipur","Rajasthan"
"Nai Line Gangashahar","334401","Bikaner","Bikaner","Rajasthan"
"Nainwan","323801","Bundi","Bundi","Rajasthan"
"Naka Madar Ajmer","305007","Ajmer","Ajmer","Rajasthan"
"Namana","323022","Bundi","Bundi","Rajasthan"
"Nana","306504","Pali","Pali","Rajasthan"
"Nand","344014","Barmer","Barmer","Rajasthan"
"Nandanwan","342008","Jodhpur","Jodhpur","Rajasthan"
"Nandeshma","313708","Udaipur","Udaipur","Rajasthan"
"Nandia","307042","Jalore","Jalore","Rajasthan"
"Nandia","307042","Jalore","Jalore","Rajasthan"
"Nandpuri","302006","Jaipur","Jaipur","Rajasthan"
"Nandrai","311608","Bhilwara","Bhilwara","Rajasthan"
"Nangal Bersi","303307","Jaipur","Jaipur","Rajasthan"
"Nangal Rajwatan","303505","Jaipur","Jaipur","Rajasthan"
"Nangal Rajwatan","333042","JhunJhunu","JhunJhunu","Rajasthan"
"Nanta","325007","Kota","Kota","Rajasthan"
"Napasar","334201","Bikaner","Bikaner","Rajasthan"
"Naraina","303348","Jaipur","Jaipur","Rajasthan"
"Narainpur","301024","Alwar","Alwar","Rajasthan"
"Narainpura","341527","Nagaur","Nagaur","Rajasthan"
"Narauli Dang","322203","Swaimadhopur","Swaimadhopur","Rajasthan"
"Nareheda","303105","Jaipur","Jaipur","Rajasthan"
"Narhar","333035","JhunJhunu","JhunJhunu","Rajasthan"
"Narharpur","321418","Bharatpur","Bharatpur","Rajasthan"
"Nasirabad","305601","Ajmer","Nasirabad","Rajasthan"
"Nasirabad","305601","Ajmer","Nasirabad","Rajasthan"
"Nasirabad Sadar Bazar","305601","Ajmer","Nasirabad","Rajasthan"
"Nasirda","304507","Tonk","Tonk","Rajasthan"
"Nasoli","343034","Jalore","Jalore","Rajasthan"
"Nathdwara","313301","Rajsamand","Nathdwara","Rajasthan"
"Nathdwara Chopati","313301","Rajsamand","Rajsamand","Rajasthan"
"Nathusar","332731","Sikar","Sikar","Rajasthan"
"Nawab Ka Bera","305001","Ajmer","Ajmer","Rajasthan"
"Nawalgarh","333042","JhunJhunu","Nawalgarh","Rajasthan"
"Nawalgarh Bazar","333042","JhunJhunu","Nawalgarh","Rajasthan"
"Naya Bas Sujangarh","331507","Churu","Churu","Rajasthan"
"Naya Bazar Ajmer","305001","Ajmer","Ajmer","Rajasthan"
"Naya Parasrampura","333309","JhunJhunu","JhunJhunu","Rajasthan"
"Naya Sarafa Bazar","313001","Udaipur","Udaipur","Rajasthan"
"Nayagaon Khalsa","321419","Bharatpur","Bharatpur","Rajasthan"
"Nayama Bazar","332311","Sikar","Sikar","Rajasthan"
"Nayapura","324001","Kota","Kota","Rajasthan"
"Nechwa","332026","Sikar","Sikar","Rajasthan"
"Neemran","301705","Alwar","Alwar","Rajasthan"
"Nehru Park Khandela","332709","Sikar","Sikar","Rajasthan"
"New Bus Stand Dholpur","328001","Dholpur","Dholpur","Rajasthan"
"New Central Revenue Bldg","302005","Jaipur","Jaipur","Rajasthan"
"New Colony Bundi","323001","Bundi","Bundi","Rajasthan"
"New Grain Mandi","324006","Kota","Kota","Rajasthan"
"New Mandi Bharatpur","321001","Bharatpur","Bharatpur","Rajasthan"
"New Railway Colony","324002","Kota","Kota","Rajasthan"
"Newai","304021","Tonk","Tonk","Rajasthan"
"Newai R S","304020","Tonk","Tonk","Rajasthan"
"Nikumbh","312603","Chittorgarh","Chittorgarh","Rajasthan"
"Nim Ka Thana","332713","Sikar","Sikar","Rajasthan"
"Nim Ka Thana Bazar","332713","Sikar","Sikar","Rajasthan"
"Nim Ka Thana Town","332713","Sikar","Sikar","Rajasthan"
"Nimaj","306303","Pali","Pali","Rajasthan"
"Nimbahera","312601","Chittorgarh","Nimbahera","Rajasthan"
"Nimbahera R S","312601","Chittorgarh","Nimbahera","Rajasthan"
"Nimbi Jodhan","341316","Nagaur","Nagaur","Rajasthan"
"Nimod","341526","Nagaur","Nagaur","Rajasthan"
"Nithar","321414","Bharatpur","Bharatpur","Rajasthan"
"Nizampura","335040","Ganganagar","Ganganagar","Rajasthan"
"Nohar","335523","Hanumangarh","Nohar","Rajasthan"
"Nohar Bazar","335523","Hanumangarh","Hanumangarh","Rajasthan"
"Nokh","342310","Jodhpur","Jodhpur","Rajasthan"
"Nokha","334803","Bikaner","Nokha","Rajasthan"
"Nowgaon","301025","Alwar","Alwar","Rajasthan"
"Nua","333041","JhunJhunu","JhunJhunu","Rajasthan"
"Obri","314401","Dungarpur","Dungarpur","Rajasthan"
"Ojtu","333040","JhunJhunu","JhunJhunu","Rajasthan"
"Osian","342303","Jodhpur","Jodhpur","Rajasthan"
"P I P Kota","324005","Kota","Kota","Rajasthan"
"P M Gs Office","302001","Jaipur","Jaipur","Rajasthan"
"P W D Office","302006","Jaipur","Jaipur","Rajasthan"
"Pabu Bari Bikaner","334001","Bikaner","Bikaner","Rajasthan"
"Pachar","332729","Sikar","Sikar","Rajasthan"
"Pacheri Badi","333515","JhunJhunu","JhunJhunu","Rajasthan"
"Pachewar","304509","Tonk","Tonk","Rajasthan"
"Pachgaon","328030","Dholpur","Dholpur","Rajasthan"
"Pachlangi","333310","JhunJhunu","JhunJhunu","Rajasthan"
"Pachpadra City","344032","Barmer","Barmer","Rajasthan"
"Pachpahar","326512","Jhalawar","Jhalawar","Rajasthan"
"Padampur","335041","Ganganagar","Padampur","Rajasthan"
"Padiv","307033","Jalore","Jalore","Rajasthan"
"Padru","344801","Barmer","Barmer","Rajasthan"
"Padu Kallan","341031","Nagaur","Nagaur","Rajasthan"
"Padu Khurd","341035","Nagaur","Nagaur","Rajasthan"
"Padwa","314024","Dungarpur","Dungarpur","Rajasthan"
"Paharganj","302003","Jaipur","Jaipur","Rajasthan"
"Pahari","321204","Bharatpur","Bharatpur","Rajasthan"
"Paharsar","321636","Alwar","Alwar","Rajasthan"
"Pahuna","312206","Chittorgarh","Chittorgarh","Rajasthan"
"Pal Beesla Ajmer","305007","Ajmer","Ajmer","Rajasthan"
"Palace Road","313001","Udaipur","Udaipur","Rajasthan"
"Palana","334404","Bikaner","Bikaner","Rajasthan"
"Palana Khurd","313204","Udaipur","Udaipur","Rajasthan"
"Palanipet","341002","Nagaur","Nagaur","Rajasthan"
"Paldewal","314011","Dungarpur","Dungarpur","Rajasthan"
"Pali","306401","Pali","Pali","Rajasthan"
"Pali City","306401","Pali","Pali","Rajasthan"
"Pali Cloth Market","306401","Pali","Pali","Rajasthan"
"Pali Durgadas Nagar","306401","Pali","Pali","Rajasthan"
"Pali Industrial Estate","306401","Pali","Pali","Rajasthan"
"Pali Kachery","306401","Pali","Pali","Rajasthan"
"Pali Mahavir","306401","Pali","Pali","Rajasthan"
"Pali Mandia Road","306401","Pali","Pali","Rajasthan"
"Pali Railway Station","306401","Pali","Pali","Rajasthan"
"Pali Surajpole","306401","Pali","Pali","Rajasthan"
"Paloda","327028","Banswara","Banswara","Rajasthan"
"Palri","307043","Sirohi","Sirohi","Rajasthan"
"Palsana","332402","Sikar","Sikar","Rajasthan"
"Paltangate Kuchaman","341508","Nagaur","Nagaur","Rajasthan"
"Panchu","334804","Bikaner","Bikaner","Rajasthan"
"Panchwa","341528","Nagaur","Nagaur","Rajasthan"
"Panchwati","313001","Udaipur","Udaipur","Rajasthan"
"Pander","305410","Bhilwara","Bhilwara","Rajasthan"
"Panditanwalii","335806","Ganganagar","Ganganagar","Rajasthan"
"Panwalia","304510","Tonk","Tonk","Rajasthan"
"Panwar Jhalawar","326041","Jhalawar","Jhalawar","Rajasthan"
"Panwar Tonk","304803","Tonk","Tonk","Rajasthan"
"Paota Bharatpur","321612","Swaimadhopur","Swaimadhopur","Rajasthan"
"Paota Jaipur","303106","Jaipur","Jaipur","Rajasthan"
"Paparda","303506","Jaipur","Jaipur","Rajasthan"
"Paprera","321637","Alwar","Alwar","Rajasthan"
"Papurana","333037","JhunJhunu","JhunJhunu","Rajasthan"
"Parao Ajmer","305001","Ajmer","Ajmer","Rajasthan"
"Parasrampura","333308","JhunJhunu","JhunJhunu","Rajasthan"
"Parbatsar","341512","Nagaur","Parbatsar","Rajasthan"
"Pargatsar K C","341512","Nagaur","Nagaur","Rajasthan"
"Parihara","331505","Churu","Churu","Rajasthan"
"Parivahan Marg","302001","Jaipur","Jaipur","Rajasthan"
"Parlu","344027","Barmer","Barmer","Rajasthan"
"Paroli","305413","Bhilwara","Bhilwara","Rajasthan"
"Parsad","313801","Udaipur","Udaipur","Rajasthan"
"Parsola","313611","Udaipur","Udaipur","Rajasthan"
"Partapnagar","342004","Jodhpur","Jodhpur","Rajasthan"
"Partapur Alwar","301710","Alwar","Alwar","Rajasthan"
"Partapur Banswara","327024","Banswara","Banswara","Rajasthan"
"Patan","332718","Sikar","Sikar","Rajasthan"
"Patanpole Kota","324006","Kota","Kota","Rajasthan"
"Patel Chowk Sadulpur","331023","Churu","Churu","Rajasthan"
"Pathena","321615","Bharatpur","Bharatpur","Rajasthan"
"Patoda","332312","Sikar","Sikar","Rajasthan"
"Patodi","344038","Barmer","Barmer","Rajasthan"
"Peelwa Jodhpur","342309","Jodhpur","Jodhpur","Rajasthan"
"Peelwa Nagaur","341532","Nagaur","Nagaur","Rajasthan"
"Peeplu","304801","Tonk","Tonk","Rajasthan"
"Peeth","314406","Dungarpur","Dungarpur","Rajasthan"
"Penghore","321202","Bharatpur","Bharatpur","Rajasthan"
"Phagalwa","332041","Sikar","Sikar","Rajasthan"
"Phagi","303005","Jaipur","Jaipur","Rajasthan"
"Phalasia","313701","Udaipur","Udaipur","Rajasthan"
"Phalera","303338","Jaipur","Jaipur","Rajasthan"
"Phalera Bazar","303338","Jaipur","Jaipur","Rajasthan"
"Phalera Rly Colony","303338","Jaipur","Jaipur","Rajasthan"
"Phalodi","342301","Jodhpur","Phalodi","Rajasthan"
"Phalodi Naya Bazar","342301","Jodhpur","Phalodi","Rajasthan"
"Phalodi Quarry","322026","Swaimadhopur","Phalodi","Rajasthan"
"Phalodi Sadar Bazar","342301","Jodhpur","Phalodi","Rajasthan"
"Phalsund","345025","Jaisalmer","Jaisalmer","Rajasthan"
"Phephana","335527","Ganganagar","Ganganagar","Rajasthan"
"Phoota Kot Karauli","322241","Swaimadhopur","Swaimadhopur","Rajasthan"
"Phulia Kalan","311407","Bhilwara","Bhilwara","Rajasthan"
"Pi Indraprakash","324005","Kota","Kota","Rajasthan"
"Pichuna","321301","Bharatpur","Bharatpur","Rajasthan"
"Pilani","333031","JhunJhunu","Pilani","Rajasthan"
"Pilibanga","335803","Ganganagar","Pilibanga","Rajasthan"
"Piloda","322205","Swaimadhopur","Swaimadhopur","Rajasthan"
"Pinan","301423","Alwar","Alwar","Rajasthan"
"Pindwara","307022","Sirohi","Pindwara","Rajasthan"
"Pinghera","321030","Bharatpur","Bharatpur","Rajasthan"
"Pip Vigyan Nagar","324005","Kota","Kota","Rajasthan"
"Pipalda","325008","Baran","Baran","Rajasthan"
"Pipalkhunt","327029","Banswara","Banswara","Rajasthan"
"Pipar","342601","Jodhpur","Jodhpur","Rajasthan"
"Pipar Chopata Bazar","342601","Jodhpur","Jodhpur","Rajasthan"
"Pipar Road","342606","Jodhpur","Jodhpur","Rajasthan"
"Piplai","322214","Sikar","Sikar","Rajasthan"
"Piplia Kalan","306307","Pali","Pali","Rajasthan"
"Piplund","305411","Bhilwara","Bhilwara","Rajasthan"
"Piprali","332027","Sikar","Sikar","Rajasthan"
"Pipron","328040","Dholpur","Dholpur","Rajasthan"
"Pirawa","326034","Jhalawar","Pirawa","Rajasthan"
"Pisangan","305204","Ajmer","Ajmer","Rajasthan"
"Pokaran","345021","Jaisalmer","Pokaran","Rajasthan"
"Pokaran City","345021","Jaisalmer","Jaisalmer","Rajasthan"
"Pokaran R S","345021","Jaisalmer","Jaisalmer","Rajasthan"
"Police Line Ajmer","305006","Ajmer","Ajmer","Rajasthan"
"Ponkh","333053","JhunJhunu","JhunJhunu","Rajasthan"
"Posalia","307028","Sirohi","Sirohi","Rajasthan"
"Postal Stamps Depot","302006","Jaipur","Jaipur","Rajasthan"
"Potlan","311810","Bhilwara","Bhilwara","Rajasthan"
"Power House Ratangarh","331022","Churu","Churu","Rajasthan"
"Pragpura","303107","Jaipur","Jaipur","Rajasthan"
"Pratabgarh","312605","Chittorgarh","Chittorgarh","Rajasthan"
"Pratabgarh Alwar","301027","Alwar","Alwar","Rajasthan"
"Pratabgarh Kacheri","312605","Chittorgarh","Chittorgarh","Rajasthan"
"Pratabgarh Surajpole","312605","Chittorgarh","Chittorgarh","Rajasthan"
"Pratapnagar","313001","Udaipur","Udaipur","Rajasthan"
"Pritampuri","332745","Sikar","Sikar","Rajasthan"
"Pulasar","331402","Churu","Churu","Rajasthan"
"Punali","314028","Dungarpur","Dungarpur","Rajasthan"
"Punjpur","314038","Dungarpur","Dungarpur","Rajasthan"
"Pur","311802","Bhilwara","Bhilwara","Rajasthan"
"Puranabas","332732","Sikar","Sikar","Rajasthan"
"Purani Abadi Sri","335001","Ganganagar","Ganganagar","Rajasthan"
"Purani Basti","302001","Jaipur","Jaipur","Rajasthan"
"Purani Chhawni","332732","Sikar","Sikar","Rajasthan"
"Purani Deeg","321203","Bharatpur","Bharatpur","Rajasthan"
"Purani Mandi Ajmer","305001","Ajmer","Ajmer","Rajasthan"
"Purani Tonk","304001","Tonk","Tonk","Rajasthan"
"Pushkar","305022","Ajmer","Pushkar","Rajasthan"
"R A C Jaipur","302003","Jaipur","Jaipur","Rajasthan"
"R C P Colony","332034","Sikar","Sikar","Rajasthan"
"R C P Colony","335804","Ganganagar","Ganganagar","Rajasthan"
"R D S Bureau","302001","Jaipur","Jaipur","Rajasthan"
"R P S C Ajmer","305001","Ajmer","Ajmer","Rajasthan"
"Rabupura","303209","Jaipur","Jaipur","Rajasthan"
"Raghunathgarh","332034","Sikar","Sikar","Rajasthan"
"Railagaon","311024","Bhilwara","Bhilwara","Rajasthan"
"Railmagra","313329","Udaipur","Udaipur","Rajasthan"
"Railway Office","342001","Jodhpur","Jodhpur","Rajasthan"
"Railway Station","313001","Udaipur","Udaipur","Rajasthan"
"Railway Workshop","342001","Jodhpur","Jodhpur","Rajasthan"
"Railway Workshop Bikaner","334001","Bikaner","Bikaner","Rajasthan"
"Raipur Bhilwara","311803","Bhilwara","Bhilwara","Rajasthan"
"Raipur Jhalawar","326036","Jhalawar","Jhalawar","Rajasthan"
"Raipur Marwar","306304","Pali","Pali","Rajasthan"
"Raipur Sawai Madhopur","322223","Swaimadhopur","Swaimadhopur","Rajasthan"
"Raisinghangar City","335051","Ganganagar","Raisinghnagar","Rajasthan"
"Raisinghnagar","335051","Ganganagar","Raisinghnagar","Rajasthan"
"Raj Bhawan","302006","Jaipur","Jaipur","Rajasthan"
"Raj Education Board Ajmer","305001","Ajmer","Ajmer","Rajasthan"
"Raja Park Colony","302004","Jaipur","Jaipur","Rajasthan"
"Rajagarh Macheri Chowk","301408","Alwar","Alwar","Rajasthan"
"Rajaji Ka Karera","311804","Bhilwara","Bhilwara","Rajasthan"
"Rajakhera","328025","Dholpur","Rajakhera","Rajasthan"
"Rajakhera Bus Stand","328025","Dholpur","Rajakhera","Rajasthan"
"Rajakhera Town","328025","Dholpur","Rajakhera","Rajasthan"
"Rajaldesar","331802","Churu","Rajaldesar","Rajasthan"
"Rajaldesar Bazar","331802","Churu","Rajaldesar","Rajasthan"
"Rajasthan Police Academy","302016","Jaipur","Jaipur","Rajasthan"
"Rajasthan State Hotel","302001","Jaipur","Jaipur","Rajasthan"
"Rajasthan University","302004","Jaipur","Jaipur","Rajasthan"
"Rajgarh Ajmer","305205","Ajmer","Ajmer","Rajasthan"
"Rajgarh Alwar","301408","Alwar","Alwar","Rajasthan"
"Rajgarh R S","301408","Alwar","Alwar","Rajasthan"
"Rajiasar","335807","Ganganagar","Ganganagar","Rajasthan"
"Rajiawas","305925","Ajmer","Ajmer","Rajasthan"
"Rajmahal","304807","Tonk","Tonk","Rajasthan"
"Rajnota","303110","Jaipur","Jaipur","Rajasthan"
"Rajod","341033","Nagaur","Nagaur","Rajasthan"
"Rajpur","301420","Alwar","Alwar","Rajasthan"
"Rajsamand","313326","Udaipur","Udaipur","Rajasthan"
"Ralaota Ajmer","305817","Ajmer","Ajmer","Rajasthan"
"Ralawats Sikar","332734","Sikar","Sikar","Rajasthan"
"Rambagh Palace","302005","Jaipur","Jaipur","Rajasthan"
"Ramdeora","345023","Jaisalmer","Jaisalmer","Rajasthan"
"Ramganj Ajmer","305001","Ajmer","Ajmer","Rajasthan"
"Ramganj Bazar","302003","Jaipur","Jaipur","Rajasthan"
"Ramganj Mandi","326519","Kota","Ramganj Mandi","Rajasthan"
"Ramgarh Alwar","301026","Alwar","Alwar","Rajasthan"
"Ramgarh Bazar","331024","Sikar","Sikar","Rajasthan"
"Ramgarh Bus Stand","301026","Alwar","Alwar","Rajasthan"
"Ramgarh Pachwara","303510","Jaipur","Jaipur","Rajasthan"
"Ramgarh Sikar","331024","Sikar","Sikar","Rajasthan"
"Ramgnj Mandi Bazar","326519","Kota","Kota","Rajasthan"
"Ramgrh Dungarpur","314034","Dungarpur","Dungarpur","Rajasthan"
"Ramgrh Jaisalmer","345022","Jaisalmer","Jaisalmer","Rajasthan"
"Ramnagar Ajmer","305001","Ajmer","Ajmer","Rajasthan"
"Ramniya","343047","Jalore","Jalore","Rajasthan"
"Rampur","301418","Alwar","Alwar","Rajasthan"
"Rampura Beri","331301","Churu","Churu","Rajasthan"
"Rampura Roopa","302015","Jaipur","Jaipur","Rajasthan"
"Ramsar Ajmer","305402","Ajmer","Ajmer","Rajasthan"
"Ramsar Barmer","344502","Barmer","Barmer","Rajasthan"
"Ramsen","307803","Jalore","Jalore","Rajasthan"
"Ramsinghji Ka Guda","306028","Pali","Pali","Rajasthan"
"Ramsinghpur","335703","Ganganagar","Ganganagar","Rajasthan"
"Ranakpur","306709","Pali","Pali","Rajasthan"
"Ranawas","306023","Pali","Pali","Rajasthan"
"Rani","306115","Pali","Rani","Rajasthan"
"Rani Bazar Bikaner","334001","Bikaner","Bikaner","Rajasthan"
"Rani Gaon","344012","Barmer","Barmer","Rajasthan"
"Rani Khera","312611","Chittorgarh","Chittorgarh","Rajasthan"
"Rani Road","313001","Udaipur","Udaipur","Rajasthan"
"Rani Sadar Bazar","306115","Pali","Pali","Rajasthan"
"Rani Sati Mandir","333001","JhunJhunu","JhunJhunu","Rajasthan"
"Raniwara","343040","Jalore","Jalore","Rajasthan"
"Ranjeet Nagar Bharatpur","321001","Bharatpur","Bharatpur","Rajasthan"
"Ranoli","332403","Sikar","Sikar","Rajasthan"
"Ransigaon","342612","Jodhpur","Jodhpur","Rajasthan"
"Rareh","321025","Bharatpur","Bharatpur","Rajasthan"
"Ras","306107","Pali","Pali","Rajasthan"
"Rashidpur","321613","Swaimadhopur","Swaimadhopur","Rajasthan"
"Rashmi","312203","Rajsamand","Rajsamand","Rajasthan"
"Ratanada","342001","Jodhpur","Jodhpur","Rajasthan"
"Ratanada Bazar","342001","Jodhpur","Jodhpur","Rajasthan"
"Ratangarh","331022","Churu","Ratangarh","Rajasthan"
"Ratangarh R S","331022","Churu","Ratangarh","Rajasthan"
"Ratannagar","331021","Churu","Ratannagar","Rajasthan"
"Ratau","341317","Nagaur","Nagaur","Rajasthan"
"Rath Khana Bikaner","334001","Bikaner","Bikaner","Rajasthan"
"Ratlai","326024","Jhalawar","Jhalawar","Rajasthan"
"Rauthadia","321621","Bharatpur","Bharatpur","Rajasthan"
"Ravinder Path Sri","335001","Ganganagar","Ganganagar","Rajasthan"
"Rawanjna Doongar","322031","Swaimadhopur","Swaimadhopur","Rajasthan"
"Rawat Bhata","323305","Chittorgarh","Chittorgarh","Rajasthan"
"Rawat Bhata Bazar","323305","Chittorgarh","Chittorgarh","Rajasthan"
"Rawatsar Barmer","344703","Hanumangarh","Hanumangarh","Rajasthan"
"Rawatsar Sri Ganganagar","335524","Ganganagar","Ganganagar","Rajasthan"
"Regimental Bazar Ajmer","305001","Ajmer","Ajmer","Rajasthan"
"Regimental Centre","305601","Ajmer","Ajmer","Rajasthan"
"Regional College Ajmer","305004","Ajmer","Ajmer","Rajasthan"
"Ren","341514","Nagaur","Nagaur","Rajasthan"
"Reni","301409","Alwar","Alwar","Rajasthan"
"Renwal","303603","Jaipur","Jaipur","Rajasthan"
"Reodar","307514","Sirohi","Sirohi","Rajasthan"
"Rid","341531","Nagaur","Nagaur","Rajasthan"
"Ridmalsar","335061","Ganganagar","Ganganagar","Rajasthan"
"Rinchhed","313337","Udaipur","Udaipur","Rajasthan"
"Ringas","332404","Sikar","Sikar","Rajasthan"
"Ringas Town","332404","Sikar","Sikar","Rajasthan"
"Rishabhdeo","313802","Udaipur","Udaipur","Rajasthan"
"Riyan","341513","Nagaur","Nagaur","Rajasthan"
"Rohat","306421","Pali","Pali","Rajasthan"
"Rohida","307024","Rajsamand","Rajsamand","Rajasthan"
"Rol","341027","Nagaur","Nagaur","Rajasthan"
"Rolsabsar","332304","Sikar","Sikar","Rajasthan"
"Ronija Than","301035","Alwar","Alwar","Rajasthan"
"Roon","341034","Nagaur","Nagaur","Rajasthan"
"Ropan","305416","Ajmer","Ajmer","Rajasthan"
"Rorubadi","332317","Sikar","Sikar","Rajasthan"
"Rudawal","321402","Bharatpur","Bharatpur","Rajasthan"
"Rundera","313606","Udaipur","Udaipur","Rajasthan"
"Rupaheli Kalan","305626","Bhilwara","Bhilwara","Rajasthan"
"Rupbas","321404","Bharatpur","Bharatpur","Rajasthan"
"Rupbas Town","321404","Bharatpur","Bharatpur","Rajasthan"
"Rupnagar","305814","Ajmer","Ajmer","Rajasthan"
"Rural Institute","313001","Udaipur","Udaipur","Rajasthan"
"S D M Hospital","302015","Jaipur","Jaipur","Rajasthan"
"S M S Highway","302003","Jaipur","Jaipur","Rajasthan"
"S M S Hospital","302004","Jaipur","Jaipur","Rajasthan"
"Sabji Mandi","302003","Jaipur","Jaipur","Rajasthan"
"Sabla","314022","Dungarpur","Dungarpur","Rajasthan"
"Sabora","321639","Alwar","Alwar","Rajasthan"
"Sabzi Mandi Dholpur","328001","Dholpur","Dholpur","Rajasthan"
"Sabzi Mandi Sardar Shahar","331403","Churu","Churu","Rajasthan"
"Sabzi Mandi Sheoganj","307027","Sirohi","Sirohi","Rajasthan"
"Sadar Bazar Bhinmal","343029","Jalore","Jalore","Rajasthan"
"Sadinsar","332305","Sikar","Sikar","Rajasthan"
"Sadri","306702","Pali","Sadri","Rajasthan"
"Sadri Moti Chowk","306702","Pali","Sadri","Rajasthan"
"Sadul Colony Bikaner","334001","Bikaner","Bikaner","Rajasthan"
"Sadulpur","331023","Churu","Churu","Rajasthan"
"Sadulpur City","331023","Churu","Churu","Rajasthan"
"Sadulshahar","335062","Ganganagar","Sadulshahar","Rajasthan"
"Sagtara","313906","Udaipur","Udaipur","Rajasthan"
"Sagwara","314025","Dungarpur","Sagwara","Rajasthan"
"Sagwara Bazar","314025","Dungarpur","Sagwara","Rajasthan"
"Sahada","311806","Bhilwara","Bhilwara","Rajasthan"
"Sahar","322204","Swaimadhopur","Swaimadhopur","Rajasthan"
"Sahawa","331302","Churu","Churu","Rajasthan"
"Sahunagar","322022","Swaimadhopur","Swaimadhopur","Rajasthan"
"Sahunagar Adarshnagar","322022","Swaimadhopur","Swaimadhopur","Rajasthan"
"Sai","342034","Jodhpur","Jodhpur","Rajasthan"
"Sainthal","303507","Jaipur","Jaipur","Rajasthan"
"Saipau","328027","Dholpur","Dholpur","Rajasthan"
"Saiwad","303112","Jaipur","Jaipur","Rajasthan"
"Sajjangarh","327602","Banswara","Banswara","Rajasthan"
"Saket","301416","Alwar","Alwar","Rajasthan"
"Sakhun","303349","Jaipur","Jaipur","Rajasthan"
"Sakroda","313212","Udaipur","Udaipur","Rajasthan"
"Salamgarh","312618","Chittorgarh","Chittorgarh","Rajasthan"
"Salasar","321506","Bharatpur","Bharatpur","Rajasthan"
"Salawas","342804","Jodhpur","Jodhpur","Rajasthan"
"Salembad Ajmer","305815","Ajmer","Ajmer","Rajasthan"
"Salembad Dholpur","328039","Dholpur","Dholpur","Rajasthan"
"Salempur Chowki","322248","Swaimadhopur","Swaimadhopur","Rajasthan"
"Salempur Kalan","321413","Bharatpur","Bharatpur","Rajasthan"
"Salempur Khurd","321421","Bharatpur","Bharatpur","Rajasthan"
"Salotia","326521","Kota","Kota","Rajasthan"
"Salpura","325219","Kota","Kota","Rajasthan"
"Salt Colony","303604","Jaipur","Jaipur","Rajasthan"
"Salumbar","313027","Udaipur","Salumbar","Rajasthan"
"Salumbar Gandhi Chowk","313027","Udaipur","Salumbar","Rajasthan"
"Sam","345030","Jaisalmer","Jaisalmer","Rajasthan"
"Sambhar Lake","303604","Jaipur","Jaipur","Rajasthan"
"Sambhoogarh","305011","Bhilwara","Bhilwara","Rajasthan"
"Samdari","344021","Barmer","Barmer","Rajasthan"
"Samdari R S","344036","Barmer","Barmer","Rajasthan"
"Samod","303806","Jaipur","Jaipur","Rajasthan"
"Samrania","325227","Kota","Kota","Rajasthan"
"Samraya","321422","Bharatpur","Bharatpur","Rajasthan"
"Samuchi","321632","Bharatpur","Bharatpur","Rajasthan"
"Sanawada","344708","Barmer","Barmer","Rajasthan"
"Sanchore","343041","Jalore","Sanchore","Rajasthan"
"Sanderao","306708","Pali","Pali","Rajasthan"
"Sandwa","331517","Churu","Churu","Rajasthan"
"Sanga Bazar","312001","Chittorgarh","Chittorgarh","Rajasthan"
"Sangad","345027","Jaisalmer","Jaisalmer","Rajasthan"
"Sanganer Bazar","303902","Jaipur","Jaipur","Rajasthan"
"Sanganer Bhilwara","311013","Bhilwara","Bhilwara","Rajasthan"
"Sangaria Mandi","335063","Hanumangarh","Hanumangarh","Rajasthan"
"Sangaria R S","335063","Hanumangarh","Hanumangarh","Rajasthan"
"Sangod","325601","Kota","Sangod","Rajasthan"
"Sankarwada","322209","Swaimadhopur","Swaimadhopur","Rajasthan"
"Sankhu Fort","331303","Churu","Churu","Rajasthan"
"Sankra","345026","Jaisalmer","Jaisalmer","Rajasthan"
"Santha","321625","Dausa","Dausa","Rajasthan"
"Santhu","343026","Jalore","Jalore","Rajasthan"
"Santpur","307044","Sirohi","Sirohi","Rajasthan"
"Sanwar","313206","Udaipur","Udaipur","Rajasthan"
"Sapotra","322218","Karauli","Karauli","Rajasthan"
"Saradhana","305206","Ajmer","Ajmer","Rajasthan"
"Sarara","313902","Udaipur","Udaipur","Rajasthan"
"Sardar Shahar","331403","Churu","Churu","Rajasthan"
"Sardargarh","335705","Ganganagar","Ganganagar","Rajasthan"
"Sardarpura Bika","335710","Ganganagar","Ganganagar","Rajasthan"
"Sardarshahar","331401","Churu","Sardarshahar","Rajasthan"
"Sardarshahar","331403","Churu","Sardarshahar","Rajasthan"
"Sarmathura","328026","Dholpur","Dholpur","Rajasthan"
"Saroda","314032","Dungarpur","Dungarpur","Rajasthan"
"Sarola","326035","Jhalawar","Jhalawar","Rajasthan"
"Sarupganj","307023","Sirohi","Sirohi","Rajasthan"
"Sarwana","343033","Jalore","Jalore","Rajasthan"
"Sarwar","305403","Ajmer","Sarwar","Rajasthan"
"Sathin","342608","Jodhpur","Jodhpur","Rajasthan"
"Satra","331031","Churu","Churu","Rajasthan"
"Saveena","313013","Udaipur","Udaipur","Rajasthan"
"Sawa","312613","Chittorgarh","Chittorgarh","Rajasthan"
"Sawai","321207","Bharatpur","Bharatpur","Rajasthan"
"Sawai Kheda","321207","Bharatpur","Bharatpur","Rajasthan"
"Sawai Madhopur R S","322001","Swaimadhopur","Swaimadhopur","Rajasthan"
"Sawai Madhopur Town","322021","Swaimadhopur","Swaimadhopur","Rajasthan"
"Sawai Modhopur","322021","Swaimadhopur","Swaimadhopur","Rajasthan"
"Sawar","305407","Ajmer","Ajmer","Rajasthan"
"Sawau Padmsingh","344037","Barmer","Barmer","Rajasthan"
"Sayala","343022","Jalore","Jalore","Rajasthan"
"Sayalawas Kalan","303314","Jaipur","Jaipur","Rajasthan"
"Sayra","313704","Udaipur","Udaipur","Rajasthan"
"Sedwa","344706","Barmer","Barmer","Rajasthan"
"Sefraguwar","332716","JhunJhunu","JhunJhunu","Rajasthan"
"Sekhisar","332308","Sikar","Sikar","Rajasthan"
"Semari","313903","Udaipur","Udaipur","Rajasthan"
"Sendra","306102","Pali","Pali","Rajasthan"
"Senthi","312025","Chittorgarh","Chittorgarh","Rajasthan"
"Seria","313028","Udaipur","Udaipur","Rajasthan"
"Session Court Ajmer","305001","Ajmer","Ajmer","Rajasthan"
"Setrawa","342025","Jodhpur","Jodhpur","Rajasthan"
"Sewa","322222","Swaimadhopur","Swaimadhopur","Rajasthan"
"Sewar","321303","Bharatpur","Bharatpur","Rajasthan"
"Sewari","306707","Pali","Pali","Rajasthan"
"Shahahanpur","301706","Alwar","Alwar","Rajasthan"
"Shahar","322204","Karauli","Karauli","Rajasthan"
"Shahbad Alwar","301422","Baran","Baran","Rajasthan"
"Shahbad Kota","325217","Baran","Baran","Rajasthan"
"Shahdoli","301044","Alwar","Alwar","Rajasthan"
"Shahed Pannalal Chorawa","326519","Kota","Kota","Rajasthan"
"Shahpura","311404","Bhilwara","Shahpura","Rajasthan"
"Shahpura Bazar","311404","Bhilwara","Shahpura","Rajasthan"
"Shahpura Bhilwara","311404","Bhilwara","Shahpura","Rajasthan"
"Shahpura Kund Gate","311404","Bhilwara","Shahpura","Rajasthan"
"Shakargarh","305414","Bhilwara","Bhilwara","Rajasthan"
"Shambhupura","312612","Chittorgarh","Chittorgarh","Rajasthan"
"Shantivirnagar","322221","Swaimadhopur","Swaimadhopur","Rajasthan"
"Shastri Circle","342003","Jodhpur","Jodhpur","Rajasthan"
"Shastri Nagar","342003","Jodhpur","Jodhpur","Rajasthan"
"Shastrinagar Ajmer","305006","Ajmer","Ajmer","Rajasthan"
"Shastrinagar Gangapur","311801","Bhilwara","Bhilwara","Rajasthan"
"Sheodaspura","303903","Jaipur","Jaipur","Rajasthan"
"Sheoganj","307027","Sirohi","Sheoganj","Rajasthan"
"Shergarh Banswara","327033","Banswara","Banswara","Rajasthan"
"Shergarh Jodhpur","342022","Jodhpur","Jodhpur","Rajasthan"
"Shimla","333048","JhunJhunu","JhunJhunu","Rajasthan"
"Shishoda","313303","Udaipur","Udaipur","Rajasthan"
"Shishu","332405","Sikar","Sikar","Rajasthan"
"Shiv","344701","Barmer","Barmer","Rajasthan"
"Shiv Park","302016","Jaipur","Jaipur","Rajasthan"
"Shivaji Nagar","302002","Jaipur","Jaipur","Rajasthan"
"Shivaji Nagar","313001","Udaipur","Udaipur","Rajasthan"
"Shivajinagar Madanganj","305801","Ajmer","Ajmer","Rajasthan"
"Shopping Centre","324007","Kota","Kota","Rajasthan"
"Siana","343024","Jalore","Jalore","Rajasthan"
"Siar Mochiwara","332001","Sikar","Sikar","Rajasthan"
"Sidhmukh","331701","Churu","Churu","Rajasthan"
"Signore","333314","JhunJhunu","JhunJhunu","Rajasthan"
"Sihot Badi","332028","Sikar","Sikar","Rajasthan"
"Sihot Chhoti","332033","Sikar","Sikar","Rajasthan"
"Sikandra","303326","Jaipur","Jaipur","Rajasthan"
"Sikar","332001","Sikar","Sikar","Rajasthan"
"Sikar Bajaj Road","332001","Sikar","Sikar","Rajasthan"
"Sikar Collectorate","332001","Sikar","Sikar","Rajasthan"
"Sikar Devipura","332001","Sikar","Sikar","Rajasthan"
"Sikar Fatehpuri Gate","332001","Sikar","Sikar","Rajasthan"
"Sikar Gandhinagar","332001","Sikar","Sikar","Rajasthan"
"Sikar Hospital Road","332001","Sikar","Sikar","Rajasthan"
"Sikar House Colony","302016","Jaipur","Jaipur","Rajasthan"
"Sikar Mahamandir Road","332001","Sikar","Sikar","Rajasthan"
"Sikar Maulana Azad","332001","Sikar","Sikar","Rajasthan"
"Sikariya Bazar Fatehpur","332301","Sikar","Sikar","Rajasthan"
"Sikrai","303508","Jaipur","Jaipur","Rajasthan"
"Sikri","321024","Bharatpur","Bharatpur","Rajasthan"
"Sikroda Mina","322233","Swaimadhopur","Swaimadhopur","Rajasthan"
"Simalia","325203","Kota","Kota","Rajasthan"
"Simalwara","314403","Dungarpur","Dungarpur","Rajasthan"
"Sindhari","344033","Barmer","Barmer","Rajasthan"
"Sindhi Colony","302006","Jaipur","Jaipur","Rajasthan"
"Singhana","333516","JhunJhunu","JhunJhunu","Rajasthan"
"Singhi Park Churu","331001","Churu","Churu","Rajasthan"
"Singhpur","312207","Chittorgarh","Chittorgarh","Rajasthan"
"Singrawat","332030","Sikar","Sikar","Rajasthan"
"Sinthal","334202","Bikaner","Bikaner","Rajasthan"
"Siras","321429","Bharatpur","Bharatpur","Rajasthan"
"Siras Tonk","304026","Tonk","Tonk","Rajasthan"
"Siriyari","306027","Pali","Pali","Rajasthan"
"Sirohi","307001","Sirohi","Sirohi","Rajasthan"
"Sirohi Bazar","307001","Sirohi","Sirohi","Rajasthan"
"Sirohi Bhatkara","307001","Sirohi","Sirohi","Rajasthan"
"Sirohi Road","307021","Sirohi","Sirohi","Rajasthan"
"Sirohi Sarup Vilas","307001","Sirohi","Sirohi","Rajasthan"
"Sirohi Sikar","332714","Sikar","Sikar","Rajasthan"
"Siswali","325206","Kota","Kota","Rajasthan"
"Sitla Gate Bikaner","334001","Bikaner","Bikaner","Rajasthan"
"Sitla Temple Road Churu","331001","Churu","Churu","Rajasthan"
"Siwana","343044","Barmer","Barmer","Rajasthan"
"Siwanchi Gate","342001","Jodhpur","Jodhpur","Rajasthan"
"Siwar","322704","Swaimadhopur","Swaimadhopur","Rajasthan"
"Small Industrial Area","324007","Kota","Kota","Rajasthan"
"Sobhasar","331509","Churu","Churu","Rajasthan"
"Sojat","306104","Pali","Pali","Rajasthan"
"Sojat Industrial Estate","306104","Pali","Pali","Rajasthan"
"Sojat Road","306103","Pali","Pali","Rajasthan"
"Sojati Gate","342001","Jodhpur","Jodhpur","Rajasthan"
"Somesar","306503","Pali","Pali","Rajasthan"
"Sonkhri","321628","Bharatpur","Bharatpur","Rajasthan"
"Soorsagar Jodhpur","342024","Jodhpur","Jodhpur","Rajasthan"
"Soorwal","322027","Swaimadhopur","Swaimadhopur","Rajasthan"
"Sri Balaji","341029","Nagaur","Nagaur","Rajasthan"
"Sri Bijeynagar","335704","Ganganagar","Ganganagar","Rajasthan"
"Sri Chhatarpur","326501","Jhalawar","Jhalawar","Rajasthan"
"Sri Dungargah","331803","Churu","Churu","Rajasthan"
"Sri Ganganagar","335001","Ganganagar","Ganganagar","Rajasthan"
"Sri Ganganagar R S","335001","Ganganagar","Ganganagar","Rajasthan"
"Sri Karanpur","335073","Ganganagar","Ganganagar","Rajasthan"
"Sri Kolayatji","334302","Bikaner","Bikaner","Rajasthan"
"Sri Madhopur","332715","Sikar","Sri Madhopur","Rajasthan"
"Sri Madhopur Bazar","332715","Sikar","Sri Madhopur","Rajasthan"
"Sri Mahavirji","322220","Swaimadhopur","Swaimadhopur","Rajasthan"
"Srinagar","305025","Ajmer","Ajmer","Rajasthan"
"Station Road","302006","Jaipur","Jaipur","Rajasthan"
"Station Road","341508","Nagaur","Nagaur","Rajasthan"
"Station Road","313001","Udaipur","Udaipur","Rajasthan"
"Station Road Bikaner","334001","Bikaner","Bikaner","Rajasthan"
"Station Road Churu","331001","Churu","Churu","Rajasthan"
"Station Road Hindaun","322230","Swaimadhopur","Swaimadhopur","Rajasthan"
"Station Road Nawalgarh","333042","JhunJhunu","JhunJhunu","Rajasthan"
"Subash Marg","324001","Kota","Kota","Rajasthan"
"Subashpura Bikaner","334001","Bikaner","Bikaner","Rajasthan"
"Subzi Mandi Kota","324006","Kota","Kota","Rajasthan"
"Sudsar","331811","Churu","Churu","Rajasthan"
"Sugar Factory Sri","335001","Ganganagar","Ganganagar","Rajasthan"
"Sujangarh","331507","Churu","Sujangarh","Rajasthan"
"Sujangarh Gopalpura Road","331507","Churu","Churu","Rajasthan"
"Sujangarh R S","331507","Churu","Churu","Rajasthan"
"Suket","326530","Kota","Suket","Rajasthan"
"Sultana","333028","JhunJhunu","JhunJhunu","Rajasthan"
"Sultanpur","325204","Kota","Kota","Rajasthan"
"Sumel","306108","Pali","Pali","Rajasthan"
"Sumerganj Mandi","323614","Bundi","Bundi","Rajasthan"
"Sumerpur","306902","Pali","Sumerpur","Rajasthan"
"Sumerpur Krishi","306902","Pali","Sumerpur","Rajasthan"
"Sunder Vilas Ajmer","305001","Ajmer","Ajmer","Rajasthan"
"Sunderpura","322245","Swaimadhopur","Swaimadhopur","Rajasthan"
"Sunel","326513","Jhalawar","Jhalawar","Rajasthan"
"Surajgarh","333029","JhunJhunu","Surajgarh","Rajasthan"
"Surajgarh Bazar","333029","JhunJhunu","JhunJhunu","Rajasthan"
"Surajpole","313001","Udaipur","Udaipur","Rajasthan"
"Surajpole Kota","324006","Kota","Kota","Rajasthan"
"Surana Bazar","332715","Sikar","Sikar","Rajasthan"
"Suratgarh","335804","Ganganagar","Suratgarh","Rajasthan"
"Suratgarh City","335804","Ganganagar","Suratgarh","Rajasthan"
"Surewala","335515","Ganganagar","Ganganagar","Rajasthan"
"Surmalikpur","303607","Jaipur","Jaipur","Rajasthan"
"Suroth","322252","Karauli","Karauli","Rajasthan"
"Sursura","305820","Ajmer","Ajmer","Rajasthan"
"Suwana","311011","Bhilwara","Bhilwara","Rajasthan"
"Tagatgarh","305912","Ajmer","Ajmer","Rajasthan"
"Talchiri","322246","Swaimadhopur","Swaimadhopur","Rajasthan"
"Talera","323021","Bundi","Bundi","Rajasthan"
"Talwandi","324005","Kota","Kota","Rajasthan"
"Talwara","327025","Banswara","Banswara","Rajasthan"
"Talwara Jhil","335525","Ganganagar","Ganganagar","Rajasthan"
"Tankarda","303703","Jaipur","Jaipur","Rajasthan"
"Tantoti","305627","Ajmer","Ajmer","Rajasthan"
"Tapukara","301707","Alwar","Alwar","Rajasthan"
"Taranagar","331304","Churu","Taranagar","Rajasthan"
"Taranagar Bazar","331304","Churu","Taranagar","Rajasthan"
"Tarnau","341030","Nagaur","Nagaur","Rajasthan"
"Tarpura","333043","JhunJhunu","JhunJhunu","Rajasthan"
"Tasai","321629","Bharatpur","Bharatpur","Rajasthan"
"Tasimo","328035","Dholpur","Dholpur","Rajasthan"
"Tatarpur","301424","Alwar","Alwar","Rajasthan"
"Tatonwa","332042","Sikar","Sikar","Rajasthan"
"Tehla","301410","Alwar","Alwar","Rajasthan"
"Tehsil Road Nokha","334803","Bikaner","Bikaner","Rajasthan"
"Tekri","313001","Udaipur","Udaipur","Rajasthan"
"Tena","342028","Jodhpur","Jodhpur","Rajasthan"
"Teori","342306","Jodhpur","Jodhpur","Rajasthan"
"Thakarda","314029","Dungarpur","Dungarpur","Rajasthan"
"Thanwla","305026","Nagaur","Nagaur","Rajasthan"
"Theri Sri Karanpur","335073","Ganganagar","Ganganagar","Rajasthan"
"Thikhi","343045","Jalore","Jalore","Rajasthan"
"Thoi","332719","Sikar","Sikar","Rajasthan"
"Thoon","321210","Bharatpur","Bharatpur","Rajasthan"
"Tiba Basai","332717","JhunJhunu","JhunJhunu","Rajasthan"
"Tibi","335526","Ganganagar","Ganganagar","Rajasthan"
"Tihawali","332307","Sikar","Sikar","Rajasthan"
"Tijara","301411","Alwar","Tijara","Rajasthan"
"Tijara Dehra","301411","Alwar","Tijara","Rajasthan"
"Tilaknagar","302004","Jaipur","Jaipur","Rajasthan"
"Tilanesh","341549","Nagaur","Nagaur","Rajasthan"
"Tilonia","305816","Ajmer","Ajmer","Rajasthan"
"Titanwar","333012","JhunJhunu","JhunJhunu","Rajasthan"
"Toda Bhim","321611","Swaimadhopur","Swaimadhopur","Rajasthan"
"Toda Raisingh","304505","Tonk","Tonk","Rajasthan"
"Todgarh","305924","Ajmer","Ajmer","Rajasthan"
"Tokar","313034","Udaipur","Udaipur","Rajasthan"
"Tonk","304001","Tonk","Tonk","Rajasthan"
"Topdara Ajmer","305001","Ajmer","Ajmer","Rajasthan"
"Tordisagar","304511","Tonk","Tonk","Rajasthan"
"Toshina","341319","Nagaur","Nagaur","Rajasthan"
"Tourist Complex","313001","Udaipur","Udaipur","Rajasthan"
"Town Bazar","322021","Swaimadhopur","Swaimadhopur","Rajasthan"
"Tunga","303302","Jaipur","Jaipur","Rajasthan"
"Tyre Factory","303302","Jaipur","Jaipur","Rajasthan"
"Uchain","321302","Bharatpur","Bharatpur","Rajasthan"
"Udai Kalan","322206","Swaimadhopur","Swaimadhopur","Rajasthan"
"Udai Mandir","342006","Jodhpur","Jodhpur","Rajasthan"
"Udaibhanganj Dholpur","328001","Dholpur","Dholpur","Rajasthan"
"Udaipur","313001","Udaipur","Udaipur","Rajasthan"
"Udaipur Shastri Circle","313001","Udaipur","Udaipur","Rajasthan"
"Udaipuria","303807","Jaipur","Jaipur","Rajasthan"
"Udaipurwati","333307","JhunJhunu","Udaipurwati","Rajasthan"
"Udairmsar","334402","Bikaner","Bikaner","Rajasthan"
"Udasar","334022","Bikaner","Bikaner","Rajasthan"
"Udyognagar","306401","Pali","Pali","Rajasthan"
"Udyogpuri Indira","324004","Kota","Kota","Rajasthan"
"Udyogpuri Kota","324004","Kota","Kota","Rajasthan"
"Ukrond","321626","Bharatpur","Bharatpur","Rajasthan"
"Umar","323025","Bundi","Bundi","Rajasthan"
"Umed Bhawan","342006","Jodhpur","Jodhpur","Rajasthan"
"Umedabad","343021","Jalore","Jalore","Rajasthan"
"Umren","301033","Alwar","Alwar","Rajasthan"
"Undri Sumerpur","306902","Pali","Pali","Rajasthan"
"Undwa","326520","Kota","Kota","Rajasthan"
"Uniara","304024","Tonk","Uniara","Rajasthan"
"University Campus","342001","Jodhpur","Jodhpur","Rajasthan"
"University Campus","313001","Udaipur","Udaipur","Rajasthan"
"Upaj Mandi","306902","Pali","Pali","Rajasthan"
"Upreda","311408","Bhilwara","Bhilwara","Rajasthan"
"V P Sangaria","335063","Hanumangarh","Hanumangarh","Rajasthan"
"V V Pilani","333031","JhunJhunu","JhunJhunu","Rajasthan"
"Vadgaon","343048","Jalore","Jalore","Rajasthan"
"Vaishalinagar Ajmer","305006","Ajmer","Ajmer","Rajasthan"
"Vallabhnagar","324007","Kota","Kota","Rajasthan"
"Vallabhnagar","313601","Udaipur","Udaipur","Rajasthan"
"Vidya Bhawan","313001","Udaipur","Udaipur","Rajasthan"
"Vidyut Bhawan","302005","Jaipur","Jaipur","Rajasthan"
"Vijaimandir","301042","Alwar","Alwar","Rajasthan"
"Vikasnagar","314404","Dungarpur","Dungarpur","Rajasthan"
"Vikramnagar","323306","Chittorgarh","Chittorgarh","Rajasthan"
"Viratnagar","303102","Jaipur","Viratnagar","Rajasthan"
"W R C Kota","324002","Kota","Kota","Rajasthan"
"Wagon Factory Bharatpur","321001","Bharatpur","Bharatpur","Rajasthan"
"Watika","303905","Jaipur","Jaipur","Rajasthan"
"Wazirpur","322219","Swaimadhopur","Swaimadhopur","Rajasthan"
"Weir","321408","Bharatpur","Weir","Rajasthan"
"Weir Town","321408","Bharatpur","Weir","Rajasthan"
"Zawar Mines","313901","Udaipur","Udaipur","Rajasthan"
"Zink Smelter","313024","Udaipur","Udaipur","Rajasthan"
"Chakung","737127","West Sikkim","Gyalshing","Sikkim"
"Chung Thung","737120","North Sikkim","Mangan","Sikkim"
"Dain Thong","737136","East Sikkim","Gangtok","Sikkim"
"Dentam","737112","West Sikkim","Gyalshing","Sikkim"
"Dikchu","737107","East Sikkim","Gangtok","Sikkim"
"Doorali","737102","East Sikkim","Gangtok","Sikkim"
"Gangtok","737101","East Sikkim","Gangtok","Sikkim"
"Gangtok Bazar","737101","East Sikkim","Gangtok","Sikkim"
"Gayzing","737111","West Sikkim","Gyalshing","Sikkim"
"Kabi","737117","North Sikkim","Mangan","Sikkim"
"Kaluk Bazar","737114","West Sikkim","Gyalshing","Sikkim"
"Magan","737116","North Sikkim","Mangan","Sikkim"
"Makha","737138","East Sikkim","Gangtok","Sikkim"
"Mallibazar","737128","South Sikkim","Namchi","Sikkim"
"Namchi","737126","South Sikkim","Namchi","Sikkim"
"Namthung","737137","South Sikkim","Namchi","Sikkim"
"Nayabazar","737121","South Sikkim","Nayabazar","Sikkim"
"Pakyong","737106","West Sikkim","Gyalshing","Sikkim"
"Pelling","737113","West Sikkim","Gyalshing","Sikkim"
"Phensong","737118","North Sikkim","Mangan","Sikkim"
"Phodong","737119","North Sikkim","Mangan","Sikkim"
"Raj Bhavan","737103","East Sikkim","Gangtok","Sikkim"
"Ramchandrapur","737103","East Sikkim","Gangtok","Sikkim"
"Ranglu Bazar","737131","East Sikkim","Gangtok","Sikkim"
"Rangpo","737132","East Sikkim","Rangpo","Sikkim"
"Ranipool","737135","East Sikkim","Gangtok","Sikkim"
"Rhenock","737133","East Sikkim","Gangtok","Sikkim"
"Sincheygoan","737101","East Sikkim","Gangtok","Sikkim"
"Singtam","737134","East Sikkim","Singtam","Sikkim"
"Sombaray","737122","South Sikkim","Namchi","Sikkim"
"Tashiling","737103","East Sikkim","Gangtok","Sikkim"
"Todong","737102","East Sikkim","Gangtok","Sikkim"
"Abdullapuram","632010","Vellore","Vellore","Tamil Nadu"
"Abiramam","623601","Sivaganga","Abiramam","Tamil Nadu"
"Abiramapuram","600018","Chennai","Chennai","Tamil Nadu"
"Abiviethiswaram","613706","Thanjavur","Thanjavur","Tamil Nadu"
"Achalpuram","609101","Cuddalore","Cuddalore","Tamil Nadu"
"Achanputhur","627801","Tirunelveli","Tirunelveli","Tamil Nadu"
"Acharapakkam","603301","Tiruvallur","Acharapakkam","Tamil Nadu"
"Acharapakkam West","603301","Tiruvallur","Tiruvallur","Tamil Nadu"
"Achunthanvayal","623502","Ramanathapuram","Ramanathapuram","Tamil Nadu"
"Adaikalapuram","628217","Tirunelveli","Tirunelveli","Tamil Nadu"
"Adaikkamangalam","611101","Thanjavur","Thanjavur","Tamil Nadu"
"Adamangalam","606901","Vellore","Vellore","Tamil Nadu"
"Adambai","614639","Thanjavur","Thanjavur","Tamil Nadu"
"Adambakkam","600088","Chennai","Chennai","Tamil Nadu"
"Adanur Pattukkottai","614734","Thanjavur","Thanjavur","Tamil Nadu"
"Addanakottai","622210","Pudukottai","Pudukottai","Tamil Nadu"
"Adichapuram","614717","Thanjavur","Thanjavur","Tamil Nadu"
"Adirampattinam","614701","Thanjavur","Thanjavur","Tamil Nadu"
"Adirampattinam Town","614701","Thanjavur","Thanjavur","Tamil Nadu"
"Adiyur","635655","Sivaganga","Sivaganga","Tamil Nadu"
"Administrative Office Bhel","620014","Tiruchirappalli","Tiruchirappalli","Tamil Nadu"
"Aduthurai","612101","Perambalur","Perambalur","Tamil Nadu"
"Adyar","600020","Chennai","Chennai","Tamil Nadu"
"Agaram","600082","Chennai","Chennai","Tamil Nadu"
"Agaram","635816","Dharmapuri","Dharmapuri","Tamil Nadu"
"Agaramcherry","635826","Dharmapuri","Dharmapuri","Tamil Nadu"
"Agasteeswaram","629701","Kanyakumari","Kanyakumari","Tamil Nadu"
"Agraharam","635129","Vellore","Vellore","Tamil Nadu"
"Agraharam","636001","Vellore","Vellore","Tamil Nadu"
"Agraharam","638008","Vellore","Vellore","Tamil Nadu"
"Ahtoor","624701","Dindigul","Dindigul","Tamil Nadu"
"Akilandapuram","642052","Coimbatore","Coimbatore","Tamil Nadu"
"Akkanaickenpatti","628309","Tirunelveli","Tirunelveli","Tamil Nadu"
"Akkaraisengapalli","641304","Madurai","Madurai","Tamil Nadu"
"Akkur","609301","Thanjavur","Thanjavur","Tamil Nadu"
"Akkur N A","631701","Vellore","Vellore","Tamil Nadu"
"Akshipakkam","604101","Vellore","Vellore","Tamil Nadu"
"Aladikumulai","614615","Thanjavur","Thanjavur","Tamil Nadu"
"Aladiyur","627434","Tirunelveli","Tirunelveli","Tamil Nadu"
"Alagappa Engg College","623004","Sivaganga","Sivaganga","Tamil Nadu"
"Alagappa Nagar","625003","Madurai","Madurai","Tamil Nadu"
"Alagappapuram H O","623003","Sivaganga","Sivaganga","Tamil Nadu"
"Alagapuram","636004","Salem","Salem","Tamil Nadu"
"Alagarkoil","625301","Madurai","Madurai","Tamil Nadu"
"Alagesa Nagar","603001","Tiruvallur","Tiruvallur","Tamil Nadu"
"Alagesapuram","628002","Tirunelveli","Tirunelveli","Tamil Nadu"
"Alagianallur","626056","Virudhunagar","Virudhunagar","Tamil Nadu"
"Alagimandapuram","629167","Kanyakumari","Kanyakumari","Tamil Nadu"
"Alakudi","609129","Thanjavur","Thanjavur","Tamil Nadu"
"Alakudi","613601","Thanjavur","Thanjavur","Tamil Nadu"
"Alampoondi","604151","Vellore","Vellore","Tamil Nadu"
"Alancholai","629103","Tirunelveli","Tirunelveli","Tamil Nadu"
"Alandur","600016","Chennai","Alandur","Tamil Nadu"
"Alandur North","600032","Chennai","Chennai","Tamil Nadu"
"Alandurai","641101","Coimbatore","Coimbatore","Tamil Nadu"
"Alanganallur","625501","Dindigul","Alanganallur","Tamil Nadu"
"Alangankulam","623512","Ramanathapuram","Ramanathapuram","Tamil Nadu"
"Alangayam","635701","Vellore","Alangayam","Tamil Nadu"
"Alangudi","622301","Pudukottai","Alangudi","Tamil Nadu"
"Alangudi","612801","Thanjavur","Thanjavur","Tamil Nadu"
"Alangulam","626144","Virudhunagar","Alangulam","Tamil Nadu"
"Alangulam","627851","Tirunelveli","Alangulam","Tamil Nadu"
"Alantalai","628221","Tirunelveli","Tirunelveli","Tamil Nadu"
"Alapakkam","608801","Vellore","Alapakkam","Tamil Nadu"
"Alappatti","635122","Dharmapuri","Dharmapuri","Tamil Nadu"
"Alasandapuram","635823","Dharmapuri","Dharmapuri","Tamil Nadu"
"Alathampadi","610211","Thanjavur","Thanjavur","Tamil Nadu"
"Alathur","614901","Thanjavur","Thanjavur","Tamil Nadu"
"Aliyarnagar","642101","Coimbatore","Coimbatore","Tamil Nadu"
"Aliyur","611117","Thanjavur","Thanjavur","Tamil Nadu"
"Alliagaram","626531","Madurai","Madurai","Tamil Nadu"
"Aloor","629801","Kanyakumari","Kanyakumari","Tamil Nadu"
"Alwar Kurichi","627412","Tirunelveli","Tirunelveli","Tamil Nadu"
"Alwar Tinunagari","628612","Tirunelveli","Tirunelveli","Tamil Nadu"
"Alwar Tirunagar","600087","Chennai","Chennai","Tamil Nadu"
"Amarapundi","624627","Dindigul","Dindigul","Tamil Nadu"
"Amaravathi Nagar","642102","Coimbatore","Coimbatore","Tamil Nadu"
"Amaravathi Pudur","623301","Sivaganga","Sivaganga","Tamil Nadu"
"Amathur","626005","Virudhunagar","Virudhunagar","Tamil Nadu"
"Ambagarathur","609601","Thanjavur","Thanjavur","Tamil Nadu"
"Ambalakaranpatti","625123","Madurai","Madurai","Tamil Nadu"
"Ambalapuli Bazaar","626117","Virudhunagar","Virudhunagar","Tamil Nadu"
"Ambalavanapuram","627425","Tirunelveli","Tirunelveli","Tamil Nadu"
"Ambalpuram","622001","Pudukottai","Pudukottai","Tamil Nadu"
"Ambalur","635801","Vellore","Vellore","Tamil Nadu"
"Ambapur","621701","Tiruchirappalli","Tiruchirappalli","Tamil Nadu"
"Ambarampalayam","642103","Coimbatore","Coimbatore","Tamil Nadu"
"Ambasamudram","627401","Tirunelveli","Ambasamudram","Tamil Nadu"
"Ambasamudram East","627401","Tirunelveli","Tirunelveli","Tamil Nadu"
"Ambasamudram H O","627401","Tirunelveli","Tirunelveli","Tamil Nadu"
"Ambathurai","624311","Dindigul","Dindigul","Tamil Nadu"
"Ambathurai R S","624309","Dindigul","Dindigul","Tamil Nadu"
"Ambattur Bazaar","600053","Chennai","Chennai","Tamil Nadu"
"Ambattur H O","600053","Chennai","Chennai","Tamil Nadu"
"Ambattur Industrial Estat","600058","Chennai","Chennai","Tamil Nadu"
"Ambattur West","600053","Chennai","Chennai","Tamil Nadu"
"Ambil","621702","Tiruchirappalli","Tiruchirappalli","Tamil Nadu"
"Ambilikai","624612","Dindigul","Dindigul","Tamil Nadu"
"Ambinagaram","628707","Tirunelveli","Tirunelveli","Tamil Nadu"
"Ambur","635802","Vellore","Ambur","Tamil Nadu"
"Ambur Bazaar","635802","Vellore","Ambur","Tamil Nadu"
"Ambur R S","635802","Vellore","Ambur","Tamil Nadu"
"Aminijikarai","600029","Chennai","Chennai","Tamil Nadu"
"Ammandivilai","629204","Kanyakumari","Kanyakumari","Tamil Nadu"
"Ammankoilpatti","626123","Virudhunagar","Virudhunagar","Tamil Nadu"
"Ammanpuram","628201","Tirunelveli","Tirunelveli","Tamil Nadu"
"Ammapalayam","621101","Tiruchirappalli","Tiruchirappalli","Tamil Nadu"
"Ammapatti","626541","Karur","Karur","Tamil Nadu"
"Ammapattinam","614617","Thanjavur","Thanjavur","Tamil Nadu"
"Ammapet","614401","Thanjavur","Thanjavur","Tamil Nadu"
"Ammapettai Bazaar","636003","Salem","Salem","Tamil Nadu"
"Ammapettai Bhavani","638311","Madurai","Madurai","Tamil Nadu"
"Ammapettai Salem","636003","Salem","Salem","Tamil Nadu"
"Ammavarikuppam","631301","Tiruvallur","Ammavarikuppam","Tamil Nadu"
"Ammayanayakkanur","624201","Dindigul","Dindigul","Tamil Nadu"
"Ammayappan","613701","Thanjavur","Thanjavur","Tamil Nadu"
"Ammoor","632501","Vellore","Ammoor","Tamil Nadu"
"Amur","621221","Viluppuram","Viluppuram","Tamil Nadu"
"Anaikaranchatram","609102","Thanjavur","Thanjavur","Tamil Nadu"
"Anaikattu","632101","Vellore","Vellore","Tamil Nadu"
"Anaikulam","627125","Tirunelveli","Tirunelveli","Tamil Nadu"
"Anaikuppam","610115","Thanjavur","Thanjavur","Tamil Nadu"
"Anaiyur","626180","Virudhunagar","Anaiyur","Tamil Nadu"
"Anakaputhur","600070","Chennai","Anakaputhur","Tamil Nadu"
"Anamalai","642104","Coimbatore","Coimbatore","Tamil Nadu"
"Anambakkam","603122","Tiruvallur","Tiruvallur","Tamil Nadu"
"Anandagiri","624102","Dindigul","Dindigul","Tamil Nadu"
"Anandanapatti","636002","Salem","Salem","Tamil Nadu"
"Anandapuram","628701","Tirunelveli","Tirunelveli","Tamil Nadu"
"Anandatandavapuram","609103","Thanjavur","Thanjavur","Tamil Nadu"
"Anandur","623401","Sivaganga","Sivaganga","Tamil Nadu"
"Anantapuram","605201","Vellore","Vellore","Tamil Nadu"
"Ananthamangalam","603320","Tiruvallur","Tiruvallur","Tamil Nadu"
"Anathur","607101","Viluppuram","Viluppuram","Tamil Nadu"
"Anavaradanallur","627302","Tirunelveli","Tirunelveli","Tamil Nadu"
"Anavardhikhanpettai","632502","Vellore","Vellore","Tamil Nadu"
"Anchetty","635102","Dharmapuri","Dharmapuri","Tamil Nadu"
"Andagalur","637401","Salem","Salem","Tamil Nadu"
"Andakulam","622207","Pudukottai","Pudukottai","Tamil Nadu"
"Andampallam","606810","Vellore","Vellore","Tamil Nadu"
"Andanallur","639101","Madurai","Madurai","Tamil Nadu"
"Andanapettai","611102","Thanjavur","Thanjavur","Tamil Nadu"
"Andevanapalli","635138","Dharmapuri","Dharmapuri","Tamil Nadu"
"Andiappanur","635702","Vellore","Vellore","Tamil Nadu"
"Andimadam","621801","Ariyalur","Ariyalur","Tamil Nadu"
"Andipatti","624225","Theni","Theni","Tamil Nadu"
"Angadi","627401","Tirunelveli","Tirunelveli","Tamil Nadu"
"Angalakurichi","642007","Coimbatore","Coimbatore","Tamil Nadu"
"Angappanaicken Street","600001","Chennai","Chennai","Tamil Nadu"
"Angarai","621703","Tiruchirappalli","Tiruchirappalli","Tamil Nadu"
"Angu Nagar","624008","Dindigul","Dindigul","Tamil Nadu"
"Anjukottai","623410","Sivaganga","Sivaganga","Tamil Nadu"
"Anna Road H O","600002","Chennai","Chennai","Tamil Nadu"
"Annamalai University","608002","Vellore","Vellore","Tamil Nadu"
"Annamalainagar","608002","Vellore","Vellore","Tamil Nadu"
"Annamalaipuram","600028","Chennai","Chennai","Tamil Nadu"
"Annamandapam","620006","Tiruchirappalli","Tiruchirappalli","Tamil Nadu"
"Annamangalam","621102","Viluppuram","Viluppuram","Tamil Nadu"
"Annanagar","600040","Chennai","Chennai","Tamil Nadu"
"Annanagar East","600102","Chennai","Chennai","Tamil Nadu"
"Annanagar Western Extn","600101","Chennai","Chennai","Tamil Nadu"
"Annaperumal Koil","609125","Thanjavur","Thanjavur","Tamil Nadu"
"Annaroad Sourth","600002","Chennai","Chennai","Tamil Nadu"
"Annasagaram","636704","Dharmapuri","Dharmapuri","Tamil Nadu"
"Annavasal","622101","Pudukottai","Annavasal","Tamil Nadu"
"Anniyur","605202","Vellore","Vellore","Tamil Nadu"
"Annur","638653","Madurai","Madurai","Tamil Nadu"
"Anthiyur","638501","Madurai","Anthiyur","Tamil Nadu"
"Anukkavur","604401","Vellore","Vellore","Tamil Nadu"
"Anuppankulam","626165","Virudhunagar","Virudhunagar","Tamil Nadu"
"Anuppapalayam","638652","Madurai","Madurai","Tamil Nadu"
"Anupparpalayam","641009","Coimbatore","Coimbatore","Tamil Nadu"
"Appanaickenpatti","641408","Coimbatore","Coimbatore","Tamil Nadu"
"Appanayakkanpatti","626213","Virudhunagar","Virudhunagar","Tamil Nadu"
"Appavoo Nagar","636701","Dharmapuri","Dharmapuri","Tamil Nadu"
"Aragalur","636101","Salem","Salem","Tamil Nadu"
"Arakandanallur","605752","Vellore","Arakandanallur","Tamil Nadu"
"Arakkonam Bazaar","631001","Vellore","Vellore","Tamil Nadu"
"Arakkonam H O","631001","Vellore","Vellore","Tamil Nadu"
"Arambakkam R S","601207","Tiruvallur","Tiruvallur","Tamil Nadu"
"Aramboly","629301","Kanyakumari","Kanyakumari","Tamil Nadu"
"Arampannai","628625","Tirunelveli","Tirunelveli","Tamil Nadu"
"Arangakudi","609302","Thanjavur","Thanjavur","Tamil Nadu"
"Arantagi","614616","Pudukottai","Pudukottai","Tamil Nadu"
"Arantangi Fort","614647","Thanjavur","Thanjavur","Tamil Nadu"
"Arapallam","609128","Nagapattinam","Nagapattinam","Tamil Nadu"
"Arasampatti","635208","Dharmapuri","Dharmapuri","Tamil Nadu"
"Arasaradi H O","625016","Madurai","Madurai","Tamil Nadu"
"Arasarkulam","614801","Pudukottai","Pudukottai","Tamil Nadu"
"Arasur","641407","Coimbatore","Coimbatore","Tamil Nadu"
"Aravakurichi","639201","Karur","Aravakurichi","Tamil Nadu"
"Aravenu","643201","The Nilgiri","Uthagamandalam","Tamil Nadu"
"Arcot Bazaar","632503","Vellore","Vellore","Tamil Nadu"
"Arcot H O","632503","Vellore","Vellore","Tamil Nadu"
"Arcot Road","600024","Chennai","Chennai","Tamil Nadu"
"Arcot West","632503","Vellore","Vellore","Tamil Nadu"
"Arignar Anna Govt","632503","Vellore","Vellore","Tamil Nadu"
"Arignaranna Nagar","625020","Madurai","Madurai","Tamil Nadu"
"Arimalam","622201","Pudukottai","Arimalam","Tamil Nadu"
"Arisipalayam","636009","Salem","Salem","Tamil Nadu"
"Ariyakudi","623202","Sivaganga","Sivaganga","Tamil Nadu"
"Ariyalur","605801","Vellore","Vellore","Tamil Nadu"
"Ariyalur Bazar","621704","Tiruchirappalli","Tiruchirappalli","Tamil Nadu"
"Ariyalur Cement Factory","621704","Tiruchirappalli","Tiruchirappalli","Tamil Nadu"
"Ariyalur Trichy","621704","Tiruchirappalli","Tiruchirappalli","Tamil Nadu"
"Ariyanayagipuram","627901","Tirunelveli","Tirunelveli","Tamil Nadu"
"Ariyanayagipuram Pettai","627603","Tirunelveli","Tirunelveli","Tamil Nadu"
"Ariyur","632055","Vellore","Vellore","Tamil Nadu"
"Ariyur","605751","Vellore","Ariyur","Tamil Nadu"
"Arkattuthurai","614813","Thanjavur","Thanjavur","Tamil Nadu"
"Arni Bazaar","632301","Vellore","Vellore","Tamil Nadu"
"Arni Cpt","601101","Tiruvallur","Tiruvallur","Tamil Nadu"
"Arni Fort","632301","Vellore","Vellore","Tamil Nadu"
"Arni H O","632301","Vellore","Vellore","Tamil Nadu"
"Aroville","605101","Vellore","Vellore","Tamil Nadu"
"Arpakkam","631609","Tiruvallur","Tiruvallur","Tamil Nadu"
"Arts College","621201","Tiruchirappalli","Tiruchirappalli","Tamil Nadu"
"Arumana","629151","Kanyakumari","Kanyakumari","Tamil Nadu"
"Arumbakkam","600106","Tiruvallur","Tiruvallur","Tamil Nadu"
"Arumbavur","621103","Tiruchirappalli","Arumbavur","Tamil Nadu"
"Arumuga Nagar","623211","Sivaganga","Sivaganga","Tamil Nadu"
"Arumuganeri","628202","Tirunelveli","Arumuganeri","Tamil Nadu"
"Arunagirichatram","632301","Vellore","Vellore","Tamil Nadu"
"Arundavapuram","614405","Thanjavur","Thanjavur","Tamil Nadu"
"Arungolam","631201","Tiruvallur","Tiruvallur","Tamil Nadu"
"Aruppukkottai H O","626101","Virudhunagar","Virudhunagar","Tamil Nadu"
"Aruppukottai Bazaar","626101","Virudhunagar","Virudhunagar","Tamil Nadu"
"Aruppukottai East","626101","Virudhunagar","Virudhunagar","Tamil Nadu"
"Aruppukottai Nehru Maidan","626101","Virudhunagar","Virudhunagar","Tamil Nadu"
"Aruppukottai West","626101","Virudhunagar","Virudhunagar","Tamil Nadu"
"Aruvankadu","626101","Virudhunagar","Virudhunagar","Tamil Nadu"
"Asanur","606305","Viluppuram","Viluppuram","Tamil Nadu"
"Asaripallam","629201","Kanyakumari","Kanyakumari","Tamil Nadu"
"Asaveerankudikadu","621719","Tiruchirappalli","Tiruchirappalli","Tamil Nadu"
"Ashok Nagar","600083","Chennai","Chennai","Tamil Nadu"
"Ashok Nagar","631001","Vellore","Vellore","Tamil Nadu"
"Ashtabujam Road","600112","Chennai","Chennai","Tamil Nadu"
"Asirvadhapuram","628613","Tirunelveli","Tirunelveli","Tamil Nadu"
"Asoor","620052","Tiruchirappalli","Tiruchirappalli","Tamil Nadu"
"Athangudi","623101","Sivaganga","Sivaganga","Tamil Nadu"
"Athani","638502","Madurai","Athani","Tamil Nadu"
"Athanur","636301","Madurai","Athanur","Tamil Nadu"
"Athikadai","613702","Thanjavur","Thanjavur","Tamil Nadu"
"Athikadavu","641102","Madurai","Madurai","Tamil Nadu"
"Athikadu Thekkur","623201","Sivaganga","Sivaganga","Tamil Nadu"
"Athimanjeeripet","631202","Tiruvallur","Tiruvallur","Tamil Nadu"
"Athimarathupatti","628051","Tirunelveli","Tirunelveli","Tamil Nadu"
"Athimugam","635132","Dharmapuri","Dharmapuri","Tamil Nadu"
"Athipuliyur","611116","Thanjavur","Thanjavur","Tamil Nadu"
"Athiyuthu","623539","Ramanathapuram","Ramanathapuram","Tamil Nadu"
"Athur Cpt","603101","Tiruvallur","Tiruvallur","Tamil Nadu"
"Athurukuppam","635857","Dharmapuri","Dharmapuri","Tamil Nadu"
"Attani","614630","Thanjavur","Thanjavur","Tamil Nadu"
"Attayampatti","637501","Salem","Attayampatti","Tamil Nadu"
"Attur Salem","636102","Salem","Attur","Tamil Nadu"
"Atur","629191","Kanyakumari","Kanyakumari","Tamil Nadu"
"Atur Bazaar","636102","Salem","Attur","Tamil Nadu"
"Aundipatti","626512","Madurai","Madurai","Tamil Nadu"
"Autoor","628151","Tirunelveli","Tirunelveli","Tamil Nadu"
"Avadayapuram","626209","Virudhunagar","Virudhunagar","Tamil Nadu"
"Avadayarkoil","614618","Thanjavur","Thanjavur","Tamil Nadu"
"Avadi","600054","Chennai","Avadi","Tamil Nadu"
"Avadi Air Force Quarters","600055","Chennai","Avadi","Tamil Nadu"
"Avadi Camp H O","600054","Chennai","Avadi","Tamil Nadu"
"Avadi Iaf","600055","Chennai","Avadi","Tamil Nadu"
"Avalanchi Power House","643280","The Nilgiri","Uthagamandalam","Tamil Nadu"
"Avalpundurai","638115","Madurai","Madurai","Tamil Nadu"
"Avalsurampatti","626059","Virudhunagar","Virudhunagar","Tamil Nadu"
"Avalurpet","604201","Viluppuram","Viluppuram","Tamil Nadu"
"Avanam","614623","Thanjavur","Thanjavur","Tamil Nadu"
"Avanashi","638654","Madurai","Avanashi","Tamil Nadu"
"Avaniapuram","625012","Madurai","Avaniapuram","Tamil Nadu"
"Avaniapuram","612107","Thanjavur","Thanjavur","Tamil Nadu"
"Avarakkam","604001","Vellore","Vellore","Tamil Nadu"
"Avinangudi","606112","Cuddalore","Cuddalore","Tamil Nadu"
"Aviyur","626160","Viluppuram","Viluppuram","Tamil Nadu"
"Avoor","612701","Thanjavur","Thanjavur","Tamil Nadu"
"Avudayanur","627431","Tirunelveli","Tirunelveli","Tamil Nadu"
"Ayakkarambalam Ii","627431","Tirunelveli","Tirunelveli","Tamil Nadu"
"Ayakudi","624613","Dindigul","Ayakudi","Tamil Nadu"
"Ayanavaram","600023","Chennai","Chennai","Tamil Nadu"
"Ayanavaram Rly Colony","600023","Chennai","Chennai","Tamil Nadu"
"Ayappadi","609303","Thanjavur","Thanjavur","Tamil Nadu"
"Ayikudi","627852","Tirunelveli","Tirunelveli","Tamil Nadu"
"Ayodhyapattinam","636103","Salem","Salem","Tamil Nadu"
"Ayyalur","624801","Dindigul","Ayyalur","Tamil Nadu"
"Ayyampalayam","621202","Tiruchirappalli","Ayyampalayam","Tamil Nadu"
"Ayyampet","614201","Thanjavur","Thanjavur","Tamil Nadu"
"Ayyampet Bazaar","614201","Thanjavur","Thanjavur","Tamil Nadu"
"Ayyampettai","631601","Tiruvallur","Ayyampettai","Tamil Nadu"
"Ayyanthirumaligai","636008","Salem","Salem","Tamil Nadu"
"Azhagappapuram","629401","Kanyakumari","Kanyakumari","Tamil Nadu"
"Azhakiapandiapuram Darsan","629851","Kanyakumari","Kanyakumari","Tamil Nadu"
"Aziz Nagar","607804","Vellore","Vellore","Tamil Nadu"
"B Mutlur","608501","Vellore","Vellore","Tamil Nadu"
"Bagalur","635103","Dharmapuri","Dharmapuri","Tamil Nadu"
"Bagayam","632002","Vellore","Vellore","Tamil Nadu"
"Bairanatham Pallipatti","635308","Dharmapuri","Dharmapuri","Tamil Nadu"
"Bakiyath","632004","Vellore","Vellore","Tamil Nadu"
"Balakrishnapurampudur","624005","Dindigul","Dindigul","Tamil Nadu"
"Balarangapuram","625009","Madurai","Madurai","Tamil Nadu"
"Balasamudram","624610","Dindigul","Dindigul","Tamil Nadu"
"Balasamudram","621203","Tiruchirappalli","Balasamudram","Tamil Nadu"
"Balchettichatram","631551","Tiruvallur","Tiruvallur","Tamil Nadu"
"Banadurai","612001","Thanjavur","Thanjavur","Tamil Nadu"
"Banavaram","632505","Vellore","Vellore","Tamil Nadu"
"Bangalamedu","626531","Madurai","Madurai","Tamil Nadu"
"Barakadabad","613707","Thanjavur","Thanjavur","Tamil Nadu"
"Barugur","635104","Dharmapuri","Dharmapuri","Tamil Nadu"
"Barur","635201","Dharmapuri","Dharmapuri","Tamil Nadu"
"Batlagundu","624202","Dindigul","Batlagundu","Tamil Nadu"
"Batlagundu Bazaar","624202","Dindigul","Dindigul","Tamil Nadu"
"Bazar","604202","Vellore","Vellore","Tamil Nadu"
"Begampur","624002","Dindigul","Dindigul","Tamil Nadu"
"Belukurichi","637402","Salem","Salem","Tamil Nadu"
"Belur Salem","636104","Salem","Salem","Tamil Nadu"
"Berigai","635105","Dharmapuri","Dharmapuri","Tamil Nadu"
"Besant Nagar","600090","Chennai","Chennai","Tamil Nadu"
"Besantnagat South","600090","Chennai","Chennai","Tamil Nadu"
"Beschi College","624004","Dindigul","Dindigul","Tamil Nadu"
"Bharathi Nagar","623707","Ramanathapuram","Ramanathapuram","Tamil Nadu"
"Bharathi Road","607001","Vellore","Vellore","Tamil Nadu"
"Bharathipuram","600044","Chennai","Chennai","Tamil Nadu"
"Bharathipuram","624003","Dindigul","Dindigul","Tamil Nadu"
"Bharatiyar University","638451","Madurai","Madurai","Tamil Nadu"
"Bhavani Cutchery","638302","Madurai","Madurai","Tamil Nadu"
"Bhavani H O","638301","Erode","Erode","Tamil Nadu"
"Bhavanikudal","638301","Madurai","Madurai","Tamil Nadu"
"Bhavanisagar","638451","Madurai","Bhavanisagar","Tamil Nadu"
"Bheema Nagar","620001","Tiruchirappalli","Tiruchirappalli","Tamil Nadu"
"Bhel","620014","Tiruchirappalli","Tiruchirappalli","Tamil Nadu"
"Bhoothapandy","629852","Kanyakumari","Kanyakumari","Tamil Nadu"
"Bhujanganur","641116","Coimbatore","Coimbatore","Tamil Nadu"
"Bhuvanagiri","608601","Vellore","Bhuvanagiri","Tamil Nadu"
"Bhuvaneswari Nagar","622001","Pudukottai","Pudukottai","Tamil Nadu"
"Big Kanchipuram","631502","Tiruvallur","Tiruvallur","Tamil Nadu"
"Bikkatty","643248","The Nilgiri","Uthagamandalam","Tamil Nadu"
"Bikshandarkoil","621216","Tiruchirappalli","Tiruchirappalli","Tamil Nadu"
"Biliyanur Agraharam","636813","Dharmapuri","Dharmapuri","Tamil Nadu"
"Billicombai","643266","The Nilgiri","Uthagamandalam","Tamil Nadu"
"Bitherkad","643240","The Nilgiri","Uthagamandalam","Tamil Nadu"
"Boards Colony","638010","Madurai","Madurai","Tamil Nadu"
"Bodinayakkanur H O","626513","Madurai","Madurai","Tamil Nadu"
"Boiler Project","620014","Tiruchirappalli","Tiruchirappalli","Tamil Nadu"
"Bolacola","643203","The Nilgiri","Uthagamandalam","Tamil Nadu"
"Bommanapadi","621120","Tiruchirappalli","Tiruchirappalli","Tamil Nadu"
"Bommidi","635301","Dharmapuri","Dharmapuri","Tamil Nadu"
"Bommikuppam","635660","Dharmapuri","Dharmapuri","Tamil Nadu"
"Bosenagar","623561","Sivaganga","Sivaganga","Tamil Nadu"
"Brahmadesam","632528","Vellore","Vellore","Tamil Nadu"
"Brahmadesam","638511","Madurai","Madurai","Tamil Nadu"
"Brahmadesam","604301","Vellore","Vellore","Tamil Nadu"
"Brahmadesam","627413","Tirunelveli","Tirunelveli","Tamil Nadu"
"Brahmanavayal","614641","Thanjavur","Thanjavur","Tamil Nadu"
"Brahmapuram","632053","Vellore","Vellore","Tamil Nadu"
"Broadway","600108","Chennai","Chennai","Tamil Nadu"
"Budalur","613602","Thanjavur","Thanjavur","Tamil Nadu"
"Budamangalam","610114","Thanjavur","Thanjavur","Tamil Nadu"
"Budamur","606003","Vellore","Vellore","Tamil Nadu"
"Buddireddipatti","635302","Dharmapuri","Dharmapuri","Tamil Nadu"
"Bukkathurai","603116","Tiruvallur","Tiruvallur","Tamil Nadu"
"Bullion Market","600079","Chennai","Chennai","Tamil Nadu"
"Burkitmanagaram","627351","Tirunelveli","Tirunelveli","Tamil Nadu"
"Burliar","643106","The Nilgiri","Uthagamandalam","Tamil Nadu"
"Butt Road","600016","Chennai","Chennai","Tamil Nadu"
"Bye Pass Road","632004","Vellore","Vellore","Tamil Nadu"
"C B Hospital","629001","Kanyakumari","Kanyakumari","Tamil Nadu"
"Campellabad","628614","Tirunelveli","Tirunelveli","Tamil Nadu"
"Cathedral","600006","Chennai","Chennai","Tamil Nadu"
"Cauverynagar","622501","Pudukottai","Pudukottai","Tamil Nadu"
"Cecri Campus","623006","Sivaganga","Sivaganga","Tamil Nadu"
"Cemetry Road","600021","Chennai","Chennai","Tamil Nadu"
"Central Govt Servants Cly","628003","Tirunelveli","Tirunelveli","Tamil Nadu"
"Central Institute Of Tech","600020","Chennai","Chennai","Tamil Nadu"
"Central Leather Research","600020","Chennai","Chennai","Tamil Nadu"
"Central Station","600003","Chennai","Chennai","Tamil Nadu"
"Central Vehicle Depot","600055","Chennai","Chennai","Tamil Nadu"
"Central Vehicle Research","600054","Chennai","Avadi","Tamil Nadu"
"Chakrapalli","614211","Thanjavur","Thanjavur","Tamil Nadu"
"Chamarajpet","636451","Salem","Salem","Tamil Nadu"
"Chamiers Road","600018","Chennai","Chennai","Tamil Nadu"
"Chamraj Estate","643204","The Nilgiri","Uthagamandalam","Tamil Nadu"
"Chandrasekarapuram","612805","Thanjavur","Thanjavur","Tamil Nadu"
"Chaparthi","635106","Dharmapuri","Dharmapuri","Tamil Nadu"
"Charing Cross","643001","The Nilgiri","Uthagamandalam","Tamil Nadu"
"Chatrapatti Mdu","625052","Madurai","Madurai","Tamil Nadu"
"Chatrapatti Palani","624614","Dindigul","Dindigul","Tamil Nadu"
"Chatrapatti Virudhunagar","626102","Virudhunagar","Virudhunagar","Tamil Nadu"
"Chattirakudi","623527","Ramanathapuram","Ramanathapuram","Tamil Nadu"
"Chaturvedamangalam","624501","Sivaganga","Sivaganga","Tamil Nadu"
"Checkanurani","626514","Madurai","Madurai","Tamil Nadu"
"Chellanpatti","626566","Madurai","Madurai","Tamil Nadu"
"Chenbagaramanpudur","629304","Kanyakumari","Kanyakumari","Tamil Nadu"
"Chengalpattu","603119","Tiruvallur","Tiruvallur","Tamil Nadu"
"Chengalpattu Bazaar","603002","Kancheepuram","Kancheepuram","Tamil Nadu"
"Chengalpattu Bus Stand","603002","Kancheepuram","Kancheepuram","Tamil Nadu"
"Chengalpattu Cutcherry","603002","Kancheepuram","Kancheepuram","Tamil Nadu"
"Chengalpattu H O","603001","Kancheepuram","Chengalpattu","Tamil Nadu"
"Chengalpattu Medical College","603001","Kancheepuram","Chengalpattu","Tamil Nadu"
"Chengalpattu R S","603001","Kancheepuram","Chengalpattu","Tamil Nadu"
"Chengam","606701","Vellore","Chengam","Tamil Nadu"
"Chengapalli","638812","Madurai","Madurai","Tamil Nadu"
"Chenguttupatti","621017","Tiruchirappalli","Tiruchirappalli","Tamil Nadu"
"Chennasamudram","632527","Vellore","Chennasamudram","Tamil Nadu"
"Chennimalai","638051","Madurai","Chennimalai","Tamil Nadu"
"Chepauk","600005","Chennai","Chennai","Tamil Nadu"
"Cherakulam","628627","Tirunelveli","Tirunelveli","Tamil Nadu"
"Cherambadi","643205","The Nilgiri","Uthagamandalam","Tamil Nadu"
"Cherangode","643263","The Nilgiri","Uthagamandalam","Tamil Nadu"
"Cheranmahadevi","627414","Tirunelveli","Tirunelveli","Tamil Nadu"
"Chetput H O","600031","Chennai","Chennai","Tamil Nadu"
"Chettiapatti","624314","Dindigul","Dindigul","Tamil Nadu"
"Chettikulam","621104","Tiruchirappalli","Tiruchirappalli","Tamil Nadu"
"Chettikurichi","626134","Thoothukkudi","Thoothukkudi","Tamil Nadu"
"Chettinad","623102","Sivaganga","Sivaganga","Tamil Nadu"
"Chettipalayam","641201","Coimbatore","Chettipalayam","Tamil Nadu"
"Chettipulam","614815","Thanjavur","Thanjavur","Tamil Nadu"
"Chettupattu Polur","606801","Vellore","Vellore","Tamil Nadu"
"Chevur","632316","Vellore","Vellore","Tamil Nadu"
"Cheyur","638655","Madurai","Madurai","Tamil Nadu"
"Cheyur Cpt","603302","Tiruvallur","Tiruvallur","Tamil Nadu"
"Chidambaram","608001","Cuddalore","Chidambaram","Tamil Nadu"
"Chidambaram East","608001","Cuddalore","Chidambaram","Tamil Nadu"
"Chidambaram H O","608001","Cuddalore","Chidambaram","Tamil Nadu"
"Chidambaram R S","608001","Cuddalore","Chidambaram","Tamil Nadu"
"Chidambaram South","608001","Cuddalore","Chidambaram","Tamil Nadu"
"Chidambaram West","608001","Cuddalore","Chidambaram","Tamil Nadu"
"Chidambaranagar","628003","Tirunelveli","Tirunelveli","Tamil Nadu"
"Chidambaranagar","628008","Tirunelveli","Tirunelveli","Tamil Nadu"
"Chidambaraviduthi","614633","Thanjavur","Thanjavur","Tamil Nadu"
"Chigarlapalli","635133","Dharmapuri","Dharmapuri","Tamil Nadu"
"Chikkarasampalayam","638406","Coimbatore","Coimbatore","Tamil Nadu"
"Chikkiah Naicker College","638004","Madurai","Madurai","Tamil Nadu"
"Chinchona","642106","The Nilgiri","Uthagamandalam","Tamil Nadu"
"Chinnadharapuram","639202","Madurai","Madurai","Tamil Nadu"
"Chinnaiah Mudali Colony","600011","Chennai","Chennai","Tamil Nadu"
"Chinnakadai","623707","Ramanathapuram","Ramanathapuram","Tamil Nadu"
"Chinnakadai Street","620002","Tiruchirappalli","Tiruchirappalli","Tamil Nadu"
"Chinnakeeramangalam","623402","Sivaganga","Sivaganga","Tamil Nadu"
"Chinnalapatti","624301","Dindigul","Chinnalapatti","Tamil Nadu"
"Chinnamanur","626515","Madurai","Chinnamanur","Tamil Nadu"
"Chinnamanur Bazaar","626515","Madurai","Chinnamanur","Tamil Nadu"
"Chinnamanur East","626515","Madurai","Chinnamanur","Tamil Nadu"
"Chinnamarudur","638130","Erode","Erode","Tamil Nadu"
"Chinnanegamam","642137","Coimbatore","Coimbatore","Tamil Nadu"
"Chinnaovalapuram","626544","Madurai","Madurai","Tamil Nadu"
"Chinnapallam","638328","Madurai","Madurai","Tamil Nadu"
"Chinnappanaickenpalayam","607102","Vellore","Vellore","Tamil Nadu"
"Chinnasalem","606201","Vellore","Chinnasalem","Tamil Nadu"
"Chinnasokkikulam","625002","Madurai","Madurai","Tamil Nadu"
"Chintadripeta","600002","Chennai","Chennai","Tamil Nadu"
"Chintalapadi","635313","Dharmapuri","Dharmapuri","Tamil Nadu"
"Chintamani","627855","Tirunelveli","Tirunelveli","Tamil Nadu"
"Chithamur","603313","Tiruvallur","Tiruvallur","Tamil Nadu"
"Chitlapakkam","600064","Chennai","Chitlapakkam","Tamil Nadu"
"Chittakadu","609003","Thanjavur","Thanjavur","Tamil Nadu"
"Chittakadu","609603","Thanjavur","Thanjavur","Tamil Nadu"
"Chittalandur","637201","Salem","Salem","Tamil Nadu"
"Chittampatt","625111","Madurai","Madurai","Tamil Nadu"
"Chittarkottai","623513","Ramanathapuram","Ramanathapuram","Tamil Nadu"
"Chittode","638102","Madurai","Madurai","Tamil Nadu"
"Chittoor","637109","Salem","Salem","Tamil Nadu"
"Chockalinga Nagar","625016","Madurai","Madurai","Tamil Nadu"
"Chockalingapuram","625115","Madurai","Madurai","Tamil Nadu"
"Chockamppatti","627756","Tirunelveli","Tirunelveli","Tamil Nadu"
"Chokkampatti","627765","Tirunelveli","Tirunelveli","Tamil Nadu"
"Chokkanathapatti","622213","Pudukottai","Pudukottai","Tamil Nadu"
"Cholakadai Street","638656","Madurai","Madurai","Tamil Nadu"
"Cholampattu","606221","Vellore","Vellore","Tamil Nadu"
"Cholapuram South","626139","Virudhunagar","Virudhunagar","Tamil Nadu"
"Choolai","600112","Chennai","Chennai","Tamil Nadu"
"Choolaimedu","600094","Chennai","Chennai","Tamil Nadu"
"Choolaimedu Mdo","600094","Chennai","Chennai","Tamil Nadu"
"Christian College","600059","Chennai","Chennai","Tamil Nadu"
"Christian Medical College","632002","Vellore","Vellore","Tamil Nadu"
"Christian Medical College","632004","Vellore","Vellore","Tamil Nadu"
"Christianagaram","628203","Tirunelveli","Tirunelveli","Tamil Nadu"
"Chromepet","600044","Chennai","Chennai","Tamil Nadu"
"Chunampet","603401","Kancheepuram","Kancheepuram","Tamil Nadu"
"Chunkankadai","629807","Kanyakumari","Kanyakumari","Tamil Nadu"
"C-In-C Road","600105","Chennai","Chennai","Tamil Nadu"
"Clock Tower","620008","Tiruchirappalli","Tiruchirappalli","Tamil Nadu"
"Co Operative Buildings","613009","Thanjavur","Thanjavur","Tamil Nadu"
"Coimbatore","641001","Coimbatore","Coimbatore","Tamil Nadu"
"Coimbatore","641009","Coimbatore","Coimbatore","Tamil Nadu"
"Coimbatore Aerodrome","641014","Coimbatore","Coimbatore","Tamil Nadu"
"Coimbatore Bazaar","641001","Coimbatore","Coimbatore","Tamil Nadu"
"Coimbatore Central","641018","Coimbatore","Coimbatore","Tamil Nadu"
"Coimbatore Central Bus St","641018","Coimbatore","Coimbatore","Tamil Nadu"
"Coimbatore Collectorate","641018","Coimbatore","Coimbatore","Tamil Nadu"
"Coimbatore Courts","641018","Coimbatore","Coimbatore","Tamil Nadu"
"Coimbatore H O","641001","Coimbatore","Coimbatore","Tamil Nadu"
"Coimbatore Ind Estate","641021","Coimbatore","Coimbatore","Tamil Nadu"
"Coimbatore North","641002","Coimbatore","Coimbatore","Tamil Nadu"
"Coimbatore Press Colony","641019","Coimbatore","Coimbatore","Tamil Nadu"
"Coimbatore R S","641018","Coimbatore","Coimbatore","Tamil Nadu"
"Coimbatore Race Course","641018","Coimbatore","Coimbatore","Tamil Nadu"
"Coimbatore South","641001","Coimbatore","Coimbatore","Tamil Nadu"
"Coimbatore Ukadam","641001","Coimbatore","Coimbatore","Tamil Nadu"
"Coimbatore West","641001","Coimbatore","Coimbatore","Tamil Nadu"
"Colachal","629251","Kanyakumari","Kanyakumari","Tamil Nadu"
"Colachal Port","629251","Kanyakumari","Kanyakumari","Tamil Nadu"
"Collectorate","622005","Pudukottai","Pudukottai","Tamil Nadu"
"Collectorate","620001","Tiruchirappalli","Tiruchirappalli","Tamil Nadu"
"Collectorate","627009","Tirunelveli","Tirunelveli","Tamil Nadu"
"Commercial Tax Office Bld","641018","Coimbatore","Coimbatore","Tamil Nadu"
"Coonoor H O","643101","The Nilgiri","Uthagamandalam","Tamil Nadu"
"Coonoor R S","643102","The Nilgiri","Uthagamandalam","Tamil Nadu"
"Cordite Factory","643202","The Nilgiri","Uthagamandalam","Tamil Nadu"
"Courtallam","627802","Tirunelveli","Tirunelveli","Tamil Nadu"
"Courtallam Bus Stand","627802","Tirunelveli","Tirunelveli","Tamil Nadu"
"Crawford Colony","620012","Tiruchirappalli","Tiruchirappalli","Tamil Nadu"
"Crp Camp","600065","Chennai","Chennai","Tamil Nadu"
"Cuddalore Court Building","607001","Cuddalore","Cuddalore","Tamil Nadu"
"Cuddalore H O","607001","Cuddalore","Cuddalore","Tamil Nadu"
"Cuddalore O T","607003","Cuddalore","Cuddalore","Tamil Nadu"
"Cuddalore Ot Bazaar","607003","Cuddalore","Cuddalore","Tamil Nadu"
"Cuddalore Port","607003","Cuddalore","Cuddalore","Tamil Nadu"
"Cuddalore Public Offices","607001","Cuddalore","Cuddalore","Tamil Nadu"
"Cumbum Madurai Bus Stand","626516","Madurai","Madurai","Tamil Nadu"
"Cumbum South","626516","Madurai","Madurai","Tamil Nadu"
"Cumbum West","626516","Madurai","Madurai","Tamil Nadu"
"Cutcherrustreet","635601","Dharmapuri","Dharmapuri","Tamil Nadu"
"Cutcherry","604407","Vellore","Vellore","Tamil Nadu"
"Cutcherry","606001","Vellore","Vellore","Tamil Nadu"
"Cutcherry","608001","Vellore","Vellore","Tamil Nadu"
"Cutcherry","612001","Thanjavur","Thanjavur","Tamil Nadu"
"Cuvvery R S","638007","Madurai","Madurai","Tamil Nadu"
"D G Vaishnav College","600106","Tiruvallur","Tiruvallur","Tamil Nadu"
"Dadubaikuttai","636001","Salem","Salem","Tamil Nadu"
"Dakshinamurthy Mutt","610002","Thanjavur","Thanjavur","Tamil Nadu"
"Dalavaipuram","626188","Virudhunagar","Virudhunagar","Tamil Nadu"
"Dalavoipettai","638327","Madurai","Madurai","Tamil Nadu"
"Dalvoipatnam","638672","Madurai","Madurai","Tamil Nadu"
"Damal","631602","Tiruvallur","Tiruvallur","Tamil Nadu"
"Damarapakkam","632504","Vellore","Vellore","Tamil Nadu"
"Damodarahalli","635136","Dharmapuri","Dharmapuri","Tamil Nadu"
"Darasuram","612702","Thanjavur","Thanjavur","Tamil Nadu"
"Dasappagoundanpudur","638503","Madurai","Madurai","Tamil Nadu"
"De Nobili Press","625008","Madurai","Madurai","Tamil Nadu"
"Decoster Road","600012","Chennai","Chennai","Tamil Nadu"
"Defence Officers Colony","600097","Chennai","Chennai","Tamil Nadu"
"Defence Service Staff College","643231","The Nilgiri","Uthagamandalam","Tamil Nadu"
"Denadcombai","643206","The Nilgiri","Uthagamandalam","Tamil Nadu"
"Denkanikota","635107","Dharmapuri","Dharmapuri","Tamil Nadu"
"Desur","604501","Vellore","Desur","Tamil Nadu"
"Devadanam","626145","Virudhunagar","Virudhunagar","Tamil Nadu"
"Devadanapatti","626601","Madurai","Devadanapatti","Tamil Nadu"
"Devakkottai Palace","623302","Sivaganga","Sivaganga","Tamil Nadu"
"Devakottai Extn","623303","Sivaganga","Sivaganga","Tamil Nadu"
"Devakottai H O","623302","Sivaganga","Sivaganga","Tamil Nadu"
"Devakottai Road","623005","Sivaganga","Sivaganga","Tamil Nadu"
"Devakottai South","623302","Sivaganga","Sivaganga","Tamil Nadu"
"Devakottai West","623302","Sivaganga","Sivaganga","Tamil Nadu"
"Devala","643270","The Nilgiri","Uthagamandalam","Tamil Nadu"
"Devampattu","601214","Tiruvallur","Tiruvallur","Tamil Nadu"
"Devanacheri","612505","Thanjavur","Thanjavur","Tamil Nadu"
"Devanallur","627502","Tirunelveli","Tirunelveli","Tamil Nadu"
"Devangapet","641001","Coimbatore","Coimbatore","Tamil Nadu"
"Devanurpudur","638211","Coimbatore","Coimbatore","Tamil Nadu"
"Devarkulam","627951","Tirunelveli","Tirunelveli","Tamil Nadu"
"Devarshola","643207","The Nilgiri","Devarshola","Tamil Nadu"
"Devasthanam","628215","Tirunelveli","Tirunelveli","Tamil Nadu"
"Devendrapuram","636001","Salem","Salem","Tamil Nadu"
"Devikapuram","606902","Vellore","Vellore","Tamil Nadu"
"Dhalapathisamudram","627101","Tirunelveli","Tirunelveli","Tamil Nadu"
"Dharapuram H O","638656","Erode","Erode","Tamil Nadu"
"Dharmapuri Bazaar","636702","Dharmapuri","Dharmapuri","Tamil Nadu"
"Dharmapuri Bus Stand","636701","Dharmapuri","Dharmapuri","Tamil Nadu"
"Dharmapuri Collectorate","636705","Dharmapuri","Dharmapuri","Tamil Nadu"
"Dharmapuri Fort","636702","Dharmapuri","Dharmapuri","Tamil Nadu"
"Dharmapuri H O","636701","Dharmapuri","Dharmapuri","Tamil Nadu"
"Dharmapuri Public Office","636701","Dharmapuri","Dharmapuri","Tamil Nadu"
"Dharmapuri R S","636701","Dharmapuri","Dharmapuri","Tamil Nadu"
"Dharmapuri South","636702","Dharmapuri","Dharmapuri","Tamil Nadu"
"Dharmathupatti","624714","Dindigul","Dindigul","Tamil Nadu"
"Dharnampet","632601","Vellore","Vellore","Tamil Nadu"
"Dhavani","643261","The Nilgiri","Uthagamandalam","Tamil Nadu"
"Dhully","642138","Coimbatore","Coimbatore","Tamil Nadu"
"Dindigul Bazar","624001","Dindigul","Dindigul","Tamil Nadu"
"Dindigul East","624006","Dindigul","Dindigul","Tamil Nadu"
"Dindigul Fort","624010","Dindigul","Dindigul","Tamil Nadu"
"Dindigul Fort Bus Stand","624001","Dindigul","Dindigul","Tamil Nadu"
"Dindigul H O","624001","Dindigul","Dindigul","Tamil Nadu"
"Dindigul Rs","624003","Dindigul","Dindigul","Tamil Nadu"
"Dindigul Santhapettai","624003","Dindigul","Dindigul","Tamil Nadu"
"Dindigul South","624001","Dindigul","Dindigul","Tamil Nadu"
"Dindigul West","624001","Dindigul","Dindigul","Tamil Nadu"
"Divansapudur","642148","Coimbatore","Coimbatore","Tamil Nadu"
"Dohnavur","627102","Tirunelveli","Tirunelveli","Tamil Nadu"
"Donington","643217","The Nilgiri","Uthagamandalam","Tamil Nadu"
"Dowlatabad","635001","Dharmapuri","Dharmapuri","Tamil Nadu"
"Down Hills","643217","The Nilgiri","Uthagamandalam","Tamil Nadu"
"Dr Ambedkarnagar","600003","Chennai","Chennai","Tamil Nadu"
"Dr Basuvaiah Nagar","643007","The Nilgiri","Uthagamandalam","Tamil Nadu"
"Durga Sheriff","611002","Thanjavur","Thanjavur","Tamil Nadu"
"Dusi","631703","Vellore","Dusi","Tamil Nadu"
"East Pandavarmangalam","627727","Tirunelveli","Tirunelveli","Tamil Nadu"
"Eathamozhi","629501","Kanyakumari","Kanyakumari","Tamil Nadu"
"Ebbanad","643273","The Nilgiri","Uthagamandalam","Tamil Nadu"
"Echambadi","636902","Salem","Salem","Tamil Nadu"
"Edalakudi","629051","Kanyakumari","Kanyakumari","Tamil Nadu"
"Edamalaipattipudur","620012","Tiruchirappalli","Tiruchirappalli","Tamil Nadu"
"Edamanal","609131","Nagapattinam","Nagapattinam","Tamil Nadu"
"Edangansalai","637508","Salem","Salem","Tamil Nadu"
"Edapalayam","600003","Chennai","Chennai","Tamil Nadu"
"Edayankattu Valasu","638009","Madurai","Madurai","Tamil Nadu"
"Edayansathu","632052","Vellore","Vellore","Tamil Nadu"
"Edayarpakkam","631553","Vellore","Vellore","Tamil Nadu"
"Edayathimangalam","614634","Thanjavur","Thanjavur","Tamil Nadu"
"Egmore","600008","Chennai","Chennai","Tamil Nadu"
"Egmore High Road","600008","Chennai","Chennai","Tamil Nadu"
"Ekhunagar","631004","Vellore","Vellore","Tamil Nadu"
"Ekkaduthangal","600097","Chennai","Chennai","Tamil Nadu"
"Elachipalayam","637202","Salem","Salem","Tamil Nadu"
"Elaiyapuram","607111","Vellore","Vellore","Tamil Nadu"
"Elampillai","637502","Salem","Salem","Tamil Nadu"
"Elangakurichi","621302","Tiruchirappalli","Tiruchirappalli","Tamil Nadu"
"Elankadu","604415","Vellore","Vellore","Tamil Nadu"
"Elanthangudi","609401","Thanjavur","Thanjavur","Tamil Nadu"
"Elapakkam","603201","Tiruvallur","Tiruvallur","Tamil Nadu"
"Elathagiri","635108","Dharmapuri","Dharmapuri","Tamil Nadu"
"Elathur","627803","Tirunelveli","Elathur","Tamil Nadu"
"Elavanasur","607202","Vellore","Vellore","Tamil Nadu"
"Elavangarkudi","610051","Thanjavur","Thanjavur","Tamil Nadu"
"Elavur","601211","Tiruvallur","Tiruvallur","Tamil Nadu"
"Elayirampannai","626201","Thanjavur","Elayirampannai","Tamil Nadu"
"Eldams Road","600018","Chennai","Chennai","Tamil Nadu"
"Ellanaickenpatti","627251","Tirunelveli","Tirunelveli","Tamil Nadu"
"Ellisnagar","638657","Erode","Erode","Tamil Nadu"
"Eluppaiyur","626177","Virudhunagar","Virudhunagar","Tamil Nadu"
"Emaneswaram","623701","Ramanathapuram","Ramanathapuram","Tamil Nadu"
"Emapper","606202","Vellore","Vellore","Tamil Nadu"
"Emarald","643209","The Nilgiri","Uthagamandalam","Tamil Nadu"
"Enanguddi","609701","Thanjavur","Thanjavur","Tamil Nadu"
"Engineering College Directorat","600025","Chennai","Chennai","Tamil Nadu"
"Ennur R S","600057","Chennai","Chennai","Tamil Nadu"
"Ennur Thermal Station","600057","Chennai","Chennai","Tamil Nadu"
"Eppodumvendran","627712","Tirunelveli","Tirunelveli","Tamil Nadu"
"Erachakulam","629902","Kanyakumari","Kanyakumari","Tamil Nadu"
"Eraiyur","607201","Vellore","Vellore","Tamil Nadu"
"Erakudi","621001","Tiruchirappalli","Tiruchirappalli","Tamil Nadu"
"Eral","628801","Tirunelveli","Eral","Tamil Nadu"
"Eranipatti","637013","Salem","Salem","Tamil Nadu"
"Eravancheri","609501","Thanjavur","Thanjavur","Tamil Nadu"
"Erichinatham","626103","Virudhunagar","Virudhunagar","Tamil Nadu"
"Eripalayam","642126","Coimbatore","Coimbatore","Tamil Nadu"
"Eripudur","632112","Vellore","Vellore","Tamil Nadu"
"Eriyodu","624702","Dindigul","Dindigul","Tamil Nadu"
"Eriyur","623304","Sivaganga","Sivaganga","Tamil Nadu"
"Ernavur","600057","Chennai","Chennai","Tamil Nadu"
"Erode Collectorate","638011","Madurai","Madurai","Tamil Nadu"
"Erode Railway Colony","638002","Madurai","Madurai","Tamil Nadu"
"Erudukottai","635139","Dharmapuri","Dharmapuri","Tamil Nadu"
"Erumbi","631302","Tiruvallur","Tiruvallur","Tamil Nadu"
"Eruvadi Ramnad","623515","Ramanathapuram","Ramanathapuram","Tamil Nadu"
"Eruvadi Tirunelveli","627103","Tirunelveli","Tirunelveli","Tamil Nadu"
"Eruvelipattu","607111","Vellore","Vellore","Tamil Nadu"
"Ervadi Durga","623566","Ramanathapuram","Ramanathapuram","Tamil Nadu"
"Estate","628004","Tirunelveli","Tirunelveli","Tamil Nadu"
"Ethilodu","626158","Virudhunagar","Virudhunagar","Tamil Nadu"
"Ettukudi","610212","Thanjavur","Thanjavur","Tamil Nadu"
"Fair Lands","636004","Salem","Salem","Tamil Nadu"
"Fairlands","636016","Salem","Salem","Tamil Nadu"
"Fern Hill","643004","The Nilgiri","Uthagamandalam","Tamil Nadu"
"Fingerpost","643006","The Nilgiri","Uthagamandalam","Tamil Nadu"
"Flower Bazar","600001","Chennai","Chennai","Tamil Nadu"
"Flowers Road","600084","Chennai","Chennai","Tamil Nadu"
"Fore Shore Estate","600028","Chennai","Chennai","Tamil Nadu"
"Fort","629175","Kanyakumari","Kanyakumari","Tamil Nadu"
"Fort Saint David","607001","Vellore","Vellore","Tamil Nadu"
"Fort St George","600009","Chennai","Chennai","Tamil Nadu"
"Friday Market","629203","Kanyakumari","Kanyakumari","Tamil Nadu"
"Ganapathi","641006","Coimbatore","Coimbatore","Tamil Nadu"
"Ganapathi Agraharam","641202","Coimbatore","Coimbatore","Tamil Nadu"
"Ganapathipalayam","638153","Madurai","Madurai","Tamil Nadu"
"Ganapathipuram","600059","Chennai","Ganapathipuram","Tamil Nadu"
"Ganapathipuram Nagercoil","629502","Kanyakumari","Ganapathipuram","Tamil Nadu"
"Gandamanayakanur","626517","Madurai","Madurai","Tamil Nadu"
"Gandharvakottai","613301","Thanjavur","Thanjavur","Tamil Nadu"
"Gandhi Gram","624302","Dindigul","Dindigul","Tamil Nadu"
"Gandhi Market","642001","Coimbatore","Coimbatore","Tamil Nadu"
"Gandhi Nagar","600020","Chennai","Chennai","Tamil Nadu"
"Gandhi Nagar","642126","Coimbatore","Coimbatore","Tamil Nadu"
"Gandhi Nagar","625020","Madurai","Madurai","Tamil Nadu"
"Gandhi Nagar","622001","Pudukottai","Pudukottai","Tamil Nadu"
"Gandhi Nagar","636102","Salem","Salem","Tamil Nadu"
"Gandhi Nagar Cumbum","626516","Madurai","Madurai","Tamil Nadu"
"Gandhi Nagar East","632006","Vellore","Vellore","Tamil Nadu"
"Gandhi Nagar Gudiyatham","632604","Vellore","Vellore","Tamil Nadu"
"Gandhi Nagar Madurai","625020","Madurai","Madurai","Tamil Nadu"
"Gandhi Nagar Tirunelveli","627008","Tirunelveli","Tirunelveli","Tamil Nadu"
"Gandhi Nagar Tirupur","638603","Madurai","Madurai","Tamil Nadu"
"Gandhi Nagar Vellore","632006","Vellore","Vellore","Tamil Nadu"
"Gandhi Nagar West","632006","Vellore","Vellore","Tamil Nadu"
"Gandhi Road","632004","Vellore","Vellore","Tamil Nadu"
"Gandhipet","635601","Dharmapuri","Dharmapuri","Tamil Nadu"
"Ganesapuram","637002","Salem","Salem","Tamil Nadu"
"Ganesh Nagar","600088","Chennai","Chennai","Tamil Nadu"
"Ganesh Nagar","622001","Pudukottai","Pudukottai","Tamil Nadu"
"Gangaikondan","627352","Tirunelveli","Gangaikondan","Tamil Nadu"
"Gangaikondapuram","612901","Thanjavur","Thanjavur","Tamil Nadu"
"Gangavalli","636105","Salem","Gangavalli","Tamil Nadu"
"Gangavaram","606911","Viluppuram","Viluppuram","Tamil Nadu"
"Gaugadeeswaran Koil","600084","Chennai","Chennai","Tamil Nadu"
"Genguvarpatti","624203","Dindigul","Dindigul","Tamil Nadu"
"Getticheyur","638110","Madurai","Madurai","Tamil Nadu"
"Gibbsonpuram","628002","Tirunelveli","Tirunelveli","Tamil Nadu"
"Gingee","638110","Viluppuram","Gingee","Tamil Nadu"
"Glenmorgan","643210","The Nilgiri","Uthagamandalam","Tamil Nadu"
"Gnana Olivupuram","625010","Madurai","Madurai","Tamil Nadu"
"Gnanambika Mills","641029","Coimbatore","Coimbatore","Tamil Nadu"
"Gnanamvilai","629168","Kanyakumari","Kanyakumari","Tamil Nadu"
"Goapalasamudram","627451","Tirunelveli","Tirunelveli","Tamil Nadu"
"Gobichettipalayam East","638452","Madurai","Madurai","Tamil Nadu"
"Gobichettipalayam H O","638452","Madurai","Madurai","Tamil Nadu"
"Gobiohetti Palayam South","638476","Madurai","Madurai","Tamil Nadu"
"Golden Rock","620004","Tiruchirappalli","Tiruchirappalli","Tamil Nadu"
"Golden Rock Market","620004","Tiruchirappalli","Tiruchirappalli","Tamil Nadu"
"Golden Rock North","620004","Tiruchirappalli","Tiruchirappalli","Tamil Nadu"
"Gollawar Agraharam Road","600021","Chennai","Chennai","Tamil Nadu"
"Gomangalam","642107","Coimbatore","Coimbatore","Tamil Nadu"
"Gonur","636404","Salem","Salem","Tamil Nadu"
"Gopalapuram","600086","Chennai","Chennai","Tamil Nadu"
"Goudiyamath Road","600014","Chennai","Chennai","Tamil Nadu"
"Government Estate","600002","Chennai","Chennai","Tamil Nadu"
"Govindakudi","612704","Thanjavur","Thanjavur","Tamil Nadu"
"Govindapuram","635751","Erode","Erode","Tamil Nadu"
"Govt College Of Engg Salem","636011","Salem","Salem","Tamil Nadu"
"Govt College Of Technology","641013","Coimbatore","Coimbatore","Tamil Nadu"
"Govt Stanely Hospital","600001","Chennai","Chennai","Tamil Nadu"
"Gowrivakkam","601302","Tiruvallur","Tiruvallur","Tamil Nadu"
"Greams Road","600006","Chennai","Chennai","Tamil Nadu"
"Great Cotton Road","628002","Tirunelveli","Tirunelveli","Tamil Nadu"
"Ground Training School","600046","Chennai","Chennai","Tamil Nadu"
"Gudalur Bazaar","643212","The Nilgiri","Uthagamandalam","Tamil Nadu"
"Gudalur Madurai","626518","Madurai","Madurai","Tamil Nadu"
"Gudalur Nilgiris","643211","The Nilgiri","Uthagamandalam","Tamil Nadu"
"Gudimangalam","638201","Coimbatore","Coimbatore","Tamil Nadu"
"Gudiyattam Cutcherry","632602","Vellore","Vellore","Tamil Nadu"
"Gudiyattam H O","632602","Vellore","Vellore","Tamil Nadu"
"Gudiyattam R S","635803","Vellore","Vellore","Tamil Nadu"
"Gudiyattam South","632602","Vellore","Vellore","Tamil Nadu"
"Guduvancheri","603202","Tiruvallur","Tiruvallur","Tamil Nadu"
"Gugi Salem","636006","Salem","Salem","Tamil Nadu"
"Guindy Ind Estate","600032","Chennai","Chennai","Tamil Nadu"
"Gummidipundi","601201","Tiruvallur","Tiruvallur","Tamil Nadu"
"Gundur Cpt","603002","Tiruvallur","Tiruvallur","Tamil Nadu"
"Gunidy North","600015","Chennai","Chennai","Tamil Nadu"
"Guruswamipalayam","637403","Salem","Salem","Tamil Nadu"
"Guruvarajapalayam","632107","Vellore","Vellore","Tamil Nadu"
"Guruvarajupettai","631101","Vellore","Vellore","Tamil Nadu"
"Guruvareddiyur","638504","Madurai","Madurai","Tamil Nadu"
"Guziliamparai","624703","Dindigul","Dindigul","Tamil Nadu"
"Habibullah Road","600017","Chennai","Chennai","Tamil Nadu"
"Handranadi","614012","Thanjavur","Thanjavur","Tamil Nadu"
"Hanumanthakuddi","623317","Sivaganga","Sivaganga","Tamil Nadu"
"Hanumanthapuram","636802","Dharmapuri","Dharmapuri","Tamil Nadu"
"Hanumantharayankottai","624054","Dindigul","Dindigul","Tamil Nadu"
"Haridwaramangalam","612802","Thanjavur","Thanjavur","Tamil Nadu"
"Harinarayanapuram","600021","Chennai","Chennai","Tamil Nadu"
"Harrington Road","600031","Chennai","Chennai","Tamil Nadu"
"Harur","636803","Dharmapuri","Harur","Tamil Nadu"
"Harur Bazaar","636908","Dharmapuri","Dharmapuri","Tamil Nadu"
"Hasanamapettai","604402","Tiruvallur","Tiruvallur","Tamil Nadu"
"Hastampatti","636007","Salem","Salem","Tamil Nadu"
"Heavy Water Project Colony","628007","Tirunelveli","Tirunelveli","Tamil Nadu"
"High Court Buildings","600104","Chennai","Chennai","Tamil Nadu"
"Highways","626519","Madurai","Highways","Tamil Nadu"
"Hindi Prachar Sabha","600017","Chennai","Chennai","Tamil Nadu"
"Hindustan Teleprinters","600032","Chennai","Chennai","Tamil Nadu"
"Hiradayapuram","622514","Pudukottai","Pudukottai","Tamil Nadu"
"Hosur","635109","Dharmapuri","Hosur","Tamil Nadu"
"Hosur Cattle Farm","635110","Dharmapuri","Dharmapuri","Tamil Nadu"
"Hosur East","635125","Dharmapuri","Dharmapuri","Tamil Nadu"
"Hosur Industrial Complex","635126","Dharmapuri","Dharmapuri","Tamil Nadu"
"Hulical","643234","The Nilgiri","Uthagamandalam","Tamil Nadu"
"Hullathi","643052","The Nilgiri","Uthagamandalam","Tamil Nadu"
"I C F Colony","600038","Chennai","Chennai","Tamil Nadu"
"Ichiputhur","631060","Vellore","Vellore","Tamil Nadu"
"Idaikaatur","623602","Sivaganga","Sivaganga","Tamil Nadu"
"Idaikal","627804","Tirunelveli","Tirunelveli","Tamil Nadu"
"Idaikal Ambasamudram","627821","Tirunelveli","Tirunelveli","Tamil Nadu"
"Idaikode","629152","Kanyakumari","Kanyakumari","Tamil Nadu"
"Idaivchivalai","629664","Kanyakumari","Kanyakumari","Tamil Nadu"
"Idaiyankudi","628651","Tirunelveli","Tirunelveli","Tamil Nadu"
"Idaiyur","614702","Thanjavur","Thanjavur","Tamil Nadu"
"Idangankottai Melaiyur","614013","Thanjavur","Thanjavur","Tamil Nadu"
"Idappadi","637101","Salem","Salem","Tamil Nadu"
"Idappadi Bazaar","637101","Salem","Salem","Tamil Nadu"
"Idayakottai","624704","Dindigul","Dindigul","Tamil Nadu"
"Idinthakarai","627104","Tirunelveli","Tirunelveli","Tamil Nadu"
"Idivilagi","626187","Virudhunagar","Virudhunagar","Tamil Nadu"
"Idumbavanam","614735","Thanjavur","Thanjavur","Tamil Nadu"
"Idupatti","643055","The Nilgiri","Uthagamandalam","Tamil Nadu"
"Iduvampalayam","638687","Madurai","Madurai","Tamil Nadu"
"Iguvarpalayam","601212","Tiruvallur","Tiruvallur","Tamil Nadu"
"Ikkadu","602021","Tiruvallur","Tiruvallur","Tamil Nadu"
"Ilandaikudam","621853","Tiruchirappalli","Tiruchirappalli","Tamil Nadu"
"Ilandaikulam","626146","Virudhunagar","Virudhunagar","Tamil Nadu"
"Ilanji","627805","Tirunelveli","Ilanji","Tamil Nadu"
"Ilanthope","609201","Thanjavur","Thanjavur","Tamil Nadu"
"Ilavengal","627723","Tirunelveli","Tirunelveli","Tamil Nadu"
"Ilayasasanendal","627713","Tirunelveli","Tirunelveli","Tamil Nadu"
"Illodu","604210","Viluppuram","Viluppuram","Tamil Nadu"
"Illuppaiyur","626177","Virudhunagar","Virudhunagar","Tamil Nadu"
"Illupur","622102","Pudukottai","Pudukottai","Tamil Nadu"
"Inamkolathur R S","621303","Tiruchirappalli","Tiruchirappalli","Tamil Nadu"
"Inayuthukkanpatti","613054","Thanjavur","Thanjavur","Tamil Nadu"
"Indian Inst Of Technology","600036","Chennai","Chennai","Tamil Nadu"
"Indra Nagar","600020","Chennai","Chennai","Tamil Nadu"
"Indu Nagar","643005","The Nilgiri","Uthagamandalam","Tamil Nadu"
"Indur","636803","Dharmapuri","Dharmapuri","Tamil Nadu"
"Industrial Colony Pettai","627010","Tirunelveli","Tirunelveli","Tamil Nadu"
"Industrial Colony Trichy","620010","Tiruchirappalli","Tiruchirappalli","Tamil Nadu"
"Ingur","638058","Madurai","Madurai","Tamil Nadu"
"Injar","626180","Virudhunagar","Virudhunagar","Tamil Nadu"
"Institute","641007","Coimbatore","Coimbatore","Tamil Nadu"
"Irenipuram","629197","Kanyakumari","Kanyakumari","Tamil Nadu"
"Irudhayapuram","613001","Thanjavur","Thanjavur","Tamil Nadu"
"Irugur","641103","Coimbatore","Irugur","Tamil Nadu"
"Irukkangudi","626206","Virudhunagar","Virudhunagar","Tamil Nadu"
"Irulappapuram","629002","Kanyakumari","Kanyakumari","Tamil Nadu"
"Irumathur","635212","Dharmapuri","Dharmapuri","Tamil Nadu"
"Irumburthalai","613505","Thanjavur","Thanjavur","Tamil Nadu"
"Irumeni","623516","Ramanathapuram","Ramanathapuram","Tamil Nadu"
"Irunapattu","635705","Dharmapuri","Dharmapuri","Tamil Nadu"
"Irungalur","621105","Tiruchirappalli","Tiruchirappalli","Tamil Nadu"
"Iruvelipattu","607111","Vellore","Vellore","Tamil Nadu"
"Isanatham","639203","Madurai","Madurai","Tamil Nadu"
"Ithalur","643256","The Nilgiri","Uthagamandalam","Tamil Nadu"
"Ittamozhi","628652","Tirunelveli","Tirunelveli","Tamil Nadu"
"Iyerpadi","642108","Coimbatore","Coimbatore","Tamil Nadu"
"Iyyampalayam","624204","Dindigul","Dindigul","Tamil Nadu"
"Jadarpalayam","637213","Salem","Salem","Tamil Nadu"
"Jaffarabad","635754","Dharmapuri","Dharmapuri","Tamil Nadu"
"Jaffarkhanpet","600095","Chennai","Chennai","Tamil Nadu"
"Jagadab","635135","Vellore","Vellore","Tamil Nadu"
"Jagadapattinam","614635","Thanjavur","Thanjavur","Tamil Nadu"
"Jagadevi","635210","Vellore","Vellore","Tamil Nadu"
"Jagathala","643244","The Nilgiri","Jagathala","Tamil Nadu"
"Jagir Ammapalayam","636302","Salem","Salem","Tamil Nadu"
"Jaihindpuram","625011","Madurai","Madurai","Tamil Nadu"
"Jakkampatti","626512","Madurai","Madurai","Tamil Nadu"
"Jakkarpalayam","638202","Madurai","Madurai","Tamil Nadu"
"Jalakantapuram","636501","Salem","Salem","Tamil Nadu"
"Jalakarisal","638675","Madurai","Madurai","Tamil Nadu"
"Jallipatti","642051","Coimbatore","Coimbatore","Tamil Nadu"
"Jam Bazaar","600014","Chennai","Chennai","Tamil Nadu"
"Jamal Mohamed College","620020","Tiruchirappalli","Tiruchirappalli","Tamil Nadu"
"Jamanamarathur","635703","Vellore","Vellore","Tamil Nadu"
"Jambai","638312","Madurai","Jambai","Tamil Nadu"
"Jambavanodai","614738","Thanjavur","Thanjavur","Tamil Nadu"
"Jambropuram","625002","Madurai","Madurai","Tamil Nadu"
"Jambukulam","631104","Vellore","Vellore","Tamil Nadu"
"Jambunathapuram","621205","Tiruchirappalli","Tiruchirappalli","Tamil Nadu"
"James Town","629504","Kanyakumari","Kanyakumari","Tamil Nadu"
"Jawahar Bazaar","623560","Sivaganga","Sivaganga","Tamil Nadu"
"Jawahar Nagar","600082","Chennai","Chennai","Tamil Nadu"
"Jawahar Nagar","627007","Tirunelveli","Tirunelveli","Tamil Nadu"
"Jayankondacholapuram","621802","Tiruchirappalli","Tiruchirappalli","Tamil Nadu"
"Jayankondacholapuram West","621802","Tiruchirappalli","Tiruchirappalli","Tamil Nadu"
"Jayapuram","635657","Vellore","Vellore","Tamil Nadu"
"Jolarpettai","635851","Vellore","Vellore","Tamil Nadu"
"Jothinagar","601213","Tiruvallur","Tiruvallur","Tamil Nadu"
"Jothinagar","631003","Vellore","Vellore","Tamil Nadu"
"Jothipuram","641047","Coimbatore","Coimbatore","Tamil Nadu"
"K C Patti","624230","Dindigul","Dindigul","Tamil Nadu"
"K G Kandigai","631205","Tiruvallur","Tiruvallur","Tamil Nadu"
"K K Nagar","600078","Chennai","Chennai","Tamil Nadu"
"K K Nagar Metre Factory R","620021","Tiruchirappalli","Tiruchirappalli","Tamil Nadu"
"K Keeranur","624625","Dindigul","Dindigul","Tamil Nadu"
"K Palada","643252","The Nilgiri","Uthagamandalam","Tamil Nadu"
"Kabisthalam","614203","Thanjavur","Thanjavur","Tamil Nadu"
"Kachamangalam","613110","Thanjavur","Thanjavur","Tamil Nadu"
"Kachanam","610201","Thanjavur","Thanjavur","Tamil Nadu"
"Kachanvilai","628626","Tirunelveli","Tirunelveli","Tamil Nadu"
"Kachirayanpatti","625126","Madurai","Madurai","Tamil Nadu"
"Kadaladi","623703","Ramanathapuram","Ramanathapuram","Tamil Nadu"
"Kadaladi N A","606908","Vellore","Vellore","Tamil Nadu"
"Kadalai","627725","Ramanathapuram","Ramanathapuram","Tamil Nadu"
"Kadambathur","631203","Thiruvallur","Thiruvallur","Tamil Nadu"
"Kadambuliyur","607103","Vellore","Vellore","Tamil Nadu"
"Kadambur","636124","Ariyalur","Ariyalur","Tamil Nadu"
"Kadambur","627714","Ariyalur","Ariyalur","Tamil Nadu"
"Kadambur S A","605802","Vellore","Kadambur","Tamil Nadu"
"Kadampalayam","637203","Salem","Salem","Tamil Nadu"
"Kadamparai Dam","642135","Coimbatore","Coimbatore","Tamil Nadu"
"Kadamparai Power House","642152","Coimbatore","Coimbatore","Tamil Nadu"
"Kadampatti","613305","Thanjavur","Thanjavur","Tamil Nadu"
"Kadanur","623104","Sivaganga","Sivaganga","Tamil Nadu"
"Kadaperi","632526","Vellore","Vellore","Tamil Nadu"
"Kadathur","635303","Dharmapuri","Kadathur","Tamil Nadu"
"Kadathur Gobi","638466","Madurai","Madurai","Tamil Nadu"
"Kadavasal","609104","Nagapattinam","Nagapattinam","Tamil Nadu"
"Kadayam","627415","Tirunelveli","Tirunelveli","Tamil Nadu"
"Kadayanallur","627751","Tirunelveli","Kadayanallur","Tamil Nadu"
"Kadayanallur Bazaar","627751","Tirunelveli","Tirunelveli","Tamil Nadu"
"Kadayanallur Pettai","627751","Tirunelveli","Tirunelveli","Tamil Nadu"
"Kadinavayal","614725","Thanjavur","Thanjavur","Tamil Nadu"
"Kadiramangalam","612106","Thanjavur","Thanjavur","Tamil Nadu"
"Kadirvedu","600066","Chennai","Chennai","Tamil Nadu"
"Kadiyapattinam","629253","Kanyakumari","Kanyakumari","Tamil Nadu"
"Kadukkarai","629855","Kanyakumari","Kanyakumari","Tamil Nadu"
"Kadyampatti","636351","Salem","Salem","Tamil Nadu"
"Kagguchi","643249","The Nilgiri","Uthagamandalam","Tamil Nadu"
"Kaikurichi","622317","Pudukottai","Pudukottai","Tamil Nadu"
"Kailasapuram Tvl","627001","Tirunelveli","Tirunelveli","Tamil Nadu"
"Kakalur Ind Estate","602003","Tiruvallur","Tiruvallur","Tamil Nadu"
"Kakothapattarai Vellore","632012","Vellore","Vellore","Tamil Nadu"
"Kaladipet","600019","Chennai","Chennai","Tamil Nadu"
"Kaladipet","600066","Chennai","Chennai","Tamil Nadu"
"Kalakad","627501","Tirunelveli","Tirunelveli","Tamil Nadu"
"Kalamarudur","606102","Viluppuram","Viluppuram","Tamil Nadu"
"Kalambakkam","602031","Tiruvallur","Tiruvallur","Tamil Nadu"
"Kalambur","606903","Vellore","Kalambur","Tamil Nadu"
"Kalancheri","613506","Thanjavur","Thanjavur","Tamil Nadu"
"Kalapatti","641061","Coimbatore","Kalapatti","Tamil Nadu"
"Kalappanaickenpatti","637404","Salem","Kalappanaickenpatti","Tamil Nadu"
"Kalasapakkam","606751","Vellore","Vellore","Tamil Nadu"
"Kalathur","614816","Thanjavur","Thanjavur","Tamil Nadu"
"Kalavai","632506","Vellore","Kalavai","Tamil Nadu"
"Kalayamputhur","624615","Dindigul","Dindigul","Tamil Nadu"
"Kalendra","635758","Dharmapuri","Dharmapuri","Tamil Nadu"
"Kalhatti","643258","The Nilgiri","Uthagamandalam","Tamil Nadu"
"Kali","609811","Thanjavur","Thanjavur","Tamil Nadu"
"Kaliakkavilai","629153","Kanyakumari","Kanyakumari","Tamil Nadu"
"Kaliavoor","627253","Tirunelveli","Tirunelveli","Tamil Nadu"
"Kalignar Karunanidhinagar","600078","Chennai","Chennai","Tamil Nadu"
"Kalinga Colony","600078","Chennai","Chennai","Tamil Nadu"
"Kalingal","641404","Coimbatore","Coimbatore","Tamil Nadu"
"Kalingapatti","627724","Tirunelveli","Tirunelveli","Tamil Nadu"
"Kalisapuram","628301","Tirunelveli","Tirunelveli","Tamil Nadu"
"Kaliyal","629101","Kanyakumari","Kanyakumari","Tamil Nadu"
"Kaliyampundi","603402","Tiruvallur","Tiruvallur","Tamil Nadu"
"Kaliyarkoil","623551","Sivaganga","Sivaganga","Tamil Nadu"
"Kalkurchi","626104","Virudhunagar","Virudhunagar","Tamil Nadu"
"Kalladaikurichi Market","627416","Tirunelveli","Tirunelveli","Tamil Nadu"
"Kallakottai","614637","Thanjavur","Thanjavur","Tamil Nadu"
"Kallakudi","621651","Tiruchirappalli","Kallakudi","Tamil Nadu"
"Kallakudi Noth","621652","Tiruchirappalli","Tiruchirappalli","Tamil Nadu"
"Kallakurichi Bazaar","606202","Vellore","Vellore","Tamil Nadu"
"Kallakurichi H O","606202","Vellore","Vellore","Tamil Nadu"
"Kallakurichi South","606202","Vellore","Vellore","Tamil Nadu"
"Kallal","623305","Sivaganga","Sivaganga","Tamil Nadu"
"Kallandiri","625305","Madurai","Madurai","Tamil Nadu"
"Kallankurichi","621705","Tiruchirappalli","Tiruchirappalli","Tamil Nadu"
"Kallapadi","632606","Vellore","Vellore","Tamil Nadu"
"Kallaperambur","613603","Thanjavur","Thanjavur","Tamil Nadu"
"Kallappur","624507","Dindigul","Dindigul","Tamil Nadu"
"Kallathur Thandalai","621803","Tiruchirappalli","Tiruchirappalli","Tamil Nadu"
"Kallavi","635304","Dharmapuri","Dharmapuri","Tamil Nadu"
"Kallidaikurichi","627416","Tirunelveli","Tirunelveli","Tamil Nadu"
"Kalligudi","626701","Madurai","Madurai","Tamil Nadu"
"Kallimandiyam","624616","Dindigul","Dindigul","Tamil Nadu"
"Kallipatti","638505","Madurai","Madurai","Tamil Nadu"
"Kallukatti","623001","Sivaganga","Sivaganga","Tamil Nadu"
"Kallukettam","629808","Kanyakumari","Kanyakumari","Tamil Nadu"
"Kallupatti","626702","Madurai","Madurai","Tamil Nadu"
"Kallupatti","623306","Sivaganga","Sivaganga","Tamil Nadu"
"Kallupatti Murungapuri","621304","Tiruchirappalli","Tiruchirappalli","Tamil Nadu"
"Kallurani","626105","Virudhunagar","Virudhunagar","Tamil Nadu"
"Kalmandapam","600013","Chennai","Chennai","Tamil Nadu"
"Kalpakkam","603102","Tiruvallur","Tiruvallur","Tamil Nadu"
"Kalpalam Road","625002","Madurai","Madurai","Tamil Nadu"
"Kalugumalai","627752","Tirunelveli","Kalugumalai","Tamil Nadu"
"Kalyanaodai","614914","Thanjavur","Thanjavur","Tamil Nadu"
"Kalyanapuram","613201","Thanjavur","Thanjavur","Tamil Nadu"
"Kamachipuram","626520","Madurai","Madurai","Tamil Nadu"
"Kamakshipuram","609809","Thanjavur","Thanjavur","Tamil Nadu"
"Kamalanagar","605602","Vellore","Vellore","Tamil Nadu"
"Kamalapuram","610102","Thanjavur","Thanjavur","Tamil Nadu"
"Kamandoddi","635134","Dharmapuri","Dharmapuri","Tamil Nadu"
"Kamarajanagar","600071","Chennai","Chennai","Tamil Nadu"
"Kamarajanagar","626001","Virudhunagar","Virudhunagar","Tamil Nadu"
"Kamarajar Chalai","625009","Madurai","Madurai","Tamil Nadu"
"Kamarajar Colony","636014","Salem","Salem","Tamil Nadu"
"Kamayagoundanpatti","626521","Madurai","Kamayagoundanpatti","Tamil Nadu"
"Kambainallur","635202","Dharmapuri","Kambainallur","Tamil Nadu"
"Kambilianpatti","624313","Dindigul","Dindigul","Tamil Nadu"
"Kambur","625114","Madurai","Madurai","Tamil Nadu"
"Kammalampoondi","603407","Tiruvallur","Tiruvallur","Tamil Nadu"
"Kammampalli","635131","Dharmapuri","Dharmapuri","Tamil Nadu"
"Kammapuram","606103","Vellore","Vellore","Tamil Nadu"
"Kammavanpettai","632319","Vellore","Vellore","Tamil Nadu"
"Kamudakudi","623719","Ramanathapuram","Ramanathapuram","Tamil Nadu"
"Kamudi","623603","Sivaganga","Sivaganga","Tamil Nadu"
"Kanadukathan","623103","Sivaganga","Kanadukathan","Tamil Nadu"
"Kanagapuram","638117","Madurai","Madurai","Tamil Nadu"
"Kanagarai","643246","The Nilgiri","Uthagamandalam","Tamil Nadu"
"Kanagasabainagar","608001","Vellore","Vellore","Tamil Nadu"
"Kanagayam North","638701","Madurai","Madurai","Tamil Nadu"
"Kanai","605301","Vellore","Vellore","Tamil Nadu"
"Kanakammachatram","631204","Tiruvallur","Tiruvallur","Tamil Nadu"
"Kanakkankuppam","604155","Viluppuram","Viluppuram","Tamil Nadu"
"Kanakkapillaivalasi","627816","Tirunelveli","Tirunelveli","Tamil Nadu"
"Kanam","628225","Tirunelveli","Kanam","Tamil Nadu"
"Kanapatti","626106","Virudhunagar","Virudhunagar","Tamil Nadu"
"Kanchipuram Bus Stand","631502","Tiruvallur","Tiruvallur","Tamil Nadu"
"Kanchipuram Collectorate","631201","Tiruvallur","Tiruvallur","Tamil Nadu"
"Kanchipuram Cutcherry","631501","Tiruvallur","Tiruvallur","Tamil Nadu"
"Kanchipuram H O","631501","Tiruvallur","Tiruvallur","Tamil Nadu"
"Kanchpuram R S","631502","Tiruvallur","Tiruvallur","Tamil Nadu"
"Kandachipuram","605701","Vellore","Vellore","Tamil Nadu"
"Kandamanadi","605401","Vellore","Vellore","Tamil Nadu"
"Kandamangalam","605102","Vellore","Vellore","Tamil Nadu"
"Kandanur","623104","Sivaganga","Kandanur","Tamil Nadu"
"Kandavarayanpatti","623203","Sivaganga","Sivaganga","Tamil Nadu"
"Kandili","635901","Sivaganga","Sivaganga","Tamil Nadu"
"Kandiyur","613202","Thanjavur","Thanjavur","Tamil Nadu"
"Kandoor","602115","Tiruvallur","Tiruvallur","Tamil Nadu"
"Kandramanickam","623204","Sivaganga","Sivaganga","Tamil Nadu"
"Kandramanickam","612609","Thanjavur","Thanjavur","Tamil Nadu"
"Kangalancheri","610101","Thanjavur","Thanjavur","Tamil Nadu"
"Kangayam","638701","Madurai","Madurai","Tamil Nadu"
"Kangayampalayam","641401","Madurai","Kangayampalayam","Tamil Nadu"
"Kanguppam","632206","Vellore","Vellore","Tamil Nadu"
"Kaniyambadi","632102","Vellore","Vellore","Tamil Nadu"
"Kaniyur","638203","Coimbatore","Kaniyur","Tamil Nadu"
"Kanjampatti","642054","Coimbatore","Coimbatore","Tamil Nadu"
"Kanjampuram","629154","Kanyakumari","Kanyakumari","Tamil Nadu"
"Kanjanur","605203","Vellore","Vellore","Tamil Nadu"
"Kanji","606702","Vellore","Vellore","Tamil Nadu"
"Kanjikoil","638116","Madurai","Kanjikoil","Tamil Nadu"
"Kanjiracode","629155","Kanyakumari","Kanyakumari","Tamil Nadu"
"Kankoduthavanitham","610113","Thanjavur","Thanjavur","Tamil Nadu"
"Kannadahalli","635211","Dharmapuri","Dharmapuri","Tamil Nadu"
"Kannamangalam","632311","Vellore","Kannamangalam","Tamil Nadu"
"Kannampalayam","641405","Coimbatore","Kannampalayam","Tamil Nadu"
"Kannanallur","627126","Tirunelveli","Tirunelveli","Tamil Nadu"
"Kannangudi","623318","Cuddalore","Cuddalore","Tamil Nadu"
"Kannankurichi","636008","Salem","Kannankurichi","Tamil Nadu"
"Kannanur","621206","Tiruchirappalli","Tiruchirappalli","Tamil Nadu"
"Kannar Street","623606","Sivaganga","Sivaganga","Tamil Nadu"
"Kannerimookku","643245","The Nilgiri","Uthagamandalam","Tamil Nadu"
"Kannigaipair","601104","Tiruvallur","Tiruvallur","Tamil Nadu"
"Kannirajapuram","626135","Virudhunagar","Virudhunagar","Tamil Nadu"
"Kannivadi","624705","Dindigul","Kannivadi","Tamil Nadu"
"Kansapuram","626170","Virudhunagar","Virudhunagar","Tamil Nadu"
"Kanyakumari","629702","Kanyakumari","Kanyakumari","Tamil Nadu"
"Kapilamalai","637204","Salem","Salem","Tamil Nadu"
"Kappiyara","629156","Kanyakumari","Kanyakumari","Tamil Nadu"
"Karadipavi","638658","Madurai","Madurai","Tamil Nadu"
"Karai","621128","Tiruchirappalli","Tiruchirappalli","Tamil Nadu"
"Karai N A","632404","Vellore","Vellore","Tamil Nadu"
"Karaichittupudur","628659","Tirunelveli","Tirunelveli","Tamil Nadu"
"Karaikottai","614612","Thanjavur","Thanjavur","Tamil Nadu"
"Karaikudi Angodi","630001","Vellore","Vellore","Tamil Nadu"
"Karaikudi Bus Stand","630001","Vellore","Vellore","Tamil Nadu"
"Karaikudi H O","630001","Vellore","Vellore","Tamil Nadu"
"Karaikudi South Street","630001","Vellore","Vellore","Tamil Nadu"
"Karaikurichi","627417","Ariyalur","Ariyalur","Tamil Nadu"
"Karaimedu","609124","Cuddalore","Cuddalore","Tamil Nadu"
"Karaipudur","638684","Madurai","Madurai","Tamil Nadu"
"Karaiyur","622054","Nagapattinam","Nagapattinam","Tamil Nadu"
"Karakurichi","637014","Salem","Salem","Tamil Nadu"
"Karamadai","641104","Coimbatore","Karamadai","Tamil Nadu"
"Karamalai Bazaar","642130","Coimbatore","Coimbatore","Tamil Nadu"
"Karambakudi","622302","Pudukottai","Pudukottai","Tamil Nadu"
"Karandaneri","627153","Tirunelveli","Tirunelveli","Tamil Nadu"
"Karankad","629809","Kanyakumari","Kanyakumari","Tamil Nadu"
"Karattadipalayam","638453","Madurai","Madurai","Tamil Nadu"
"Karavalli","636319","Salem","Salem","Tamil Nadu"
"Karavalur","638670","Madurai","Madurai","Tamil Nadu"
"Karikal","609602","Thanjavur","Thanjavur","Tamil Nadu"
"Karikal Bazaar","609602","Thanjavur","Thanjavur","Tamil Nadu"
"Karikal Bus Stand","609602","Thanjavur","Thanjavur","Tamil Nadu"
"Karikal South","609602","Thanjavur","Thanjavur","Tamil Nadu"
"Karimangalam","635111","Dharmapuri","Dharmapuri","Tamil Nadu"
"Karinkal","629157","Kanyakumari","Kanyakumari","Tamil Nadu"
"Karipatti","636106","Salem","Salem","Tamil Nadu"
"Karisalkulam","626178","Virudhunagar","Virudhunagar","Tamil Nadu"
"Karivalam Vandanallur","627753","Tirunelveli","Tirunelveli","Tamil Nadu"
"Kariyamanickam","605113","Vellore","Vellore","Tamil Nadu"
"Kariyapattinam","614806","Thanjavur","Thanjavur","Tamil Nadu"
"Karudavoorani","623302","Sivaganga","Sivaganga","Tamil Nadu"
"Karukkalpatti","627955","Tirunelveli","Tirunelveli","Tamil Nadu"
"Karumanthurai","636138","Salem","Salem","Tamil Nadu"
"Karunchutti","623721","Ramanathapuram","Ramanathapuram","Tamil Nadu"
"Karungalakudi","625101","Madurai","Madurai","Tamil Nadu"
"Karungalpalayam","613303","Thanjavur","Thanjavur","Tamil Nadu"
"Karungulammelpatti","613303","Thanjavur","Thanjavur","Tamil Nadu"
"Karunguli","603303","Cuddalore","Cuddalore","Tamil Nadu"
"Karunkadal","628629","Tirunelveli","Tirunelveli","Tamil Nadu"
"Karunkulam","628615","Tirunelveli","Tirunelveli","Tamil Nadu"
"Karunthattangudi","613002","Thanjavur","Thanjavur","Tamil Nadu"
"Karupatti","624205","Dindigul","Dindigul","Tamil Nadu"
"Karuppanpulam","614732","Thanjavur","Thanjavur","Tamil Nadu"
"Karuppur","638148","Kancheepuram","Kancheepuram","Tamil Nadu"
"Karuppur","636012","Kancheepuram","Karuppur","Tamil Nadu"
"Karur Bazaar","639001","Madurai","Madurai","Tamil Nadu"
"Karur H O","639001","Madurai","Madurai","Tamil Nadu"
"Karur R S","639001","Madurai","Madurai","Tamil Nadu"
"Karur West","639001","Madurai","Madurai","Tamil Nadu"
"Karuvakurichi","614021","Thanjavur","Thanjavur","Tamil Nadu"
"Karuveppilankurichi","606110","Vellore","Vellore","Tamil Nadu"
"Kasanadupudur","614911","Thanjavur","Thanjavur","Tamil Nadu"
"Kasankadu","614910","Thanjavur","Thanjavur","Tamil Nadu"
"Kasimajorpuram","627802","Tirunelveli","Tirunelveli","Tamil Nadu"
"Kasimode","600013","Chennai","Chennai","Tamil Nadu"
"Kasipalayam","638454","Madurai","Madurai","Tamil Nadu"
"Kasipalayam Madurai","624711","Dindigul","Dindigul","Tamil Nadu"
"Kasthampadi","606909","Vellore","Vellore","Tamil Nadu"
"Kasturbanagar","600020","Chennai","Chennai","Tamil Nadu"
"Katary","643213","The Nilgiri","Uthagamandalam","Tamil Nadu"
"Katchanvilai","628626","Tirunelveli","Tirunelveli","Tamil Nadu"
"Kathinayanapalli","635001","Dharmapuri","Dharmapuri","Tamil Nadu"
"Kathur Puvalur","627706","Tirunelveli","Tirunelveli","Tamil Nadu"
"Katirpulam","614812","Thanjavur","Thanjavur","Tamil Nadu"
"Katoor Mtp","641301","Coimbatore","Coimbatore","Tamil Nadu"
"Katpadi","632007","Vellore","Katpadi","Tamil Nadu"
"Kattabettu","643214","The Nilgiri","Uthagamandalam","Tamil Nadu"
"Kattankolathur","603203","Tiruvallur","Tiruvallur","Tamil Nadu"
"Kattarimangalam","628706","Thoothukkudi","Thoothukkudi","Tamil Nadu"
"Kattathurai","629158","Kanyakumari","Kanyakumari","Tamil Nadu"
"Kattimodu","614716","Thanjavur","Thanjavur","Tamil Nadu"
"Kattukanur","632312","Vellore","Vellore","Tamil Nadu"
"Kattumannarkoil","608301","Cuddalore","Kattumannarkoil","Tamil Nadu"
"Kattuparamakudi","623707","Ramanathapuram","Ramanathapuram","Tamil Nadu"
"Kavalkinar","627105","Tirunelveli","Tirunelveli","Tamil Nadu"
"Kavalur","635704","Dharmapuri","Dharmapuri","Tamil Nadu"
"Kavanur","632507","Vellore","Vellore","Tamil Nadu"
"Kavarapalayam","608901","Thanjavur","Thanjavur","Tamil Nadu"
"Kavarapettai","601206","Tiruvallur","Tiruvallur","Tamil Nadu"
"Kaveripattinam Bazaar","635112","Dharmapuri","Dharmapuri","Tamil Nadu"
"Kaveripattinam Dharmapuri","635112","Dharmapuri","Dharmapuri","Tamil Nadu"
"Kaveripattinam Thanjavur","609105","Thanjavur","Thanjavur","Tamil Nadu"
"Kaveripauk","632508","Vellore","Vellore","Tamil Nadu"
"Kavindampalavam Colony","641030","Coimbatore","Coimbatore","Tamil Nadu"
"Kayalpatnam","628204","Tirunelveli","Tirunelveli","Tamil Nadu"
"Kayamoli","628205","Tirunelveli","Tirunelveli","Tamil Nadu"
"Kayatar","627952","Tirunelveli","Tirunelveli","Tamil Nadu"
"Kedar","605402","Vellore","Vellore","Tamil Nadu"
"Keelatheoval","623718","Ramanathapuram","Ramanathapuram","Tamil Nadu"
"Keerakalur","614736","Thanjavur","Thanjavur","Tamil Nadu"
"Keeramangalam","614626","Tiruchirappalli","Keeramangalam","Tamil Nadu"
"Keeranur Madurai","624617","Dindigul","Dindigul","Tamil Nadu"
"Keeranur Pudukottai","622502","Pudukottai","Pudukottai","Tamil Nadu"
"Keerapalayam","608602","Cuddalore","Cuddalore","Tamil Nadu"
"Keerasathu","632529","Vellore","Vellore","Tamil Nadu"
"Keerathurai","625001","Madurai","Madurai","Tamil Nadu"
"Kelamanglam","635113","Dharmapuri","Dharmapuri","Tamil Nadu"
"Kengarai","643246","The Nilgiri","Uthagamandalam","Tamil Nadu"
"Kenikarai","623535","Ramanathapuram","Ramanathapuram","Tamil Nadu"
"Kesavaputhanthurai","629509","Kanyakumari","Kanyakumari","Tamil Nadu"
"Kethandapatti","635820","Dharmapuri","Dharmapuri","Tamil Nadu"
"Kethandapatti Sugar Mills","635815","Vellore","Vellore","Tamil Nadu"
"Kettanur","638671","Madurai","Madurai","Tamil Nadu"
"Kettavarampalayam","606910","Vellore","Vellore","Tamil Nadu"
"Ketti Santhur","643215","The Nilgiri","Uthagamandalam","Tamil Nadu"
"Khaderpet","635753","Vellore","Vellore","Tamil Nadu"
"Khajamalai Colony","620020","Tiruchirappalli","Tiruchirappalli","Tamil Nadu"
"Khajanagar","620020","Tiruchirappalli","Tiruchirappalli","Tamil Nadu"
"Kidaripatti","625304","Madurai","Madurai","Tamil Nadu"
"Kikotagiri","643216","The Nilgiri","Uthagamandalam","Tamil Nadu"
"Kila Iral","627908","Tirunelveli","Tirunelveli","Tamil Nadu"
"Kilacheri","631401","Thiruvallur","Thiruvallur","Tamil Nadu"
"Kilaiyur","614908","Thanjavur","Thanjavur","Tamil Nadu"
"Kilaiyur Mayiladuthuai","609304","Thanjavur","Thanjavur","Tamil Nadu"
"Kilakadu","614731","Thanjavur","Thanjavur","Tamil Nadu"
"Kilakarai","623517","Ramanathapuram","Ramanathapuram","Tamil Nadu"
"Kilakarai West","623517","Ramanathapuram","Ramanathapuram","Tamil Nadu"
"Kilakurichi","614030","Thanjavur","Thanjavur","Tamil Nadu"
"Kilambakkam","603103","Thiruvallur","Thiruvallur","Tamil Nadu"
"Kilambur","627418","Tirunelveli","Tirunelveli","Tamil Nadu"
"Kilanilai","622202","Pudukottai","Pudukottai","Tamil Nadu"
"Kilapaluvur","621707","Tiruchirappalli","Tiruchirappalli","Tamil Nadu"
"Kilapavur","627806","Tirunelveli","Tirunelveli","Tamil Nadu"
"Kilaperungarai","623617","Sivaganga","Sivaganga","Tamil Nadu"
"Kilapuliyur","621127","Tiruchirappalli","Tiruchirappalli","Tamil Nadu"
"Kilapungudi","623552","Sivaganga","Sivaganga","Tamil Nadu"
"Kilarajakularaman","626136","Virudhunagar","Virudhunagar","Tamil Nadu"
"Kilasevalpatti","623205","Sivaganga","Sivaganga","Tamil Nadu"
"Kilashanmugapuram","628002","Tirunelveli","Tirunelveli","Tamil Nadu"
"Kilathooval","623718","Ramanathapuram","Ramanathapuram","Tamil Nadu"
"Kilavalavu","625102","Madurai","Madurai","Tamil Nadu"
"Kilayur Madurai","625118","Madurai","Madurai","Tamil Nadu"
"Kilayur Nagapattinam","611103","Thanjavur","Thanjavur","Tamil Nadu"
"Kilayur S A","605753","Vellore","Vellore","Tamil Nadu"
"Kiliyanur S A","604102","Vellore","Vellore","Tamil Nadu"
"Kiliyanur Thanjavur","609102","Thanjavur","Thanjavur","Tamil Nadu"
"Kilkodungalur","604403","Vellore","Vellore","Tamil Nadu"
"Kilkotagiri Bazaar","643271","The Nilgiri","Uthagamandalam","Tamil Nadu"
"Kilkothur","632211","Vellore","Vellore","Tamil Nadu"
"Kilkovalavedu","604404","Vellore","Vellore","Tamil Nadu"
"Killai","608102","Vellore","Vellore","Tamil Nadu"
"Killiyur","629187","Kanyakumari","Killiyur","Tamil Nadu"
"Kilmurungai","635825","Dharmapuri","Dharmapuri","Tamil Nadu"
"Kilnarma","604412","Vellore","Vellore","Tamil Nadu"
"Kilnathur","606602","Vellore","Vellore","Tamil Nadu"
"Kilnilidanallur","627957","Tirunelveli","Tirunelveli","Tamil Nadu"
"Kilpauk","600010","Chennai","Chennai","Tamil Nadu"
"Kilpauk Garden Colony","600010","Chennai","Chennai","Tamil Nadu"
"Kilpauk Medical College","600010","Chennai","Chennai","Tamil Nadu"
"Kilpauk West","600010","Chennai","Chennai","Tamil Nadu"
"Kilpennathur","604601","Vellore","Kilpennathur","Tamil Nadu"
"Kilsirupakkam","606712","Vellore","Vellore","Tamil Nadu"
"Kilvaithinankuppam","632201","Vellore","Vellore","Tamil Nadu"
"Kilvanakkambadi","606717","Vellore","Vellore","Tamil Nadu"
"Kilvelur","611104","Thanjavur","Kilvelur","Tamil Nadu"
"Kinathukadavu","642109","Coimbatore","Kinathukadavu","Tamil Nadu"
"Kirambur","621002","Tiruchirappalli","Tiruchirappalli","Tamil Nadu"
"Kirathur","629181","Kanyakumari","Kanyakumari","Tamil Nadu"
"Kiriparai","629854","Kanyakumari","Kanyakumari","Tamil Nadu"
"Kirungakottai","624504","Dindigul","Dindigul","Tamil Nadu"
"Kitchipalayam","636001","Salem","Salem","Tamil Nadu"
"Kittilapuram","627304","Tirunelveli","Tirunelveli","Tamil Nadu"
"Kizhalathur","632608","Vellore","Vellore","Tamil Nadu"
"Kizhanatham","627353","Tirunelveli","Tirunelveli","Tamil Nadu"
"Kizhapuliyur","627814","Tirunelveli","Tirunelveli","Tamil Nadu"
"Kizhkullam","629193","Kanyakumari","Kanyakumari","Tamil Nadu"
"Kizihmidalam","629159","Kanyakumari","Kanyakumari","Tamil Nadu"
"Kodai Road R S","625206","Madurai","Madurai","Tamil Nadu"
"Kodaikanal","624101","Dindigul","Kodaikanal","Tamil Nadu"
"Kodaikanal Lak View","624101","Dindigul","Dindigul","Tamil Nadu"
"Kodaikanal Observatory","624103","Dindigul","Dindigul","Tamil Nadu"
"Kodakkal","631105","Tiruvallur","Tiruvallur","Tamil Nadu"
"Kodalikaruppur","612902","Ariyalur","Ariyalur","Tamil Nadu"
"Kodambakkam","600024","Chennai","Chennai","Tamil Nadu"
"Kodambakkam West","600024","Chennai","Chennai","Tamil Nadu"
"Kodanad","643264","The Nilgiri","Uthagamandalam","Tamil Nadu"
"Kodangipattu","626547","Madurai","Madurai","Tamil Nadu"
"Kodavasal","612601","Thanjavur","Kodavasal","Tamil Nadu"
"Kodayar Kilthangal","629102","Kanyakumari","Kanyakumari","Tamil Nadu"
"Kodayar Melthangal","627419","Tirunelveli","Tirunelveli","Tamil Nadu"
"Kodikarai","614807","Thanjavur","Thanjavur","Tamil Nadu"
"Kodinavayal","614725","Thanjavur","Thanjavur","Tamil Nadu"
"Kodiyakadu","614821","Thanjavur","Thanjavur","Tamil Nadu"
"Kodkalancheri","626055","Virudhunagar","Virudhunagar","Tamil Nadu"
"Kodumudi","638151","Madurai","Kodumudi","Tamil Nadu"
"Koduvoi","638660","Madurai","Madurai","Tamil Nadu"
"Koil","626207","Virudhunagar","Virudhunagar","Tamil Nadu"
"Kokkeri","614402","Thanjavur","Thanjavur","Tamil Nadu"
"Kolakalnatham","621106","Tiruchirappalli","Tiruchirappalli","Tamil Nadu"
"Kolakudi Manmedu","621208","Tiruchirappalli","Tiruchirappalli","Tamil Nadu"
"Kolapadu","610208","Thanjavur","Thanjavur","Tamil Nadu"
"Kolapalli","643253","The Nilgiri","Uthagamandalam","Tamil Nadu"
"Kolappalur N A","632313","Vellore","Vellore","Tamil Nadu"
"Kolappalure Cbe","638456","Madurai","Madurai","Tamil Nadu"
"Kolathupalayam","638661","Madurai","Kolathupalayam","Tamil Nadu"
"Kolathur-Cpt","600099","Chennai","Kolathur","Tamil Nadu"
"Kolathur-Salem","636303","Salem","Kolathur","Tamil Nadu"
"Kolinjivadi","638673","Madurai","Madurai","Tamil Nadu"
"Koliyankulam","627120","Tirunelveli","Tirunelveli","Tamil Nadu"
"Koliyanur","605103","Vellore","Vellore","Tamil Nadu"
"Kollapuram","609608","Thanjavur","Thanjavur","Tamil Nadu"
"Kollengodu","629160","Kanyakumari","Kanyakumari","Tamil Nadu"
"Kollumangudi","609403","Thanjavur","Thanjavur","Tamil Nadu"
"Komal","609805","Thanjavur","Thanjavur","Tamil Nadu"
"Komaralingam","638204","Salem","Komaralingam","Tamil Nadu"
"Komarapalayam-Cbe","641026","Coimbatore","Coimbatore","Tamil Nadu"
"Komarasamipatti","636703","Dharmapuri","Dharmapuri","Tamil Nadu"
"Komaratchi","608302","Cuddalore","Cuddalore","Tamil Nadu"
"Kombai","626522","Tiruchirappalli","Kombai","Tamil Nadu"
"Kombakonam","612001","Thanjavur","Thanjavur","Tamil Nadu"
"Kommadikottai","628653","Thoothukkudi","Thoothukkudi","Tamil Nadu"
"Konachal","643239","The Nilgiri","Uthagamandalam","Tamil Nadu"
"Konalai","621132","Tiruchirappalli","Tiruchirappalli","Tamil Nadu"
"Konapet","622503","Pudukottai","Pudukottai","Tamil Nadu"
"Konavaikalpalayam","641023","Coimbatore","Coimbatore","Tamil Nadu"
"Konavakarai","643276","The Nilgiri","Uthagamandalam","Tamil Nadu"
"Konavattam","632013","Vellore","Konavattam","Tamil Nadu"
"Kondalampatti","636010","Salem","Kondalampatti","Tamil Nadu"
"Kondayampalli","636130","Salem","Salem","Tamil Nadu"
"Kondayanpatti","620005","Tiruchirappalli","Tiruchirappalli","Tamil Nadu"
"Konerirajapuram","612201","Thanjavur","Thanjavur","Tamil Nadu"
"Konerirajapuram","613108","Thanjavur","Thanjavur","Tamil Nadu"
"Konganapuram","637102","Salem","Konganapuram","Tamil Nadu"
"Kongarayakurichi","628624","Tirunelveli","Tirunelveli","Tamil Nadu"
"Konulampallam","609814","Thanjavur","Thanjavur","Tamil Nadu"
"Koopachikottai","614022","Thanjavur","Thanjavur","Tamil Nadu"
"Koothakudi","606307","Vellore","Vellore","Tamil Nadu"
"Koothanallur","614101","Thanjavur","Thanjavur","Tamil Nadu"
"Koothankul","627132","Tirunelveli","Tirunelveli","Tamil Nadu"
"Koothanur","609003","Thanjavur","Thanjavur","Tamil Nadu"
"Koottathupatti","636139","Salem","Salem","Tamil Nadu"
"Koovanuthu","624051","Dindigul","Dindigul","Tamil Nadu"
"Koppanapatti","622401","Pudukottai","Pudukottai","Tamil Nadu"
"Koppusithampatti","626152","Virudhunagar","Virudhunagar","Tamil Nadu"
"Koradacheri","613703","Thanjavur","Koradacheri","Tamil Nadu"
"Korakkai","604413","Cuddalore","Cuddalore","Tamil Nadu"
"Korakundah","643268","The Nilgiri","Uthagamandalam","Tamil Nadu"
"Korampallam","628101","Tirunelveli","Tirunelveli","Tamil Nadu"
"Koranad","609002","Thanjavur","Thanjavur","Tamil Nadu"
"Koranattukaruppur","612501","Thanjavur","Thanjavur","Tamil Nadu"
"Korathi","635611","Dharmapuri","Dharmapuri","Tamil Nadu"
"Korattur","600080","Viluppuram","Viluppuram","Tamil Nadu"
"Korattur R S","600076","Chennai","Chennai","Tamil Nadu"
"Korukkai","614733","Thanjavur","Thanjavur","Tamil Nadu"
"Korukkupet","600021","Chennai","Chennai","Tamil Nadu"
"Kosakulampudur","625007","Madurai","Madurai","Tamil Nadu"
"Kosapet","600012","Chennai","Chennai","Tamil Nadu"
"Kosapet","632001","Vellore","Vellore","Tamil Nadu"
"Kotada Estate","643236","The Nilgiri","Uthagamandalam","Tamil Nadu"
"Kotagiri","643217","The Nilgiri","Kotagiri","Tamil Nadu"
"Kothakottai","635757","Dharmapuri","Dharmapuri","Tamil Nadu"
"Kothakottai","622311","Pudukottai","Pudukottai","Tamil Nadu"
"Kothakudi","606307","Vellore","Vellore","Tamil Nadu"
"Kothamangalam","623105","Sivaganga","Sivaganga","Tamil Nadu"
"Kothapeta Hosur","635109","Dharmapuri","Dharmapuri","Tamil Nadu"
"Kothwal Market","600001","Chennai","Chennai","Tamil Nadu"
"Kottagudi","625124","Madurai","Madurai","Tamil Nadu"
"Kottaikarungulam","627123","Tirunelveli","Tirunelveli","Tamil Nadu"
"Kottaimedu","623604","Sivaganga","Sivaganga","Tamil Nadu"
"Kottaipattinam","614619","Thanjavur","Thanjavur","Tamil Nadu"
"Kottaitheru","614902","Thanjavur","Thanjavur","Tamil Nadu"
"Kottaiyiruppu","623216","Sivaganga","Sivaganga","Tamil Nadu"
"Kottaiyur","626167","Virudhunagar","Virudhunagar","Tamil Nadu"
"Kottaiyur","623106","Sivaganga","Kottaiyur","Tamil Nadu"
"Kottaiyur Guruswamy","626167","Virudhunagar","Virudhunagar","Tamil Nadu"
"Kottakuppam","605104","Vellore","Kottakuppam","Tamil Nadu"
"Kottampatti","625103","Madurai","Madurai","Tamil Nadu"
"Kottapalayam","621003","Tiruchirappalli","Tiruchirappalli","Tamil Nadu"
"Kottar","629002","Kanyakumari","Kanyakumari","Tamil Nadu"
"Kottaram","629703","Kanyakumari","Kottaram","Tamil Nadu"
"Kottatur","621004","Tiruchirappalli","Tiruchirappalli","Tamil Nadu"
"Kottucherry","609609","Thanjavur","Thanjavur","Tamil Nadu"
"Kottur","635818","Dharmapuri","Dharmapuri","Tamil Nadu"
"Kottur","626569","Madurai","Madurai","Tamil Nadu"
"Kottur","614708","Thanjavur","Kottur","Tamil Nadu"
"Kottur Gram","600085","Chennai","Chennai","Tamil Nadu"
"Kottur Madras","600085","Chennai","Chennai","Tamil Nadu"
"Kovaipudur","641042","Coimbatore","Coimbatore","Tamil Nadu"
"Kovalam","603112","Tiruvallur","Tiruvallur","Tamil Nadu"
"Koviladi","613106","Thanjavur","Thanjavur","Tamil Nadu"
"Kovilangulam","626107","Virudhunagar","Virudhunagar","Tamil Nadu"
"Kovilpalayam","642110","Coimbatore","Kovilpalayam","Tamil Nadu"
"Kovilpatti","626549","Tirunelveli","Kovilpatti","Tamil Nadu"
"Kovilpatti","627702","Tirunelveli","Kovilpatti","Tamil Nadu"
"Kovilpatti H O","627701","Tirunelveli","Kovilpatti","Tamil Nadu"
"Kovilpatti Loyal Mills","627701","Tirunelveli","Kovilpatti","Tamil Nadu"
"Kovilpatti Town","627701","Tirunelveli","Kovilpatti","Tamil Nadu"
"Kovilpatti Trichy","621305","Tiruchirappalli","Kovilpatti","Tamil Nadu"
"Kovilpatti Veedhi","627701","Tirunelveli","Kovilpatti","Tamil Nadu"
"Kovilur","623319","Sivaganga","Sivaganga","Tamil Nadu"
"Kovilur Madurai","624706","Dindigul","Dindigul","Tamil Nadu"
"Kovilur Thanjavur","613302","Thanjavur","Thanjavur","Tamil Nadu"
"Kovilvenni","614403","Thanjavur","Thanjavur","Tamil Nadu"
"Koyambedu","600107","Chennai","Chennai","Tamil Nadu"
"Koyapakkam","603315","Tiruvallur","Tiruvallur","Tamil Nadu"
"Krishna Nagar","632001","Vellore","Vellore","Tamil Nadu"
"Krishnagiri Bus Stand","635001","Dharmapuri","Krishnagiri","Tamil Nadu"
"Krishnagiri Courts","635001","Dharmapuri","Krishnagiri","Tamil Nadu"
"Krishnagiri H O","635001","Dharmapuri","Krishnagiri","Tamil Nadu"
"Krishnagiri Ind Estate","635001","Dharmapuri","Krishnagiri","Tamil Nadu"
"Krishnagiri Oldpet","635002","Dharmapuri","Krishnagiri","Tamil Nadu"
"Krishnagiri Project","635101","Dharmapuri","Krishnagiri","Tamil Nadu"
"Krishnampet","600005","Chennai","Chennai","Tamil Nadu"
"Krishnancoil","629001","Kanyakumari","Kanyakumari","Tamil Nadu"
"Krishnapuram","627759","Tirunelveli","Tirunelveli","Tamil Nadu"
"Krishnapuram Cbe","642111","Coimbatore","Coimbatore","Tamil Nadu"
"Krishnapuram Colony","625014","Madurai","Madurai","Tamil Nadu"
"Krishnapuram Tirunelveli","627759","Tirunelveli","Tirunelveli","Tamil Nadu"
"Krishnarajipattinam","614640","Thanjavur","Thanjavur","Tamil Nadu"
"Krishnarayapuram","639102","Madurai","Krishnarayapuram","Tamil Nadu"
"Krishnaswamynagar","641018","Coimbatore","Coimbatore","Tamil Nadu"
"Kuddapakkam","603304","Tiruvallur","Tiruvallur","Tamil Nadu"
"Kudiakkadu","614821","Thanjavur","Thanjavur","Tamil Nadu"
"Kudimiamalai","622106","Pudukottai","Pudukottai","Tamil Nadu"
"Kudlyiruppur","600089","Chennai","Chennai","Tamil Nadu"
"Kugalur","638313","Madurai","Madurai","Tamil Nadu"
"Kulasekarapuram","629406","Kanyakumari","Kulasekarapuram","Tamil Nadu"
"Kulasekharam","629161","Kanyakumari","Kanyakumari","Tamil Nadu"
"Kulasekharapatnam","628206","Tirunelveli","Tirunelveli","Tamil Nadu"
"Kulathur Dindigul","624053","Dindigul","Dindigul","Tamil Nadu"
"Kulathur Pudukkottai","622504","Pudukottai","Pudukottai","Tamil Nadu"
"Kulathur Tirunelveli","627903","Tirunelveli","Tirunelveli","Tamil Nadu"
"Kulavaipatti","622212","Pudukottai","Pudukottai","Tamil Nadu"
"Kulavanikarpuram","627002","Tirunelveli","Tirunelveli","Tamil Nadu"
"Kulikarai","613704","Thanjavur","Thanjavur","Tamil Nadu"
"Kulipirai","622402","Pudukottai","Pudukottai","Tamil Nadu"
"Kulittalai Bazaar","639104","Madurai","Madurai","Tamil Nadu"
"Kulittalai H O","639104","Madurai","Madurai","Tamil Nadu"
"Kullakumby","643218","The Nilgiri","Uthagamandalam","Tamil Nadu"
"Kullalagundu","624231","Dindigul","Dindigul","Tamil Nadu"
"Kullanchavadi","607301","Vellore","Vellore","Tamil Nadu"
"Kullursandai","626053","Virudhunagar","Virudhunagar","Tamil Nadu"
"Kulumani","639103","Madurai","Madurai","Tamil Nadu"
"Kumaramangalam","637205","Viluppuram","Viluppuram","Tamil Nadu"
"Kumaran Nagar","600033","Chennai","Chennai","Tamil Nadu"
"Kumaranagar","638603","Madurai","Madurai","Tamil Nadu"
"Kumarapuram","629189","Kanyakumari","Kanyakumari","Tamil Nadu"
"Kumarasamirajanagar","626108","Virudhunagar","Virudhunagar","Tamil Nadu"
"Kumbakonam Bazar","612001","Thanjavur","Thanjavur","Tamil Nadu"
"Kumbakonam City","612001","Thanjavur","Thanjavur","Tamil Nadu"
"Kumbakonam East","612001","Thanjavur","Thanjavur","Tamil Nadu"
"Kumbakonam H O","612001","Thanjavur","Thanjavur","Tamil Nadu"
"Kumbakonam Market","612001","Thanjavur","Thanjavur","Tamil Nadu"
"Kumbakonam R S","612001","Thanjavur","Thanjavur","Tamil Nadu"
"Kumbakonam South","612001","Thanjavur","Thanjavur","Tamil Nadu"
"Kumbakonam West","612001","Thanjavur","Thanjavur","Tamil Nadu"
"Kummangudi","622208","Pudukottai","Pudukottai","Tamil Nadu"
"Kummapatti","626133","Virudhunagar","Virudhunagar","Tamil Nadu"
"Kundadam","638702","Madurai","Madurai","Tamil Nadu"
"Kundah Bridge","643219","The Nilgiri","Uthagamandalam","Tamil Nadu"
"Kundankulam","627106","Tirunelveli","Tirunelveli","Tamil Nadu"
"Kuniyamuthur","641008","Coimbatore","Kuniyamuthur","Tamil Nadu"
"Kunnakudi","623206","Sivaganga","Sivaganga","Tamil Nadu"
"Kunnalur","614703","Thanjavur","Thanjavur","Tamil Nadu"
"Kunnam Mayiladutwai","609119","Thanjavur","Thanjavur","Tamil Nadu"
"Kunnam Trichy","621708","Perambalur","Perambalur","Tamil Nadu"
"Kunnandarkoil","622508","Pudukottai","Pudukottai","Tamil Nadu"
"Kunnathur Arni","632314","Vellore","Vellore","Tamil Nadu"
"Kunnathur Erode","638103","Madurai","Madurai","Tamil Nadu"
"Kunnathur Kanchipuram","600069","Chennai","Chennai","Tamil Nadu"
"Kunnathur Nagercoil","629162","Kanyakumari","Kanyakumari","Tamil Nadu"
"Kunnur","626138","Virudhunagar","Virudhunagar","Tamil Nadu"
"Kuppakonanpudur","641038","Coimbatore","Coimbatore","Tamil Nadu"
"Kuppammalpatti","624235","Dindigul","Dindigul","Tamil Nadu"
"Kuppuswamynaidupuram","638662","Madurai","Madurai","Tamil Nadu"
"Kurichikottai","642112","Coimbatore","Coimbatore","Tamil Nadu"
"Kurinjipadi","607302","Vellore","Kurinjipadi","Tamil Nadu"
"Kurinjipadi Bazaar","607302","Vellore","Vellore","Tamil Nadu"
"Kurudampalayam","641017","Coimbatore","Kurudampalayam","Tamil Nadu"
"Kurukkalpatti","627955","Tirunelveli","Tirunelveli","Tamil Nadu"
"Kurukkuchalai","627722","Tirunelveli","Tirunelveli","Tamil Nadu"
"Kurumandur","638457","Madurai","Madurai","Tamil Nadu"
"Kurumbalur","621107","Tiruchirappalli","Kurumbalur","Tamil Nadu"
"Kurumberi","635661","Thiruvarur","Thiruvarur","Tamil Nadu"
"Kurumbur","628207","Viluppuram","Viluppuram","Tamil Nadu"
"Kurungulam Melpathi","613303","Thanjavur","Thanjavur","Tamil Nadu"
"Kurunthencode","629805","Kanyakumari","Kanyakumari","Tamil Nadu"
"Kurusilapattu","635706","Dharmapuri","Dharmapuri","Tamil Nadu"
"Kuruvapulam","614808","Thanjavur","Thanjavur","Tamil Nadu"
"Kuruvikarambai","614802","Thanjavur","Thanjavur","Tamil Nadu"
"Kuruvikondanpatti","622415","Pudukottai","Pudukottai","Tamil Nadu"
"Kuruvikulam","627754","Tirunelveli","Tirunelveli","Tamil Nadu"
"Kuthalur","623320","Sivaganga","Sivaganga","Tamil Nadu"
"Kuthur","611105","Cuddalore","Cuddalore","Tamil Nadu"
"Kuttalam","609801","Thanjavur","Thanjavur","Tamil Nadu"
"Kuttalam East","609801","Thanjavur","Thanjavur","Tamil Nadu"
"Kuttam","628660","Tirunelveli","Tirunelveli","Tamil Nadu"
"Kuttapuli","627127","Tirunelveli","Tirunelveli","Tamil Nadu"
"Kutteripattu","604302","Vellore","Vellore","Tamil Nadu"
"Kuttimangode","629806","Kanyakumari","Kanyakumari","Tamil Nadu"
"Kuvathur","603305","Tiruvallur","Tiruvallur","Tamil Nadu"
"Kuzhipanthandalam","603113","Tiruvallur","Tiruvallur","Tamil Nadu"
"Kuzhithura","629163","Kanyakumari","Kanyakumari","Tamil Nadu"
"L Endathur","603408","Tiruvallur","Tiruvallur","Tamil Nadu"
"Labbaikudikadu","621108","Tiruchirappalli","Labbaikudikadu","Tamil Nadu"
"Ladapuram","621121","Tiruchirappalli","Tiruchirappalli","Tamil Nadu"
"Lagancherry","629001","Kanyakumari","Kanyakumari","Tamil Nadu"
"Lakshmangudi","614102","Thanjavur","Thanjavur","Tamil Nadu"
"Lakshmipuram","602024","Tiruvallur","Tiruvallur","Tamil Nadu"
"Lakshmipuram","625001","Madurai","Madurai","Tamil Nadu"
"Lakshmipuram","627702","Tirunelveli","Tirunelveli","Tamil Nadu"
"Lakshmipuram Kovilpatti","627702","Tirunelveli","Tirunelveli","Tamil Nadu"
"Lakshmipuram Krp","635001","Dharmapuri","Dharmapuri","Tamil Nadu"
"Lalapet","639105","Madurai","Madurai","Tamil Nadu"
"Lalbahadur Nagar","609001","Thanjavur","Thanjavur","Tamil Nadu"
"Lalgudi","621729","Tiruchirappalli","Lalgudi","Tamil Nadu"
"Lalgudi H O","621601","Tiruchirappalli","Tiruchirappalli","Tamil Nadu"
"Laligam","636804","Dharmapuri","Dharmapuri","Tamil Nadu"
"Lalpet","608303","Vellore","Lalpet","Tamil Nadu"
"Lalwley Road","641003","Coimbatore","Coimbatore","Tamil Nadu"
"Lambalakudi","622421","Pudukottai","Pudukottai","Tamil Nadu"
"Latteri","632202","Vellore","Vellore","Tamil Nadu"
"Leigh Bazaar","636009","Salem","Salem","Tamil Nadu"
"Lic Colony Tambaram","600059","Chennai","Chennai","Tamil Nadu"
"Ligods Estate","600014","Chennai","Chennai","Tamil Nadu"
"Ligods Road","600014","Chennai","Chennai","Tamil Nadu"
"Little Kanchipuram","631503","Tiruvallur","Tiruvallur","Tamil Nadu"
"Lovedale","643003","The Nilgiri","Uthagamandalam","Tamil Nadu"
"Lower Anaicut","612502","Thanjavur","Thanjavur","Tamil Nadu"
"Loyla College","600034","Chennai","Chennai","Tamil Nadu"
"Luz Church Road","600004","Chennai","Chennai","Tamil Nadu"
"M G M Sanatorium","613401","Thanjavur","Thanjavur","Tamil Nadu"
"M P T Admn Office","600001","Chennai","Chennai","Tamil Nadu"
"M Palada","643054","The Nilgiri","Uthagamandalam","Tamil Nadu"
"M Pudupatti","626171","Virudhunagar","Virudhunagar","Tamil Nadu"
"M Puliyangulam","626716","Tirunelveli","Tirunelveli","Tamil Nadu"
"Machanur","632205","Vellore","Vellore","Tamil Nadu"
"Machuvadi","622001","Pudukottai","Pudukottai","Tamil Nadu"
"Madagupattu","623553","Sivaganga","Sivaganga","Tamil Nadu"
"Madanagopalapuram","621212","Tiruchirappalli","Tiruchirappalli","Tamil Nadu"
"Madanam","609121","Thanjavur","Thanjavur","Tamil Nadu"
"Madanur","635804","Vellore","Vellore","Tamil Nadu"
"Madapattu","607207","Viluppuram","Viluppuram","Tamil Nadu"
"Madarpakkam","601202","Tiruvallur","Tiruvallur","Tamil Nadu"
"Madathukulam","642113","Coimbatore","Madathukulam","Tamil Nadu"
"Madayankuttai","636452","Salem","Salem","Tamil Nadu"
"Madduru","631206","Tiruvallur","Tiruvallur","Tamil Nadu"
"Madervelur","609127","Thanjavur","Thanjavur","Tamil Nadu"
"Madhavaram","600060","Chennai","Chennai","Tamil Nadu"
"Madhavaram East","600060","Chennai","Chennai","Tamil Nadu"
"Madhavaram Milk Colony","600051","Chennai","Chennai","Tamil Nadu"
"Madichiyam","625020","Madurai","Madurai","Tamil Nadu"
"Madipakkam","600091","Chennai","Chennai","Tamil Nadu"
"Madras Air Port","600027","Chennai","Chennai","Tamil Nadu"
"Madras Electricity System","600002","Chennai","Chennai","Tamil Nadu"
"Madras Gpo","600001","Chennai","Chennai","Tamil Nadu"
"Madras Medical College","600003","Chennai","Chennai","Tamil Nadu"
"Madras Presidency College","600005","Chennai","Chennai","Tamil Nadu"
"Madras Race Course","600032","Chennai","Chennai","Tamil Nadu"
"Madras University","600005","Chennai","Chennai","Tamil Nadu"
"Madukkarai","641105","Coimbatore","Madukkarai","Tamil Nadu"
"Madukkarai Casba","641105","Coimbatore","Coimbatore","Tamil Nadu"
"Madukkur","614903","Thanjavur","Madukkur","Tamil Nadu"
"Madukkur Bazar","614903","Thanjavur","Madukkur","Tamil Nadu"
"Madurai","626703","Madurai","Madurai","Tamil Nadu"
"Madurai Agricultural College","625104","Madurai","Madurai","Tamil Nadu"
"Madurai Bazaar","625001","Madurai","Madurai","Tamil Nadu"
"Madurai Bibikulam","625002","Madurai","Madurai","Tamil Nadu"
"Madurai Central Bus Stand","625001","Madurai","Madurai","Tamil Nadu"
"Madurai City","625001","Madurai","Madurai","Tamil Nadu"
"Madurai Collectorate","625020","Madurai","Madurai","Tamil Nadu"
"Madurai Corporation Bldgs","625002","Madurai","Madurai","Tamil Nadu"
"Madurai Courts","625020","Madurai","Madurai","Tamil Nadu"
"Madurai East","625009","Madurai","Madurai","Tamil Nadu"
"Madurai Erskine Hospital","625020","Madurai","Madurai","Tamil Nadu"
"Madurai Ezhukadal","625001","Madurai","Madurai","Tamil Nadu"
"Madurai H O","625001","Madurai","Madurai","Tamil Nadu"
"Madurai North","625001","Madurai","Madurai","Tamil Nadu"
"Madurai Palace","625001","Madurai","Madurai","Tamil Nadu"
"Madurai Race Course","625002","Madurai","Madurai","Tamil Nadu"
"Madurai Railway Colony","625010","Madurai","Madurai","Tamil Nadu"
"Madurai Reserve Lines","625014","Madurai","Madurai","Tamil Nadu"
"Madurai Rly Dvl Office","625010","Madurai","Madurai","Tamil Nadu"
"Madurai Road","627001","Tirunelveli","Tirunelveli","Tamil Nadu"
"Madurai Training Centre","625022","Madurai","Madurai","Tamil Nadu"
"Madurai West","625001","Madurai","Madurai","Tamil Nadu"
"Madurai West Masi Street","625001","Madurai","Madurai","Tamil Nadu"
"Maduramangalam","602114","Tiruvallur","Tiruvallur","Tamil Nadu"
"Madurantakam","603306","Tiruvallur","Tiruvallur","Tamil Nadu"
"Madurantakam East","603306","Tiruvallur","Tiruvallur","Tamil Nadu"
"Maduravoyal","602102","Tiruvallur","Maduravoyal","Tamil Nadu"
"Magaral","631603","Tiruvallur","Tiruvallur","Tamil Nadu"
"Mahadanapuram K K","629706","Kanyakumari","Kanyakumari","Tamil Nadu"
"Mahadanapuram Karur","639106","Madurai","Madurai","Tamil Nadu"
"Mahadevapattinam","614029","Thanjavur","Thanjavur","Tamil Nadu"
"Mahadevapuram","641301","Coimbatore","Coimbatore","Tamil Nadu"
"Mahadevapuram","641305","Madurai","Madurai","Tamil Nadu"
"Mahalingapuram","642002","Coimbatore","Coimbatore","Tamil Nadu"
"Maharajakadai","635127","Dharmapuri","Dharmapuri","Tamil Nadu"
"Maharajanagar","627011","Tirunelveli","Tirunelveli","Tamil Nadu"
"Maharajapuram","626149","Virudhunagar","Virudhunagar","Tamil Nadu"
"Maharajapuram","605602","Vellore","Vellore","Tamil Nadu"
"Maharajapuram","613206","Thanjavur","Thanjavur","Tamil Nadu"
"Mahibalanpatti","623217","Sivaganga","Sivaganga","Tamil Nadu"
"Mailam","604304","Vellore","Vellore","Tamil Nadu"
"Mailpatti","635805","Vellore","Vellore","Tamil Nadu"
"Makkinaickenpatti","642003","Coimbatore","Coimbatore","Tamil Nadu"
"Malaipatti","626054","Virudhunagar","Virudhunagar","Tamil Nadu"
"Malaiyur","622306","Pudukottai","Pudukottai","Tamil Nadu"
"Malayandipattinam","642114","Coimbatore","Coimbatore","Tamil Nadu"
"Mallanginar","626109","Virudhunagar","Virudhunagar","Tamil Nadu"
"Mallasamudram","637503","Salem","Mallasamudram","Tamil Nadu"
"Malli","626141","Virudhunagar","Virudhunagar","Tamil Nadu"
"Malliam","609806","Thanjavur","Thanjavur","Tamil Nadu"
"Mallikarai","636107","Salem","Salem","Tamil Nadu"
"Mallikundam","636458","Salem","Salem","Tamil Nadu"
"Mallipattinam","614723","Thanjavur","Thanjavur","Tamil Nadu"
"Mallupatti","636805","Dharmapuri","Dharmapuri","Tamil Nadu"
"Mamallapuram","603104","Tiruvallur","Mamallapuram","Tamil Nadu"
"Mamandur-Kcm","631702","Vellore","Vellore","Tamil Nadu"
"Mambadi","638102","Erode","Erode","Tamil Nadu"
"Mambalam East","600033","Chennai","Chennai","Tamil Nadu"
"Mambalam R S","600033","Chennai","Chennai","Tamil Nadu"
"Mambalapattu","605302","Vellore","Vellore","Tamil Nadu"
"Manachanallur","621005","Tiruchirappalli","Manachanallur","Tamil Nadu"
"Manachanallur North","621005","Tiruchirappalli","Tiruchirappalli","Tamil Nadu"
"Manadu Thandupattu","628208","Tirunelveli","Tirunelveli","Tamil Nadu"
"Managiri","623307","Sivaganga","Sivaganga","Tamil Nadu"
"Manakkal Ayyampet","610104","Thanjavur","Thanjavur","Tamil Nadu"
"Manakudi","614709","Thanjavur","Thanjavur","Tamil Nadu"
"Manali Madras","600068","Chennai","Manali","Tamil Nadu"
"Manali New Town","600103","Tiruvallur","Manali","Tamil Nadu"
"Manali Ttp","610210","Thanjavur","Manali","Tamil Nadu"
"Manalikara","629164","Kanyakumari","Kanyakumari","Tamil Nadu"
"Manalmedu","609202","Thanjavur","Manalmedu","Tamil Nadu"
"Manalur","627771","Tirunelveli","Tirunelveli","Tamil Nadu"
"Manalurpet","605754","Vellore","Manalurpet","Tamil Nadu"
"Manamadurai R S","623613","Sivaganga","Sivaganga","Tamil Nadu"
"Manamadurai Town","623606","Sivaganga","Sivaganga","Tamil Nadu"
"Manamadural H O","623606","Sivaganga","Sivaganga","Tamil Nadu"
"Manambathi","603105","Tiruvallur","Tiruvallur","Tamil Nadu"
"Manamboli","642115","Coimbatore","Coimbatore","Tamil Nadu"
"Manambu Chavadi","613001","Thanjavur","Thanjavur","Tamil Nadu"
"Manamedu","621209","Tiruchirappalli","Tiruchirappalli","Tamil Nadu"
"Manamelkudi","614620","Thanjavur","Thanjavur","Tamil Nadu"
"Manampathy","603403","Tiruvallur","Tiruvallur","Tamil Nadu"
"Manampoondi","605759","Vellore","Vellore","Tamil Nadu"
"Manandakudi","609507","Thanjavur","Thanjavur","Tamil Nadu"
"Manaparai","621306","Tiruchirappalli","Tiruchirappalli","Tamil Nadu"
"Manaparai R S","621306","Tiruchirappalli","Tiruchirappalli","Tamil Nadu"
"Manappad","628209","Tirunelveli","Tirunelveli","Tamil Nadu"
"Manavalakurichi","629252","Kanyakumari","Manavalakurichi","Tamil Nadu"
"Mandaiyur","622513","Pudukottai","Pudukottai","Tamil Nadu"
"Mandakolathur","606904","Vellore","Vellore","Tamil Nadu"
"Mandalamanickam","623605","Sivaganga","Sivaganga","Tamil Nadu"
"Mandalavadi","635856","Sivaganga","Sivaganga","Tamil Nadu"
"Mandapam","623518","Ramanathapuram","Mandapam","Tamil Nadu"
"Mandapam Camp","623519","Ramanathapuram","Mandapam","Tamil Nadu"
"Mandavalli","600004","Chennai","Chennai","Tamil Nadu"
"Mandram","627001","Tirunelveli","Tirunelveli","Tamil Nadu"
"Mangadu","602101","Tiruvallur","Mangadu","Tamil Nadu"
"Mangalakudi","623308","Sivaganga","Sivaganga","Tamil Nadu"
"Mangalam N A","606752","Vellore","Mangalam","Tamil Nadu"
"Mangalam S A","606104","Vellore","Vellore","Tamil Nadu"
"Mangalam-Cbe","638663","Madurai","Madurai","Tamil Nadu"
"Mangalam-Ramnad","623554","Sivaganga","Sivaganga","Tamil Nadu"
"Mangalapuram","636202","Salem","Salem","Tamil Nadu"
"Mangamadam","609106","Thanjavur","Thanjavur","Tamil Nadu"
"Manganallur Bazaar","609404","Thanjavur","Thanjavur","Tamil Nadu"
"Mangarai","629196","Kanyakumari","Kanyakumari","Tamil Nadu"
"Mangles Road","624001","Dindigul","Dindigul","Tamil Nadu"
"Mango Range","643220","The Nilgiri","Uthagamandalam","Tamil Nadu"
"Mangottai","622313","Pudukottai","Pudukottai","Tamil Nadu"
"Mangudi","610103","Thanjavur","Thanjavur","Tamil Nadu"
"Mangulam","625302","Madurai","Madurai","Tamil Nadu"
"Manikandam","620051","Tiruchirappalli","Tiruchirappalli","Tamil Nadu"
"Manimangalam","601304","Tiruvallur","Tiruvallur","Tamil Nadu"
"Manimuthar Project","627421","Tirunelveli","Tirunelveli","Tamil Nadu"
"Maniyachi R S","628305","Tirunelveli","Tirunelveli","Tamil Nadu"
"Manjakollai","611106","Thanjavur","Thanjavur","Tamil Nadu"
"Manjakuppam","607001","Vellore","Vellore","Tamil Nadu"
"Manjampatti","621307","Tiruchirappalli","Tiruchirappalli","Tamil Nadu"
"Manjanaickenpatti","624623","Dindigul","Dindigul","Tamil Nadu"
"Manjolai","627420","Tirunelveli","Tirunelveli","Tamil Nadu"
"Manjoor","643219","The Nilgiri","Uthagamandalam","Tamil Nadu"
"Mannadimangalam","624223","Dindigul","Dindigul","Tamil Nadu"
"Mannady","600001","Chennai","Chennai","Tamil Nadu"
"Mannampandal","609305","Thanjavur","Thanjavur","Tamil Nadu"
"Mannanagadu","614909","Thanjavur","Thanjavur","Tamil Nadu"
"Mannanvilai","628218","Tirunelveli","Tirunelveli","Tamil Nadu"
"Mannaragudi","614719","Thanjavur","Thanjavur","Tamil Nadu"
"Mannaraguid H O","614001","Thanjavur","Thanjavur","Tamil Nadu"
"Mannargudi Bazaar","614001","Thanjavur","Thanjavur","Tamil Nadu"
"Mannarguid Cutcherry","614001","Thanjavur","Thanjavur","Tamil Nadu"
"Mannarpuram","620020","Tiruchirappalli","Tiruchirappalli","Tamil Nadu"
"Mannur","642055","Coimbatore","Coimbatore","Tamil Nadu"
"Mannurpettai","600050","Chennai","Chennai","Tamil Nadu"
"Mansurabad","606912","Vellore","Vellore","Tamil Nadu"
"Manur Tiruneveli","627201","Tirunelveli","Tirunelveli","Tamil Nadu"
"Manyadahalli","636821","Dharmapuri","Dharmapuri","Tamil Nadu"
"Mappedu","636821","Thiruvallur","Thiruvallur","Tamil Nadu"
"Maraimalainagar","603209","Tiruvallur","Maraimalainagar","Tamil Nadu"
"Marakkadai","636002","Salem","Salem","Tamil Nadu"
"Marandahalli","636806","Dharmapuri","Marandahalli","Tamil Nadu"
"Maraneri","626179","Virudhunagar","Virudhunagar","Tamil Nadu"
"Marapettai","642001","Coimbatore","Coimbatore","Tamil Nadu"
"Maravakadu","614721","Thanjavur","Thanjavur","Tamil Nadu"
"Maravamadurai","622055","Pudukottai","Pudukottai","Tamil Nadu"
"Maravaneri","636007","Salem","Salem","Tamil Nadu"
"Maravankudiyiruppu","629002","Kanyakumari","Kanyakumari","Tamil Nadu"
"Mariammankoil","613501","Thanjavur","Thanjavur","Tamil Nadu"
"Marine Fisheries","623520","Ramanathapuram","Ramanathapuram","Tamil Nadu"
"Marisusainagar","607001","Vellore","Vellore","Tamil Nadu"
"Markampatti","624712","Dindigul","Dindigul","Tamil Nadu"
"Markanam","604303","Vellore","Vellore","Tamil Nadu"
"Marthanadam","629165","Kanyakumari","Kanyakumari","Tamil Nadu"
"Marthandam Bridge","629165","Kanyakumari","Kanyakumari","Tamil Nadu"
"Marthomanagar","643250","The Nilgiri","Uthagamandalam","Tamil Nadu"
"Marudadu","604405","Cuddalore","Cuddalore","Tamil Nadu"
"Marudanvalavoo","628307","Tirunelveli","Tirunelveli","Tamil Nadu"
"Marudavancheri","609508","Thanjavur","Thanjavur","Tamil Nadu"
"Marudur","641117","Cuddalore","Cuddalore","Tamil Nadu"
"Marudur","639107","Cuddalore","Marudur","Tamil Nadu"
"Marunkur","629402","Kanyakumari","Kanyakumari","Tamil Nadu"
"Maruthakulam","627151","Tirunelveli","Tirunelveli","Tamil Nadu"
"Maruthamalai","641046","Coimbatore","Coimbatore","Tamil Nadu"
"Masilamani Nagar","631605","Tiruvallur","Tiruvallur","Tamil Nadu"
"Mathakondapalli","635114","Dharmapuri","Dharmapuri","Tamil Nadu"
"Mathur Ind Est Pudukkotta","622515","Pudukottai","Pudukottai","Tamil Nadu"
"Mathur Kanchipuram","602112","Tiruvallur","Tiruvallur","Tamil Nadu"
"Mathur Keeranur","622510","Pudukottai","Pudukottai","Tamil Nadu"
"Mathur-Dhamapuri","635203","Dharmapuri","Dharmapuri","Tamil Nadu"
"Mathur-Trichy","621709","Tiruchirappalli","Tiruchirappalli","Tamil Nadu"
"Mavadi","627107","Tirunelveli","Tirunelveli","Tamil Nadu"
"Mavadikkal","627759","Tirunelveli","Tirunelveli","Tamil Nadu"
"Mavoor","610202","Thanjavur","Thanjavur","Tamil Nadu"
"Mayanur","639108","Madurai","Madurai","Tamil Nadu"
"Mayiladuthrai Bazaar","609001","Thanjavur","Thanjavur","Tamil Nadu"
"Mayiladuthurai Cutcherry","609001","Thanjavur","Thanjavur","Tamil Nadu"
"Mayiladuthurai H O","609001","Thanjavur","Thanjavur","Tamil Nadu"
"Mayiladuthurai R S","609003","Thanjavur","Thanjavur","Tamil Nadu"
"Mayiladuthurai South","609001","Thanjavur","Thanjavur","Tamil Nadu"
"Mayiladuthurcai","609103","Thanjavur","Thanjavur","Tamil Nadu"
"Mc Donalds Choultry","637103","Salem","Salem","Tamil Nadu"
"Mecheri","636453","Vellore","Mecheri","Tamil Nadu"
"Medavakkam Tank Road","600010","Chennai","Chennai","Tamil Nadu"
"Medavar Vilagam","626125","Virudhunagar","Virudhunagar","Tamil Nadu"
"Mednambedu","600053","Chennai","Chennai","Tamil Nadu"
"Meenkashipuram","626148","Virudhunagar","Virudhunagar","Tamil Nadu"
"Megaiyur","605755","Vellore","Vellore","Tamil Nadu"
"Megnanapuram","628210","Tirunelveli","Tirunelveli","Tamil Nadu"
"Mekalachinnampalli","635128","Dharmapuri","Dharmapuri","Tamil Nadu"
"Mekkamandapam","629166","Kanyakumari","Kanyakumari","Tamil Nadu"
"Melagaram","627818","Tirunelveli","Melagaram","Tamil Nadu"
"Melaiyur","609107","Thanjavur","Thanjavur","Tamil Nadu"
"Melakadayanallur","627759","Tirunelveli","Tirunelveli","Tamil Nadu"
"Melakalkandarkottai","620011","Tiruchirappalli","Tiruchirappalli","Tamil Nadu"
"Melakaveri H O","612002","Thanjavur","Thanjavur","Tamil Nadu"
"Melakottaivasal","611001","Thanjavur","Thanjavur","Tamil Nadu"
"Melalathur","635806","Vellore","Vellore","Tamil Nadu"
"Melamaiyur Cpt","603001","Tiruvallur","Tiruvallur","Tamil Nadu"
"Melanilidanallur","627953","Tirunelveli","Tirunelveli","Tamil Nadu"
"Melapalayam","638051","Madurai","Madurai","Tamil Nadu"
"Melapalayam","627005","Tirunelveli","Tirunelveli","Tamil Nadu"
"Melapalayam Bazaar","627005","Tirunelveli","Tirunelveli","Tamil Nadu"
"Melapanaiyur","622420","Pudukottai","Pudukottai","Tamil Nadu"
"Melapuliyur","627811","Tirunelveli","Tirunelveli","Tamil Nadu"
"Melaseval","627452","Tirunelveli","Tirunelveli","Tamil Nadu"
"Melasirupodu","623716","Ramanathapuram","Ramanathapuram","Tamil Nadu"
"Melasivapuri","622403","Pudukottai","Pudukottai","Tamil Nadu"
"Melathanjair","622056","Pudukottai","Pudukottai","Tamil Nadu"
"Melatiruchendur","628222","Tirunelveli","Tirunelveli","Tamil Nadu"
"Melattur","614301","Thanjavur","Melattur","Tamil Nadu"
"Melaulur","614904","Thanjavur","Thanjavur","Tamil Nadu"
"Melautoor","628153","Tirunelveli","Tirunelveli","Tamil Nadu"
"Melavaluvu","625105","Madurai","Madurai","Tamil Nadu"
"Melchengam","606711","Vellore","Vellore","Tamil Nadu"
"Melkavanur","632207","Vellore","Vellore","Tamil Nadu"
"Melmalaiyanur","604204","Vellore","Vellore","Tamil Nadu"
"Melmayil","632203","Vellore","Vellore","Tamil Nadu"
"Melnallathur","602004","Tiruvallur","Tiruvallur","Tamil Nadu"
"Melolakkur","604203","Viluppuram","Viluppuram","Tamil Nadu"
"Melpallipattu","606703","Vellore","Vellore","Tamil Nadu"
"Melpattambakkam","607104","Vellore","Vellore","Tamil Nadu"
"Melpattamkarisalkulam","626147","Virudhunagar","Virudhunagar","Tamil Nadu"
"Melsishamangalam","632323","Vellore","Vellore","Tamil Nadu"
"Melur Courts","625106","Madurai","Madurai","Tamil Nadu"
"Melur East","625106","Madurai","Madurai","Tamil Nadu"
"Melur H O","625106","Madurai","Madurai","Tamil Nadu"
"Melur Nilgiris","643221","The Nilgiri","Uthagamandalam","Tamil Nadu"
"Melur South","625106","Madurai","Madurai","Tamil Nadu"
"Melur Tuticorin","628002","Tirunelveli","Tirunelveli","Tamil Nadu"
"Melvanakkambadi","606713","Vellore","Vellore","Tamil Nadu"
"Melvishram","632509","Vellore","Vellore","Tamil Nadu"
"Menisi","636904","Dharmapuri","Dharmapuri","Tamil Nadu"
"Messalur","626058","Virudhunagar","Virudhunagar","Tamil Nadu"
"Methukadai","629175","Kanyakumari","Kanyakumari","Tamil Nadu"
"Mettu Street","636001","Salem","Salem","Tamil Nadu"
"Mettupalayam","600033","Chennai","Mettupalayam","Tamil Nadu"
"Mettupalayam","642147","Coimbatore","Coimbatore","Tamil Nadu"
"Mettupalayam Bazaar","641301","Coimbatore","Coimbatore","Tamil Nadu"
"Mettupalayam East","641301","Coimbatore","Coimbatore","Tamil Nadu"
"Mettupalayam H O","641301","Coimbatore","Coimbatore","Tamil Nadu"
"Mettupalayam Trichy","621210","Tiruchirappalli","Mettupalayam","Tamil Nadu"
"Mettupatti Madurai","625502","Dindigul","Dindigul","Tamil Nadu"
"Mettur","627436","Tirunelveli","Mettur","Tamil Nadu"
"Mettur Dam H O","636401","Salem","Salem","Tamil Nadu"
"Mettur Dam North","636401","Salem","Salem","Tamil Nadu"
"Mettur Dam R S","636402","Salem","Salem","Tamil Nadu"
"Mettur Dam South","636401","Salem","Salem","Tamil Nadu"
"Meyyanur","636004","Salem","Salem","Tamil Nadu"
"Meyyur","603121","Tiruvallur","Tiruvallur","Tamil Nadu"
"Millerpuram","628003","Tirunelveli","Tirunelveli","Tamil Nadu"
"Mimisal","614621","Thanjavur","Thanjavur","Tamil Nadu"
"Minambakkam","600027","Chennai","Chennai","Tamil Nadu"
"Minambur","604205","Vellore","Vellore","Tamil Nadu"
"Minatchipuram","627001","Tirunelveli","Tirunelveli","Tamil Nadu"
"Minjur","601203","Tiruvallur","Minjur","Tamil Nadu"
"Minnal","632510","Vellore","Vellore","Tamil Nadu"
"Minnur","635807","Vellore","Vellore","Tamil Nadu"
"Minparai","642116","Coimbatore","Coimbatore","Tamil Nadu"
"Minsurutti","612903","Thanjavur","Thanjavur","Tamil Nadu"
"Mint Buildings","600001","Chennai","Chennai","Tamil Nadu"
"Mirankulam","628630","Tirunelveli","Tirunelveli","Tamil Nadu"
"Mitravayal","623110","Sivaganga","Sivaganga","Tamil Nadu"
"Modachur","638452","Madurai","Madurai","Tamil Nadu"
"Modaiyur","604212","Viluppuram","Viluppuram","Tamil Nadu"
"Modakurichi","638104","Madurai","Modakurichi","Tamil Nadu"
"Mohanur","637015","Salem","Mohanur","Tamil Nadu"
"Mohanur North","637015","Salem","Mohanur","Tamil Nadu"
"Mokshakulam","605105","Vellore","Vellore","Tamil Nadu"
"Monegar Choultry","600001","Chennai","Chennai","Tamil Nadu"
"Moolakadai","600060","Chennai","Chennai","Tamil Nadu"
"Moolapatti","639109","Madurai","Madurai","Tamil Nadu"
"Moongilthuraipattu","605702","Vellore","Vellore","Tamil Nadu"
"Moperipalayam","638802","Madurai","Madurai","Tamil Nadu"
"Moranam","632525","Vellore","Vellore","Tamil Nadu"
"Morappur","635305","Dharmapuri","Dharmapuri","Tamil Nadu"
"Mottankurichi","635312","Dharmapuri","Dharmapuri","Tamil Nadu"
"Mottom","629202","Kanyakumari","Kanyakumari","Tamil Nadu"
"Movilur-Mtu","614704","Thanjavur","Thanjavur","Tamil Nadu"
"Moyar Camp","643222","The Nilgiri","Uthagamandalam","Tamil Nadu"
"Mpt Staff Colony","600081","Chennai","Chennai","Tamil Nadu"
"Ms Accountant General","600018","Chennai","Chennai","Tamil Nadu"
"Ms Vivekanands College","600004","Chennai","Chennai","Tamil Nadu"
"Muckanamalaipatti","622103","Pudukottai","Pudukottai","Tamil Nadu"
"Mudalipatti","626172","Virudhunagar","Virudhunagar","Tamil Nadu"
"Mudalur","628702","Tirunelveli","Tirunelveli","Tamil Nadu"
"Mudikondan","609502","Thanjavur","Thanjavur","Tamil Nadu"
"Mudis","642117","Coimbatore","Coimbatore","Tamil Nadu"
"Mudittanendal","628102","Tirunelveli","Tirunelveli","Tamil Nadu"
"Mudukulathur","623704","Ramanathapuram","Mudukulathur","Tamil Nadu"
"Mudumalai","623704","Ramanathapuram","Ramanathapuram","Tamil Nadu"
"Muhavur","626111","Virudhunagar","Virudhunagar","Tamil Nadu"
"Mukhasaparur","606120","Vellore","Vellore","Tamil Nadu"
"Mukkani","628154","Tirunelveli","Tirunelveli","Tamil Nadu"
"Mukkudal","627601","Tirunelveli","Mukkudal","Tamil Nadu"
"Mukkulam Sathanur","614023","Thanjavur","Thanjavur","Tamil Nadu"
"Mukthambal Chatram","614625","Thanjavur","Thanjavur","Tamil Nadu"
"Mukundarayapuram","632405","Vellore","Vellore","Tamil Nadu"
"Mukuperi","628616","Tirunelveli","Tirunelveli","Tamil Nadu"
"Mulachel","629175","Kanyakumari","Kanyakumari","Tamil Nadu"
"Mulagumoodu","629167","Kanyakumari","Kanyakumari","Tamil Nadu"
"Mulakaripatti","627354","Tirunelveli","Tirunelveli","Tamil Nadu"
"Mulanur","638106","Madurai","Mulanur","Tamil Nadu"
"Mullikulam","627755","Virudhunagar","Virudhunagar","Tamil Nadu"
"Mullipallam","624207","Dindigul","Dindigul","Tamil Nadu"
"Mullipatti","626051","Virudhunagar","Virudhunagar","Tamil Nadu"
"Mullur-Salem","636203","Salem","Salem","Tamil Nadu"
"Munanjipatti","627355","Tirunelveli","Tirunelveli","Tamil Nadu"
"Mundiyambakkam","605601","Vellore","Vellore","Tamil Nadu"
"Munichalai Road","625009","Madurai","Madurai","Tamil Nadu"
"Munichiraj","629171","Kanyakumari","Kanyakumari","Tamil Nadu"
"Municipal Colony","625020","Madurai","Madurai","Tamil Nadu"
"Munjurupattu","632057","Vellore","Vellore","Tamil Nadu"
"Munnavalkollai","614407","Thanjavur","Thanjavur","Tamil Nadu"
"Munnirpallam","627356","Tirunelveli","Tirunelveli","Tamil Nadu"
"Munradaippu","627152","Tirunelveli","Tirunelveli","Tamil Nadu"
"Munugapattu","632322","Vellore","Vellore","Tamil Nadu"
"Muperipalayam","638802","Madurai","Madurai","Tamil Nadu"
"Muraiyur","624505","Sivaganga","Sivaganga","Tamil Nadu"
"Murappanad","627254","Tirunelveli","Tirunelveli","Tamil Nadu"
"Murarbad","606208","Vellore","Vellore","Tamil Nadu"
"Murli","628513","Tirunelveli","Tirunelveli","Tamil Nadu"
"Murugali Bazaar","642118","Coimbatore","Coimbatore","Tamil Nadu"
"Murugambakkam","603316","Tiruvallur","Tiruvallur","Tamil Nadu"
"Murugangudi","612202","Thanjavur","Thanjavur","Tamil Nadu"
"Murugankurichi","627002","Tirunelveli","Tirunelveli","Tamil Nadu"
"Murungaipatti","621020","Tiruchirappalli","Tiruchirappalli","Tamil Nadu"
"Musinagudi","643223","The Nilgiri","Uthagamandalam","Tamil Nadu"
"Musittakurichi","626195","Virudhunagar","Virudhunagar","Tamil Nadu"
"Mutharasanallur","620101","Tiruchirappalli","Tiruchirappalli","Tamil Nadu"
"Muthiahpuram","628005","Tirunelveli","Tirunelveli","Tamil Nadu"
"Muthialpet","600001","Chennai","Chennai","Tamil Nadu"
"Muthorai","643053","The Nilgiri","Uthagamandalam","Tamil Nadu"
"Muthugapatti","637405","Salem","Salem","Tamil Nadu"
"Muthugoundenpudur","641006","Coimbatore","Coimbatore","Tamil Nadu"
"Muthukrishnapuram","627759","Tirunelveli","Tirunelveli","Tamil Nadu"
"Muthunaickenpatti","636304","Salem","Salem","Tamil Nadu"
"Muthupattinam","623001","Sivaganga","Sivaganga","Tamil Nadu"
"Muthur","638105","Madurai","Muthur","Tamil Nadu"
"Muttupet-Town","614704","Thanjavur","Thanjavur","Tamil Nadu"
"Mutupet","614704","Thanjavur","Thanjavur","Tamil Nadu"
"Mylady","629403","Kanyakumari","Kanyakumari","Tamil Nadu"
"Mylopore","600004","Chennai","Chennai","Tamil Nadu"
"N G M College","642001","Coimbatore","Coimbatore","Tamil Nadu"
"N G O Colony Dindigul","624009","Dindigul","Dindigul","Tamil Nadu"
"N Panjampatti","624303","Dindigul","Dindigul","Tamil Nadu"
"N Pundupatti","637026","Salem","Salem","Tamil Nadu"
"Nachandupatti","622404","Pudukottai","Pudukottai","Tamil Nadu"
"Nachiapuram","623207","Sivaganga","Sivaganga","Tamil Nadu"
"Nachiarkoil","626150","Virudhunagar","Virudhunagar","Tamil Nadu"
"Nachiarkoil","612602","Thanjavur","Thanjavur","Tamil Nadu"
"Nachiarkuppam","635708","Dharmapuri","Dharmapuri","Tamil Nadu"
"Nachikulam","624227","Dindigul","Dindigul","Tamil Nadu"
"Nadambakkam","623403","Sivaganga","Sivaganga","Tamil Nadu"
"Nadandai","637206","Salem","Salem","Tamil Nadu"
"Nadimuthunagar","614602","Thanjavur","Thanjavur","Tamil Nadu"
"Nadukaveri","613101","Thanjavur","Thanjavur","Tamil Nadu"
"Naduvakalappal","614710","Thanjavur","Thanjavur","Tamil Nadu"
"Naduvakurichi","628663","Tirunelveli","Tirunelveli","Tamil Nadu"
"Naduvattam","643224","The Nilgiri","Naduvattam","Tamil Nadu"
"Naduvisipatli","627902","Tirunelveli","Tirunelveli","Tamil Nadu"
"Nagalapuram","621023","Tiruchirappalli","Tiruchirappalli","Tamil Nadu"
"Nagalapuram","627904","Tirunelveli","Tirunelveli","Tamil Nadu"
"Nagalnagar","624003","Dindigul","Dindigul","Tamil Nadu"
"Nagalur S A","606203","Vellore","Vellore","Tamil Nadu"
"Nagalur-Salem","636604","Salem","Salem","Tamil Nadu"
"Nagamalai","636815","Madurai","Madurai","Tamil Nadu"
"Naganallur","600061","Chennai","Chennai","Tamil Nadu"
"Naganallur South","600061","Chennai","Chennai","Tamil Nadu"
"Naganur","604213","Karur","Karur","Tamil Nadu"
"Nagapattinam Bazaar","611001","Nagapattinam","Nagapattinam","Tamil Nadu"
"Nagapattinam Beach","611001","Nagapattinam","Nagapattinam","Tamil Nadu"
"Nagapattinam City","611001","Nagapattinam","Nagapattinam","Tamil Nadu"
"Nagapattinam H O","611001","Nagapattinam","Nagapattinam","Tamil Nadu"
"Nagapattinam North","611001","Nagapattinam","Nagapattinam","Tamil Nadu"
"Nagapattinam Public Offic","611001","Nagapattinam","Nagapattinam","Tamil Nadu"
"Nagarasampatti","635204","Dharmapuri","Dharmapuri","Tamil Nadu"
"Nagercoil Bazaar","629001","Kanyakumari","Kanyakumari","Tamil Nadu"
"Nagercoil Collectorate","629001","Kanyakumari","Kanyakumari","Tamil Nadu"
"Nagercoil H O","629001","Kanyakumari","Kanyakumari","Tamil Nadu"
"Nagercoil Ind Estate","629002","Kanyakumari","Kanyakumari","Tamil Nadu"
"Nagercoil Ind Estate","629004","Kanyakumari","Kanyakumari","Tamil Nadu"
"Nagercoil Town","629001","Kanyakumari","Kanyakumari","Tamil Nadu"
"Nagercoil West","629001","Kanyakumari","Kanyakumari","Tamil Nadu"
"Nagore South","611002","Thanjavur","Thanjavur","Tamil Nadu"
"Nagore-Tnj","611002","Thanjavur","Thanjavur","Tamil Nadu"
"Nainaragaram","627820","Tirunelveli","Tirunelveli","Tamil Nadu"
"Nainarkoil","623705","Tirunelveli","Tirunelveli","Tamil Nadu"
"Nainarpalayam","606301","Vellore","Vellore","Tamil Nadu"
"Nakkalalem","621118","Tiruchirappalli","Tiruchirappalli","Tamil Nadu"
"Nalladai","609306","Thanjavur","Thanjavur","Tamil Nadu"
"Nallamanaickenpatti","626175","Virudhunagar","Virudhunagar","Tamil Nadu"
"Nallampalli","636807","Salem","Salem","Tamil Nadu"
"Nallanpillaipetral","604152","Vellore","Vellore","Tamil Nadu"
"Nallatinputhur","627716","Tirunelveli","Tirunelveli","Tamil Nadu"
"Nallipalayam","637003","Salem","Salem","Tamil Nadu"
"Nallur","629165","Vellore","Nallur","Tamil Nadu"
"Nallur S A","606302","Vellore","Nallur","Tamil Nadu"
"Nallur Tenkasi","627853","Tirunelveli","Nallur","Tamil Nadu"
"Nalumavadi","628211","Tirunelveli","Tirunelveli","Tamil Nadu"
"Nalumukku","627427","Tirunelveli","Tirunelveli","Tamil Nadu"
"Namagiribettai","637406","Salem","Salem","Tamil Nadu"
"Namakkal Bazaar","637001","Salem","Salem","Tamil Nadu"
"Namakkal Fort","637001","Salem","Salem","Tamil Nadu"
"Namakkal H O","637001","Salem","Salem","Tamil Nadu"
"Namali","631051","Tiruvallur","Tiruvallur","Tamil Nadu"
"Namanasamudram","622053","Pudukottai","Pudukottai","Tamil Nadu"
"Nambinagar","627108","Tirunelveli","Tirunelveli","Tamil Nadu"
"Nambiyur","638458","Madurai","Nambiyur","Tamil Nadu"
"Nambuthalai","623403","Ramanathapuram","Ramanathapuram","Tamil Nadu"
"Nandanagar","641005","Coimbatore","Coimbatore","Tamil Nadu"
"Nandanam","600035","Chennai","Chennai","Tamil Nadu"
"Nandanam Bazaar","600035","Chennai","Chennai","Tamil Nadu"
"Nanganallur Bazaar","600061","Chennai","Chennai","Tamil Nadu"
"Nangavalli","636454","Salem","Nangavalli","Tamil Nadu"
"Nanguneri","627108","Tirunelveli","Nanguneri","Tamil Nadu"
"Nanjaipugalur","639144","Madurai","Madurai","Tamil Nadu"
"Nanjaithalaiyur","639204","Erode","Erode","Tamil Nadu"
"Nanjanad","643257","The Nilgiri","Uthagamandalam","Tamil Nadu"
"Nanjukondapuram","632324","Vellore","Vellore","Tamil Nadu"
"Nanjundapuram","641036","Coimbatore","Coimbatore","Tamil Nadu"
"Nannilam","610105","Thanjavur","Nannilam","Tamil Nadu"
"Nannilam Cutchery","610105","Thanjavur","Thanjavur","Tamil Nadu"
"Naraikinar","628303","Tirunelveli","Tirunelveli","Tamil Nadu"
"Naranapuram","626184","Virudhunagar","Naranapuram","Tamil Nadu"
"Naranmangalam","621126","Tiruchirappalli","Tiruchirappalli","Tamil Nadu"
"Narasimhanaickenpalyam","641031","Coimbatore","Coimbatore","Tamil Nadu"
"Narasingamettai","609802","Thanjavur","Thanjavur","Tamil Nadu"
"Narasingampatti","625112","Madurai","Madurai","Tamil Nadu"
"Narasingapuram","626579","Madurai","Narasingapuram","Tamil Nadu"
"Narasingapuram","636108","Salem","Narasingapuram","Tamil Nadu"
"Narayananagar","636001","Salem","Salem","Tamil Nadu"
"Narikalpatti","624618","Dindigul","Dindigul","Tamil Nadu"
"Narikudi","623607","Sivaganga","Sivaganga","Tamil Nadu"
"Narimedu","625002","Madurai","Madurai","Tamil Nadu"
"Naripaiyur","626162","Virudhunagar","Virudhunagar","Tamil Nadu"
"Nariyambattu","635819","Vellore","Vellore","Tamil Nadu"
"Narthamalai","622105","Pudukottai","Pudukottai","Tamil Nadu"
"Narthampoondi","606809","Vellore","Vellore","Tamil Nadu"
"Nasiyanur","638107","Madurai","Nasiyanur","Tamil Nadu"
"Natarajapuram","623555","Tiruchirappalli","Tiruchirappalli","Tamil Nadu"
"Natarajapuram","637001","Tiruchirappalli","Tiruchirappalli","Tamil Nadu"
"Nathakadayur","638108","Madurai","Madurai","Tamil Nadu"
"Natham","621229","Tiruchirappalli","Tiruchirappalli","Tamil Nadu"
"Natham Balasmudram","621127","Tiruchirappalli","Tiruchirappalli","Tamil Nadu"
"Natham-Cpt","603002","Tiruvallur","Tiruvallur","Tamil Nadu"
"Nathankinar","628220","Tirunelveli","Tirunelveli","Tamil Nadu"
"Nattalam","629195","Kanyakumari","Kanyakumari","Tamil Nadu"
"Nattam East","624401","Madurai","Madurai","Tamil Nadu"
"Nattam-Madurai","624401","Madurai","Madurai","Tamil Nadu"
"Nattampatti","626151","Virudhunagar","Virudhunagar","Tamil Nadu"
"Nattarasankottai","623556","Sivaganga","Nattarasankottai","Tamil Nadu"
"Nattuchalai","614906","Thanjavur","Thanjavur","Tamil Nadu"
"Navalpur","632402","Vellore","Vellore","Tamil Nadu"
"Navamalai Camp","642119","Coimbatore","Coimbatore","Tamil Nadu"
"Navapatti","636462","Salem","Salem","Tamil Nadu"
"Navinpatti","625113","Madurai","Madurai","Tamil Nadu"
"Nayudumangalam","606802","Vellore","Vellore","Tamil Nadu"
"Nazareth","628617","Tirunelveli","Tirunelveli","Tamil Nadu"
"Nazarethpettai","602103","Tiruvallur","Tiruvallur","Tamil Nadu"
"Nedugula","643265","The Nilgiri","Uthagamandalam","Tamil Nadu"
"Nedungadu","609603","Thanjavur","Thanjavur","Tamil Nadu"
"Nedungunam","606807","Vellore","Vellore","Tamil Nadu"
"Needle Industries","643243","The Nilgiri","Uthagamandalam","Tamil Nadu"
"Neelikonampalayam","641033","Coimbatore","Coimbatore","Tamil Nadu"
"Neeravikarisalkulam","626155","Virudhunagar","Virudhunagar","Tamil Nadu"
"Negamam","641120","Coimbatore","Coimbatore","Tamil Nadu"
"Negelkeni","600044","Chennai","Chennai","Tamil Nadu"
"Neivilai","628618","Tirunelveli","Tirunelveli","Tamil Nadu"
"Nellakattumseval","627768","Tirunelveli","Tirunelveli","Tamil Nadu"
"Nellakotta","643225","The Nilgiri","Uthagamandalam","Tamil Nadu"
"Nellikuppam","607105","Vellore","Nellikuppam","Tamil Nadu"
"Nellikuppam Bazaar","607105","Vellore","Vellore","Tamil Nadu"
"Nellithurai","641303","Coimbatore","Coimbatore","Tamil Nadu"
"Nelvoy","603115","Tiruvallur","Tiruvallur","Tamil Nadu"
"Nemeli","603114","Tiruvallur","Tiruvallur","Tamil Nadu"
"Nemthanpatti","623111","Sivaganga","Sivaganga","Tamil Nadu"
"Nenmeni","626202","Virudhunagar","Virudhunagar","Tamil Nadu"
"Neravy","609604","Thanjavur","Thanjavur","Tamil Nadu"
"Nerkuppai","622405","Pudukottai","Nerkuppai","Tamil Nadu"
"Nesal","623321","Sivaganga","Sivaganga","Tamil Nadu"
"Nesamany Nagar","629001","Kanyakumari","Kanyakumari","Tamil Nadu"
"Nethimedu","636002","Salem","Salem","Tamil Nadu"
"Nettur","627854","Tirunelveli","Tirunelveli","Tamil Nadu"
"New Avadi Road","600010","Chennai","Avadi","Tamil Nadu"
"New Colony","628003","Tirunelveli","Tirunelveli","Tamil Nadu"
"New Hope","643226","The Nilgiri","Uthagamandalam","Tamil Nadu"
"New Town","643226","The Nilgiri","Uthagamandalam","Tamil Nadu"
"Neyveli","607802","Vellore","Neyveli","Tamil Nadu"
"Neyveli Block 1","607801","Vellore","Neyveli","Tamil Nadu"
"Neyveli Block 10","607801","Vellore","Neyveli","Tamil Nadu"
"Neyveli Block 19","607803","Vellore","Vellore","Tamil Nadu"
"Neyveli Block 24","607801","Vellore","Neyveli","Tamil Nadu"
"Neyveli Block 27","607803","Vellore","Vellore","Tamil Nadu"
"Neyveli Block 29","607807","Vellore","Vellore","Tamil Nadu"
"Neyveli Block 3","607801","Vellore","Neyveli","Tamil Nadu"
"Neyveli General Hospital","607803","Vellore","Vellore","Tamil Nadu"
"Neyveli R S","607802","Vellore","Neyveli","Tamil Nadu"
"Neyveli Thermal Bus Stand","607803","Vellore","Vellore","Tamil Nadu"
"Neyveli Town Ship","607801","Vellore","Neyveli","Tamil Nadu"
"Neyyoor","629802","Kanyakumari","Kanyakumari","Tamil Nadu"
"Neyyoor West","629803","Kanyakumari","Kanyakumari","Tamil Nadu"
"Nggo Colony Cbe","641022","Coimbatore","Coimbatore","Tamil Nadu"
"Nidamangalam","614404","Thanjavur","Thanjavur","Tamil Nadu"
"Nidur","609203","Thanjavur","Thanjavur","Tamil Nadu"
"Nihung","643247","The Nilgiri","Uthagamandalam","Tamil Nadu"
"Nilakottai","624208","Dindigul","Dindigul","Tamil Nadu"
"Nilakottai Bazaar","624208","Dindigul","Dindigul","Tamil Nadu"
"Nilambur","641065","Coimbatore","Coimbatore","Tamil Nadu"
"Niraihanallur","612506","Thanjavur","Thanjavur","Tamil Nadu"
"Nochikuppam Colony","600004","Chennai","Chennai","Tamil Nadu"
"Nonsuch","643238","The Nilgiri","Uthagamandalam","Tamil Nadu"
"North Thyagarayanagar","600017","Chennai","Chennai","Tamil Nadu"
"Nungambakkam","600034","Thiruvallur","Thiruvallur","Tamil Nadu"
"Nungambakkam Bazaar","600034","Chennai","Chennai","Tamil Nadu"
"Nungambakkam High Road","600034","Chennai","Chennai","Tamil Nadu"
"Nungavaram","639110","Madurai","Madurai","Tamil Nadu"
"Nunthala","643277","The Nilgiri","Uthagamandalam","Tamil Nadu"
"O Siruvayal","623208","Sivaganga","Sivaganga","Tamil Nadu"
"Ocheri","632531","Vellore","Vellore","Tamil Nadu"
"Odayakulam","642140","Coimbatore","Coimbatore","Tamil Nadu"
"Odayalipatti","622206","Pudukottai","Pudukottai","Tamil Nadu"
"Odayalur","612806","Thanjavur","Thanjavur","Tamil Nadu"
"Odayapatti","636140","Salem","Salem","Tamil Nadu"
"Oddanchatram","624619","Dindigul","Oddanchatram","Tamil Nadu"
"Oddanchatram North","624619","Dindigul","Oddanchatram","Tamil Nadu"
"Odiapatti","626540","Madurai","Madurai","Tamil Nadu"
"Odukkathur","632103","Vellore","Vellore","Tamil Nadu"
"Offiers Trg School","600037","Chennai","Chennai","Tamil Nadu"
"Okkanad Kilaiyur","614632","Thanjavur","Thanjavur","Tamil Nadu"
"Okkarai","621022","Tiruchirappalli","Tiruchirappalli","Tamil Nadu"
"Okkur","623557","Sivaganga","Sivaganga","Tamil Nadu"
"Okkur Perundamarai","622211","Pudukottai","Pudukottai","Tamil Nadu"
"Olagadam","638314","Madurai","Olagadam","Tamil Nadu"
"Olakkur","604305","Vellore","Vellore","Tamil Nadu"
"Old College Buildings","600006","Chennai","Chennai","Tamil Nadu"
"Old District Brd Building","632001","Vellore","Vellore","Tamil Nadu"
"Old Pallavaram","601303","Tiruvallur","Tiruvallur","Tamil Nadu"
"Old Town Vlr","632001","Vellore","Vellore","Tamil Nadu"
"Olugarai","605051","Vellore","Vellore","Tamil Nadu"
"Omalur","636455","Salem","Omalur","Tamil Nadu"
"Omalur Cutcherry","636455","Salem","Omalur","Tamil Nadu"
"Ondikadai","636602","Salem","Salem","Tamil Nadu"
"Ondipudur","641016","Coimbatore","Coimbatore","Tamil Nadu"
"Onnupuram","632315","Vellore","Vellore","Tamil Nadu"
"Oomangalam","607804","Vellore","Vellore","Tamil Nadu"
"Oomarabad","635808","Vellore","Vellore","Tamil Nadu"
"Oradance Estate","620016","Tiruchirappalli","Tiruchirappalli","Tamil Nadu"
"Oraiyur","607116","Vellore","Vellore","Tamil Nadu"
"Orakkatupettai","603106","Tiruvallur","Tiruvallur","Tamil Nadu"
"Orathanad","614625","Thanjavur","Thanjavur","Tamil Nadu"
"Orathi","603307","Tiruvallur","Tiruvallur","Tamil Nadu"
"Orathur","608201","Vellore","Vellore","Tamil Nadu"
"Orattanad South","614625","Thanjavur","Thanjavur","Tamil Nadu"
"Orgadam","600053","Chennai","Chennai","Tamil Nadu"
"Oriyur","623309","Sivaganga","Sivaganga","Tamil Nadu"
"Othakadai","625107","Madurai","Othakadai","Tamil Nadu"
"Othakalmandapam","641032","Coimbatore","Othakalmandapam","Tamil Nadu"
"Ottanatham","628302","Tirunelveli","Tirunelveli","Tamil Nadu"
"Ottangadu","614803","Thanjavur","Thanjavur","Tamil Nadu"
"Ottapidaram","628401","Tirunelveli","Tirunelveli","Tamil Nadu"
"Ottupattarai","643105","The Nilgiri","Uthagamandalam","Tamil Nadu"
"Ozhalur","603120","Tiruvallur","Tiruvallur","Tamil Nadu"
"Ozhugur","632522","Vellore","Vellore","Tamil Nadu"
"Pachal","637023","Salem","Salem","Tamil Nadu"
"Pachayankuppam","607051","Vellore","Vellore","Tamil Nadu"
"Pachur","635854","Vellore","Vellore","Tamil Nadu"
"Pacode","629168","Kanyakumari","Pacode","Tamil Nadu"
"Padaiveedu","637306","Salem","Padaiveedu","Tamil Nadu"
"Padalam","603308","Tiruvallur","Tiruvallur","Tamil Nadu"
"Padalur","621109","Tiruchirappalli","Tiruchirappalli","Tamil Nadu"
"Padanthorai","643251","The Nilgiri","Uthagamandalam","Tamil Nadu"
"Padanur","641023","Coimbatore","Coimbatore","Tamil Nadu"
"Padappai","601301","Tiruvallur","Tiruvallur","Tamil Nadu"
"Padi","600050","Vellore","Vellore","Tamil Nadu"
"Padi South","600050","Chennai","Chennai","Tamil Nadu"
"Padianallur","600052","Chennai","Padianallur","Tamil Nadu"
"Padithurai","625001","Madurai","Madurai","Tamil Nadu"
"Padiyur","624052","Dindigul","Dindigul","Tamil Nadu"
"Padmanabhamangalam","628619","Tirunelveli","Tirunelveli","Tamil Nadu"
"Padmanabhapuram","629175","Kanyakumari","Padmanabhapuram","Tamil Nadu"
"Padmininagar","605012","Vellore","Vellore","Tamil Nadu"
"Padukapattu","628703","Tirunelveli","Tirunelveli","Tamil Nadu"
"Padur","606115","Vellore","Vellore","Tamil Nadu"
"Pagalavadi","621014","Tiruchirappalli","Tiruchirappalli","Tamil Nadu"
"Paganeri","623558","Sivaganga","Sivaganga","Tamil Nadu"
"Pagasalai","609120","Nagapattinam","Nagapattinam","Tamil Nadu"
"Painganadu","614020","Thanjavur","Thanjavur","Tamil Nadu"
"Painkulam","629188","Kanyakumari","Kanyakumari","Tamil Nadu"
"Pakkirthakka","635853","Vellore","Vellore","Tamil Nadu"
"Palacode","636808","Salem","Salem","Tamil Nadu"
"Palaiyur","612203","Thanjavur","Thanjavur","Tamil Nadu"
"Palakkanuthu","624624","Dindigul","Dindigul","Tamil Nadu"
"Palakudi","612109","Thanjavur","Thanjavur","Tamil Nadu"
"Palalpatti","637017","Salem","Salem","Tamil Nadu"
"Palamathi","632051","Vellore","Vellore","Tamil Nadu"
"Palanganatham","625003","Madurai","Madurai","Tamil Nadu"
"Palani Adviaram","624601","Dindigul","Dindigul","Tamil Nadu"
"Palani Bazaar","624601","Dindigul","Dindigul","Tamil Nadu"
"Palani Devasthanam","624601","Dindigul","Dindigul","Tamil Nadu"
"Palani East","624601","Dindigul","Dindigul","Tamil Nadu"
"Palani H O","624601","Dindigul","Dindigul","Tamil Nadu"
"Palani North","624601","Dindigul","Dindigul","Tamil Nadu"
"Palani R S","625602","Madurai","Madurai","Tamil Nadu"
"Palani West","624601","Dindigul","Dindigul","Tamil Nadu"
"Palanichettipatti","626553","Madurai","Madurai","Tamil Nadu"
"Palapallam","629159","Kanyakumari","Kanyakumari","Tamil Nadu"
"Palavakkam","602028","Tiruvallur","Palavakkam","Tamil Nadu"
"Palavanatham","626004","Virudhunagar","Virudhunagar","Tamil Nadu"
"Palavoor","627121","Tirunelveli","Tirunelveli","Tamil Nadu"
"Palayam","638312","Madurai","Madurai","Tamil Nadu"
"Palayamkottai S A","608701","Vellore","Vellore","Tamil Nadu"
"Palayam-Palani","624620","Dindigul","Palayam","Tamil Nadu"
"Palayampatti","626112","Virudhunagar","Virudhunagar","Tamil Nadu"
"Palayankottai H O","627002","Tirunelveli","Tirunelveli","Tamil Nadu"
"Palayankottai Kori","627002","Tirunelveli","Tirunelveli","Tamil Nadu"
"Palayankottai Vadakku","627002","Tirunelveli","Tirunelveli","Tamil Nadu"
"Palayapalayam","609130","Nagapattinam","Nagapattinam","Tamil Nadu"
"Palayaseevaram","631606","Tiruvallur","Tiruvallur","Tamil Nadu"
"Palkalainagar","625021","Madurai","Madurai","Tamil Nadu"
"Palladam","638664","Madurai","Palladam","Tamil Nadu"
"Pallagachery","666213","The Nilgiri","Uthagamandalam","Tamil Nadu"
"Pallapatti","624233","Karur","Pallapatti","Tamil Nadu"
"Pallapatti","625117","Karur","Pallapatti","Tamil Nadu"
"Pallapatti Bazaar","639207","Madurai","Pallapatti","Tamil Nadu"
"Pallapatti Karur","639205","Madurai","Pallapatti","Tamil Nadu"
"Pallapatti Salem","636009","Salem","Pallapatti","Tamil Nadu"
"Pallathur","623107","Sivaganga","Pallathur","Tamil Nadu"
"Pallavaram","600043","Chennai","Chennai","Tamil Nadu"
"Pallavaram North","600043","Chennai","Chennai","Tamil Nadu"
"Pallavaram South","600043","Chennai","Chennai","Tamil Nadu"
"Pallavarampatti","622314","Pudukottai","Pudukottai","Tamil Nadu"
"Palliagraharam","613053","Thanjavur","Thanjavur","Tamil Nadu"
"Pallikalipalayam","638665","Madurai","Madurai","Tamil Nadu"
"Pallikonda","635809","Dharmapuri","Pallikonda","Tamil Nadu"
"Pallineliyanur","605107","Vellore","Vellore","Tamil Nadu"
"Pallipat","631207","Tiruvallur","Tiruvallur","Tamil Nadu"
"Pallipat Bazaar","631207","Tiruvallur","Tiruvallur","Tamil Nadu"
"Pallipattu","628226","Sivaganga","Pallipattu","Tamil Nadu"
"Palliyadi","629169","Kanyakumari","Kanyakumari","Tamil Nadu"
"Palukal","629170","Kanyakumari","Kanyakumari","Tamil Nadu"
"Palur","603118","Kancheepuram","Kancheepuram","Tamil Nadu"
"Palur","607113","Kancheepuram","Kancheepuram","Tamil Nadu"
"Palvanthangal","600061","Chennai","Chennai","Tamil Nadu"
"Pamani","614014","Thanjavur","Thanjavur","Tamil Nadu"
"Pamani","614014","Thanjavur","Thanjavur","Tamil Nadu"
"Pambakovil Shandy","627863","Tirunelveli","Tirunelveli","Tamil Nadu"
"Pamban","623521","Ramanathapuram","Ramanathapuram","Tamil Nadu"
"Pambarpuram","624010","Dindigul","Dindigul","Tamil Nadu"
"Pambur","623706","Ramanathapuram","Ramanathapuram","Tamil Nadu"
"Pammal","600075","Chennai","Pammal","Tamil Nadu"
"Panagal Park","600017","Chennai","Chennai","Tamil Nadu"
"Panagudi","627109","Tirunelveli","Panagudi","Tamil Nadu"
"Panaikulam","623522","Ramanathapuram","Ramanathapuram","Tamil Nadu"
"Panaiyur","627761","Tirunelveli","Tirunelveli","Tamil Nadu"
"Panamarathupatti","636204","Salem","Salem","Tamil Nadu"
"Panankulam","627154","Tirunelveli","Tirunelveli","Tamil Nadu"
"Panapakkam","631052","Vellore","Panapakkam","Tamil Nadu"
"Panavadalichatram","627956","Tirunelveli","Tirunelveli","Tamil Nadu"
"Panayadipatti","626212","Virudhunagar","Virudhunagar","Tamil Nadu"
"Panayapatti","622406","Pudukottai","Pudukottai","Tamil Nadu"
"Panchaperumalpatti","621015","Tiruchirappalli","Tiruchirappalli","Tamil Nadu"
"Panchiappas College Hoste","600030","Chennai","Chennai","Tamil Nadu"
"Pandalam","606402","Vellore","Vellore","Tamil Nadu"
"Pandalur","643233","The Nilgiri","Uthagamandalam","Tamil Nadu"
"Pandanallur","609807","Thanjavur","Thanjavur","Tamil Nadu"
"Pandaravadai","614204","Thanjavur","Thanjavur","Tamil Nadu"
"Pandianagar","624007","Dindigul","Dindigul","Tamil Nadu"
"Pandiarajapuram","624209","Dindigul","Dindigul","Tamil Nadu"
"Pandugudi","623404","Sivaganga","Sivaganga","Tamil Nadu"
"Panickanadar","623404","Sivaganga","Sivaganga","Tamil Nadu"
"Panickanadar","623404","Sivaganga","Sivaganga","Tamil Nadu"
"Paniyandapalli","635656","Sivaganga","Sivaganga","Tamil Nadu"
"Panjapalli","636812","Dharmapuri","Dharmapuri","Tamil Nadu"
"Panjapatti","639119","Madurai","Madurai","Tamil Nadu"
"Pannadam R S","606111","Vellore","Vellore","Tamil Nadu"
"Pannaikadu","624210","Dindigul","Pannaikadu","Tamil Nadu"
"Pannaipuram","626524","Madurai","Pannaipuram","Tamil Nadu"
"Pannaivilai","628751","Tirunelveli","Tirunelveli","Tamil Nadu"
"Pannaiyur","627761","Tirunelveli","Tirunelveli","Tamil Nadu"
"Pannandur","635123","Dharmapuri","Dharmapuri","Tamil Nadu"
"Pannapatti","636305","Karur","Karur","Tamil Nadu"
"Pannimade","642131","Coimbatore","Coimbatore","Tamil Nadu"
"Pannur","602108","Tiruvallur","Tiruvallur","Tamil Nadu"
"Panruti","607106","Vellore","Panruti","Tamil Nadu"
"Panruti Bazar","607106","Vellore","Panruti","Tamil Nadu"
"Panruti East","607106","Vellore","Panruti","Tamil Nadu"
"Panruti West","607106","Vellore","Panruti","Tamil Nadu"
"Panthadi Street","625001","Madurai","Madurai","Tamil Nadu"
"Panthalkudi","626113","Virudhunagar","Virudhunagar","Tamil Nadu"
"Papagudi","627602","Tirunelveli","Tirunelveli","Tamil Nadu"
"Papanasam Bazar","614205","Thanjavur","Thanjavur","Tamil Nadu"
"Papanasam H O","614205","Thanjavur","Thanjavur","Tamil Nadu"
"Papanasam North","614205","Thanjavur","Thanjavur","Tamil Nadu"
"Papanasam Project","627551","Tirunelveli","Tirunelveli","Tamil Nadu"
"Papanasam Public Offices","614205","Thanjavur","Thanjavur","Tamil Nadu"
"Papanasam Pykara Colony","627551","Tirunelveli","Tirunelveli","Tamil Nadu"
"Papavinasam Mills","627422","Tirunelveli","Tirunelveli","Tamil Nadu"
"Pappakurichi Kattur","620019","Tiruchirappalli","Tiruchirappalli","Tamil Nadu"
"Pappampatti","624621","Dindigul","Dindigul","Tamil Nadu"
"Pappanad","614626","Thanjavur","Thanjavur","Tamil Nadu"
"Pappanaickenpalayam","641037","Coimbatore","Coimbatore","Tamil Nadu"
"Pappanaickenpalayam West","641037","Coimbatore","Coimbatore","Tamil Nadu"
"Pappanaickenpudur","641041","Coimbatore","Coimbatore","Tamil Nadu"
"Pappankulam","627432","Tirunelveli","Tirunelveli","Tamil Nadu"
"Pappireddipatti","636905","Dharmapuri","Pappireddipatti","Tamil Nadu"
"Paradarami","632603","Vellore","Vellore","Tamil Nadu"
"Parakkai","629601","Kanyakumari","Kanyakumari","Tamil Nadu"
"Paralachi","626114","Virudhunagar","Virudhunagar","Tamil Nadu"
"Paramakudi Bazar","623707","Ramanathapuram","Ramanathapuram","Tamil Nadu"
"Paramakudi H O","623707","Ramanathapuram","Ramanathapuram","Tamil Nadu"
"Paramakudi R S","623707","Ramanathapuram","Ramanathapuram","Tamil Nadu"
"Paramandal","606710","Vellore","Vellore","Tamil Nadu"
"Paramankurichi","628213","Tirunelveli","Tirunelveli","Tamil Nadu"
"Paramathi","639111","Madurai","Paramathi","Tamil Nadu"
"Paramathi","637207","Salem","Salem","Tamil Nadu"
"Parangipettai","608502","Vellore","Parangipettai","Tamil Nadu"
"Parappadi","627110","Tirunelveli","Tirunelveli","Tamil Nadu"
"Paravachary","611108","Thanjavur","Thanjavur","Tamil Nadu"
"Paravai","625404","Madurai","Paravai","Tamil Nadu"
"Paravakottai","614015","Thanjavur","Thanjavur","Tamil Nadu"
"Parivallikottai","627717","Tirunelveli","Tirunelveli","Tamil Nadu"
"Pariyur Vellapalayam","638469","Madurai","Madurai","Tamil Nadu"
"Park Town","600003","Chennai","Chennai","Tamil Nadu"
"Parli Power House","641112","Coimbatore","Coimbatore","Tamil Nadu"
"Parthasarathy Koil","600005","Chennai","Chennai","Tamil Nadu"
"Parthibanur","623608","Sivaganga","Sivaganga","Tamil Nadu"
"Pasteur Institute","643103","The Nilgiri","Uthagamandalam","Tamil Nadu"
"Pasumalai","625004","Madurai","Madurai","Tamil Nadu"
"Pasupathikoil","614206","Thanjavur","Thanjavur","Tamil Nadu"
"Pasupathipalayam","639004","Madurai","Madurai","Tamil Nadu"
"Pasur","638154","Madurai","Pasur","Tamil Nadu"
"Pasuvanthanai","627718","Tirunelveli","Tirunelveli","Tamil Nadu"
"Patemangaram","628620","Tirunelveli","Tirunelveli","Tamil Nadu"
"Pattabiram","600072","Chennai","Chennai","Tamil Nadu"
"Pattabiram East","600072","Chennai","Chennai","Tamil Nadu"
"Pattakarai","628628","Tirunelveli","Tirunelveli","Tamil Nadu"
"Pattamangalam R","623310","Sivaganga","Sivaganga","Tamil Nadu"
"Pattamangulam","609001","Thanjavur","Thanjavur","Tamil Nadu"
"Pattambudur","626052","Virudhunagar","Virudhunagar","Tamil Nadu"
"Pattanam","637413","Vellore","Vellore","Tamil Nadu"
"Patteeswaram","612703","Thanjavur","Thanjavur","Tamil Nadu"
"Pattiveerampatti","624211","Dindigul","Dindigul","Tamil Nadu"
"Pattukottai","614638","Thanjavur","Thanjavur","Tamil Nadu"
"Pattukottai Bazar","614601","Thanjavur","Thanjavur","Tamil Nadu"
"Pattukottai H O","614601","Thanjavur","Thanjavur","Tamil Nadu"
"Pattukottai West","614601","Thanjavur","Thanjavur","Tamil Nadu"
"Pattumadai","627453","Tirunelveli","Tirunelveli","Tamil Nadu"
"Pattunoolchatram","602105","Tiruvallur","Tiruvallur","Tamil Nadu"
"Pattur","625127","Madurai","Madurai","Tamil Nadu"
"Paundamangalam","637208","Salem","Salem","Tamil Nadu"
"Pauparapatti","636809","Dharmapuri","Dharmapuri","Tamil Nadu"
"Pavitram","606806","Vellore","Vellore","Tamil Nadu"
"Pavunjur","603312","Tiruvallur","Tiruvallur","Tamil Nadu"
"Pazhayakayal","628152","Tirunelveli","Tirunelveli","Tamil Nadu"
"Peddanadarpatti","627819","Tirunelveli","Tirunelveli","Tamil Nadu"
"Peddappampatti","638205","Madurai","Madurai","Tamil Nadu"
"Peelamedu","641004","Coimbatore","Coimbatore","Tamil Nadu"
"Peelamedu East","641004","Coimbatore","Coimbatore","Tamil Nadu"
"Peerkalaikadu","623109","Sivaganga","Sivaganga","Tamil Nadu"
"Pegumbahalla Camp","643235","The Nilgiri","Uthagamandalam","Tamil Nadu"
"Pennadam","606105","Vellore","Pennadam","Tamil Nadu"
"Pennagar","632518","Viluppuram","Viluppuram","Tamil Nadu"
"Pennagaram","636810","Dharmapuri","Pennagaram","Tamil Nadu"
"Pennalurpet","602022","Tiruvallur","Tiruvallur","Tamil Nadu"
"Pennathur","632011","Vellore","Pennathur","Tamil Nadu"
"Pennington Market","626125","Virudhunagar","Virudhunagar","Tamil Nadu"
"Peraiyur","614027","Thanjavur","Peraiyur","Tamil Nadu"
"Peraiyur Ramnad","623708","Ramanathapuram","Peraiyur","Tamil Nadu"
"Peralam","609405","Thanjavur","Peralam","Tamil Nadu"
"Peramanur","636007","Salem","Salem","Tamil Nadu"
"Perambakkam","631402","Kancheepuram","Kancheepuram","Tamil Nadu"
"Perambalur","621212","Tiruchirappalli","Perambalur","Tamil Nadu"
"Perambur","600011","Chennai","Chennai","Tamil Nadu"
"Perambur","635810","Vellore","Vellore","Tamil Nadu"
"Perambur","622107","Pudukottai","Pudukottai","Tamil Nadu"
"Perambur Barracks","600012","Chennai","Chennai","Tamil Nadu"
"Perambur High Road","600012","Chennai","Chennai","Tamil Nadu"
"Perambur Mayiladuthurai","609406","Thanjavur","Thanjavur","Tamil Nadu"
"Perambur North","600011","Chennai","Chennai","Tamil Nadu"
"Peramburnidamangalam","614406","Thanjavur","Thanjavur","Tamil Nadu"
"Perandapalli","635137","Dharmapuri","Dharmapuri","Tamil Nadu"
"Perangiyur","607107","Viluppuram","Viluppuram","Tamil Nadu"
"Peravurni","614804","Thanjavur","Thanjavur","Tamil Nadu"
"Peravurni Bazaar","614804","Thanjavur","Thanjavur","Tamil Nadu"
"Peria Agraharam","638005","Madurai","Madurai","Tamil Nadu"
"Peria Manali","637418","Salem","Salem","Tamil Nadu"
"Peria Thatchur","605651","Vellore","Vellore","Tamil Nadu"
"Periakulam","626523","Madurai","Madurai","Tamil Nadu"
"Perianaickenpalayam","641020","Coimbatore","Coimbatore","Tamil Nadu"
"Periapodu","642149","Coimbatore","Coimbatore","Tamil Nadu"
"Periapoliam","601102","Tiruvallur","Tiruvallur","Tamil Nadu"
"Periapuliyur","638470","Madurai","Madurai","Tamil Nadu"
"Periashola","643255","The Nilgiri","Uthagamandalam","Tamil Nadu"
"Periathallapadi","635309","Dharmapuri","Dharmapuri","Tamil Nadu"
"Perichipalayam","624626","Dindigul","Dindigul","Tamil Nadu"
"Perilovanpatti","627911","Tirunelveli","Tirunelveli","Tamil Nadu"
"Perimagalur","614612","Thanjavur","Thanjavur","Tamil Nadu"
"Periuakarai","623311","Sivaganga","Sivaganga","Tamil Nadu"
"Periyakottai","624317","Dindigul","Dindigul","Tamil Nadu"
"Periyakottai","623559","Sivaganga","Sivaganga","Tamil Nadu"
"Periyakulam","626534","Madurai","Periyakulam","Tamil Nadu"
"Periyakulam East","626501","Madurai","Madurai","Tamil Nadu"
"Periyakulam H O","626501","Madurai","Madurai","Tamil Nadu"
"Periyakulam Public Office","626501","Madurai","Madurai","Tamil Nadu"
"Periyanahalli","635205","Dharmapuri","Dharmapuri","Tamil Nadu"
"Periyar","638001","Madurai","Madurai","Tamil Nadu"
"Periyar","638129","Madurai","Madurai","Tamil Nadu"
"Periyar","638319","Madurai","Madurai","Tamil Nadu"
"Periyar","639210","Madurai","Madurai","Tamil Nadu"
"Periyar","639212","Madurai","Madurai","Tamil Nadu"
"Periyar Project","626525","Madurai","Madurai","Tamil Nadu"
"Pernamallur","604503","Vellore","Vellore","Tamil Nadu"
"Peroua Thalai","628705","Tirunelveli","Tirunelveli","Tamil Nadu"
"Perperiyankuppam","607805","Vellore","Vellore","Tamil Nadu"
"Perumal Teppakulam","625001","Madurai","Madurai","Tamil Nadu"
"Perumalkovilpatti","624315","Dindigul","Dindigul","Tamil Nadu"
"Perumalmalai","624108","Dindigul","Dindigul","Tamil Nadu"
"Perumalpalayam","621016","Tiruchirappalli","Tiruchirappalli","Tamil Nadu"
"Perumalpurm","627007","Tirunelveli","Tirunelveli","Tamil Nadu"
"Perumanallur","638666","Madurai","Madurai","Tamil Nadu"
"Perumanallur Road","641602","Coimbatore","Coimbatore","Tamil Nadu"
"Perumanallur Road","638602","Madurai","Madurai","Tamil Nadu"
"Perumapattu","635709","Dharmapuri","Dharmapuri","Tamil Nadu"
"Perumarudur","614644","Thanjavur","Thanjavur","Tamil Nadu"
"Perumbalai","636811","Dharmapuri","Dharmapuri","Tamil Nadu"
"Perumbarai","624212","Dindigul","Dindigul","Tamil Nadu"
"Perumbattur","627769","Tirunelveli","Tirunelveli","Tamil Nadu"
"Perumbedu","601210","Kancheepuram","Kancheepuram","Tamil Nadu"
"Perumugai","632054","Vellore","Vellore","Tamil Nadu"
"Perunagar","603404","Tiruvallur","Tiruvallur","Tamil Nadu"
"Perunali","626115","Virudhunagar","Virudhunagar","Tamil Nadu"
"Perundunilayam","627702","Tirunelveli","Tirunelveli","Tamil Nadu"
"Perundurai","638052","Madurai","Perundurai","Tamil Nadu"
"Perundurai West","638052","Madurai","Perundurai","Tamil Nadu"
"Perungalur","622203","Cuddalore","Cuddalore","Tamil Nadu"
"Perungottur","627766","Tirunelveli","Tirunelveli","Tamil Nadu"
"Perungudi","600096","Chennai","Perungudi","Tamil Nadu"
"Perungulam","623536","Ramanathapuram","Perungulam","Tamil Nadu"
"Perungulam","628752","Tirunelveli","Perungulam","Tamil Nadu"
"Perur","641010","Cuddalore","Perur","Tamil Nadu"
"Peruvazhandan","614705","Thanjavur","Thanjavur","Tamil Nadu"
"Peryakulambazaar","626501","Madurai","Madurai","Tamil Nadu"
"Pethanmickenpalayam","636109","Salem","Salem","Tamil Nadu"
"Pettaikulam","628654","Tirunelveli","Tirunelveli","Tamil Nadu"
"Pettaivaithalai","639112","Madurai","Madurai","Tamil Nadu"
"Peyanvilai","628223","Tirunelveli","Tirunelveli","Tamil Nadu"
"Pichanur Gudiyattam","632601","Vellore","Vellore","Tamil Nadu"
"Pillayaranatham","627910","Tirunelveli","Tirunelveli","Tamil Nadu"
"Pillayarkulam","626137","Virudhunagar","Virudhunagar","Tamil Nadu"
"Pillayarpalayam","631501","Tiruvallur","Tiruvallur","Tamil Nadu"
"Pillithannerpandal","622001","Pudukottai","Pudukottai","Tamil Nadu"
"Pillur Dam","641106","Coimbatore","Coimbatore","Tamil Nadu"
"Pinnaiyur","614913","Thanjavur","Thanjavur","Tamil Nadu"
"Pinnalur","608704","Cuddalore","Cuddalore","Tamil Nadu"
"Pinnathurai","632110","Vellore","Vellore","Tamil Nadu"
"Pitchaiamman","625001","Madurai","Madurai","Tamil Nadu"
"Pochampalli","635206","Dharmapuri","Dharmapuri","Tamil Nadu"
"Podakudi","614103","Thanjavur","Thanjavur","Tamil Nadu"
"Podanur New Town","641023","Coimbatore","Coimbatore","Tamil Nadu"
"Podaturpet","631203","Tiruvallur","Tiruvallur","Tamil Nadu"
"Podukottai","622001","Pudukottai","Pudukottai","Tamil Nadu"
"Podukudu","627435","Tirunelveli","Tirunelveli","Tamil Nadu"
"Poduvayal","623108","Sivaganga","Sivaganga","Tamil Nadu"
"Pogalur","638697","Madurai","Madurai","Tamil Nadu"
"Polachi R S","642001","Coimbatore","Pollachi","Tamil Nadu"
"Polambakkam","603309","Kancheepuram","Kancheepuram","Tamil Nadu"
"Polayarpuram","628661","Tirunelveli","Tirunelveli","Tamil Nadu"
"Polenaickenpettai","628002","Tirunelveli","Tirunelveli","Tamil Nadu"
"Police Head Quarters","600004","Chennai","Chennai","Tamil Nadu"
"Polichalur","600074","Chennai","Polichalur","Tamil Nadu"
"Polivakkam","602030","Thiruvallur","Thiruvallur","Tamil Nadu"
"Pollachi","642146","Coimbatore","Pollachi","Tamil Nadu"
"Pollachi Bazaar","642001","Coimbatore","Pollachi","Tamil Nadu"
"Pollachi H O","642001","Coimbatore","Coimbatore","Tamil Nadu"
"Polur","606803","Vellore","Vellore","Tamil Nadu"
"Polur","606803","Tiruvannamalai","Polur","Tamil Nadu"
"Polur Town","606803","Vellore","Vellore","Tamil Nadu"
"Polur Town","606803","Tiruvannamalai","Tiruvannamalai","Tamil Nadu"
"Pombur","605655","Viluppuram","Viluppuram","Tamil Nadu"
"Ponavasal","613207","Thanjavur","Thanjavur","Tamil Nadu"
"Ponbethi","614629","Thanjavur","Thanjavur","Tamil Nadu"
"Pongalur","638667","Madurai","Madurai","Tamil Nadu"
"Ponmana","629182","Kanyakumari","Kanyakumari","Tamil Nadu"
"Ponnagar","620001","Vellore","Vellore","Tamil Nadu"
"Ponnagaram","625010","Madurai","Madurai","Tamil Nadu"
"Ponnai","632514","Vellore","Vellore","Tamil Nadu"
"Ponnaiya Rajapuram","641001","Coimbatore","Coimbatore","Tamil Nadu"
"Ponnamapettai","636001","Salem","Salem","Tamil Nadu"
"Ponnamaravath","622407","Pudukottai","Pudukottai","Tamil Nadu"
"Ponnanviduthi","622307","Pudukottai","Pudukottai","Tamil Nadu"
"Ponneri","601204","Tiruvallur","Ponneri","Tamil Nadu"
"Ponneri Public Offices","601204","Tiruvallur","Ponneri","Tamil Nadu"
"Ponniah School Building","620001","Tiruchirappalli","Tiruchirappalli","Tamil Nadu"
"Ponniammanmedu","600110","Chennai","Chennai","Tamil Nadu"
"Ponnirai","610203","Thanjavur","Thanjavur","Tamil Nadu"
"Ponnur","604414","Vellore","Vellore","Tamil Nadu"
"Ponpadi R S","631213","Tiruvallur","Tiruvallur","Tamil Nadu"
"Ponparappi","621710","Ariyalur","Ariyalur","Tamil Nadu"
"Ponvilianhakalathur","603405","Tiruvallur","Tiruvallur","Tamil Nadu"
"Poolambadi","621110","Tiruchirappalli","Poolambadi","Tamil Nadu"
"Poolampatti","637107","Salem","Poolampatti","Tamil Nadu"
"Poonaikuthikadu","614814","Thanjavur","Thanjavur","Tamil Nadu"
"Poonamallee","600056","Chennai","Poonamallee","Tamil Nadu"
"Poonamallee East","600056","Chennai","Poonamallee","Tamil Nadu"
"Poondi Tirukattupalli","613105","Thanjavur","Thanjavur","Tamil Nadu"
"Poondi Tiruvallur","602023","Tiruvallur","Tiruvallur","Tamil Nadu"
"Poongulam","635707","Dharmapuri","Dharmapuri","Tamil Nadu"
"Poravipalayam","642144","Coimbatore","Coimbatore","Tamil Nadu"
"Porayar","609307","Thanjavur","Thanjavur","Tamil Nadu"
"Porur","602104","Kancheepuram","Porur","Tamil Nadu"
"Postal Training Centre","602104","Tiruvallur","Tiruvallur","Tamil Nadu"
"Pothanur Salem","638181","Salem","Salem","Tamil Nadu"
"Pothumbu","625051","Madurai","Madurai","Tamil Nadu"
"Pottagavayal","623537","Ramanathapuram","Ramanathapuram","Tamil Nadu"
"Pottalpudur","627423","Tirunelveli","Tirunelveli","Tamil Nadu"
"Pottapatti","625125","Madurai","Madurai","Tamil Nadu"
"Pottipuram","626555","Madurai","Madurai","Tamil Nadu"
"Pottireddipatti","637024","Salem","Salem","Tamil Nadu"
"Power Plant","628004","Tirunelveli","Tirunelveli","Tamil Nadu"
"Poyyandankottai","614912","Thanjavur","Thanjavur","Tamil Nadu"
"Pozhal","600060","Chennai","Chennai","Tamil Nadu"
"Prathaparamapuram","611113","Thanjavur","Thanjavur","Tamil Nadu"
"Prianmalai","624503","Dindigul","Dindigul","Tamil Nadu"
"Prithivipakkam","600053","Chennai","Chennai","Tamil Nadu"
"Puchikadu","628655","Tirunelveli","Tirunelveli","Tamil Nadu"
"Pudhukudi","627855","Tirunelveli","Tirunelveli","Tamil Nadu"
"Pudiyamputhur","628402","Tirunelveli","Tirunelveli","Tamil Nadu"
"Puduchatram","637018","Salem","Salem","Tamil Nadu"
"Pudukada","629171","Kanyakumari","Kanyakumari","Tamil Nadu"
"Pudukkottai","622001","Sivaganga","Pudukkottai","Tamil Nadu"
"Pudukkottai East","622001","Pudukottai","Pudukottai","Tamil Nadu"
"Pudukkottai Ind Estate","622004","Pudukottai","Pudukottai","Tamil Nadu"
"Pudukkottai Public Office","622001","Pudukottai","Pudukottai","Tamil Nadu"
"Pudukkottai Tvl","628103","Tirunelveli","Pudukkottai","Tamil Nadu"
"Pudukkottai Vnr","626182","Virudhunagar","Pudukkottai","Tamil Nadu"
"Pudukudi","612608","Thanjavur","Thanjavur","Tamil Nadu"
"Pudumadam","623524","Ramanathapuram","Ramanathapuram","Tamil Nadu"
"Pudunagar","626709","Madurai","Madurai","Tamil Nadu"
"Pudupakkam","600014","Chennai","Chennai","Tamil Nadu"
"Pudupalayam","626117","Ariyalur","Pudupalayam","Tamil Nadu"
"Pudupalayam","638452","Ariyalur","Ariyalur","Tamil Nadu"
"Pudupalayam","607001","Ariyalur","Ariyalur","Tamil Nadu"
"Pudupalayam Na","606705","Vellore","Vellore","Tamil Nadu"
"Pudupatti","626556","Madurai","Pudupatti","Tamil Nadu"
"Pudupatti Pudukkottai","622408","Pudukottai","Pudukottai","Tamil Nadu"
"Pudupatti Watrap","626116","Virudhunagar","Virudhunagar","Tamil Nadu"
"Pudupattinam Colony","603102","Tiruvallur","Tiruvallur","Tamil Nadu"
"Pudupet","600002","Chennai","Chennai","Tamil Nadu"
"Pudupet","636141","Salem","Salem","Tamil Nadu"
"Pudupet Attur","636102","Salem","Salem","Tamil Nadu"
"Pudupettai","635651","Vellore","Vellore","Tamil Nadu"
"Pudur","635751","Vellore","Vellore","Tamil Nadu"
"Pudur Bazaar","625007","Madurai","Madurai","Tamil Nadu"
"Pudur Ramnad","623709","Ramanathapuram","Ramanathapuram","Tamil Nadu"
"Pudur Tirunelveli","627905","Tirunelveli","Tirunelveli","Tamil Nadu"
"Pugalur Sugar Factory","639113","Madurai","Madurai","Tamil Nadu"
"Pukkiravari","606204","Vellore","Vellore","Tamil Nadu"
"Pulankinar","642122","Coimbatore","Coimbatore","Tamil Nadu"
"Pulankurichi","622413","Pudukottai","Pudukottai","Tamil Nadu"
"Pulavadi","638206","Madurai","Madurai","Tamil Nadu"
"Puliampatti","628306","Tirunelveli","Tirunelveli","Tamil Nadu"
"Puliangudi","627855","Tirunelveli","Tirunelveli","Tamil Nadu"
"Pulianthope","600012","Chennai","Chennai","Tamil Nadu"
"Pulicat","601205","Tiruvallur","Tiruvallur","Tamil Nadu"
"Pulimpatti","638459","Madurai","Madurai","Tamil Nadu"
"Pulipakkam","603011","Tiruvallur","Tiruvallur","Tamil Nadu"
"Pulivalam","621006","Tiruchirappalli","Tiruchirappalli","Tamil Nadu"
"Pulivalam Thanjavur","610109","Thanjavur","Thanjavur","Tamil Nadu"
"Puliyakulam","641018","Coimbatore","Coimbatore","Tamil Nadu"
"Puliyal","623312","Sivaganga","Sivaganga","Tamil Nadu"
"Puliyara","627813","Tirunelveli","Tirunelveli","Tamil Nadu"
"Puliyuram","626161","Virudhunagar","Virudhunagar","Tamil Nadu"
"Pullabudangudi","612301","Thanjavur","Thanjavur","Tamil Nadu"
"Pullamangalam","610209","Thanjavur","Thanjavur","Tamil Nadu"
"Pullambadi","621711","Tiruchirappalli","Tiruchirappalli","Tamil Nadu"
"Puludipatti","621309","Tiruchirappalli","Tiruchirappalli","Tamil Nadu"
"Pundi Thanjavur","613502","Thanjavur","Thanjavur","Tamil Nadu"
"Pungamuthur","638207","Madurai","Madurai","Tamil Nadu"
"Punnakayal","628155","Tirunelveli","Tirunelveli","Tamil Nadu"
"Punniahpuram","627864","Tirunelveli","Tirunelveli","Tamil Nadu"
"Punthottam","609503","Thanjavur","Thanjavur","Tamil Nadu"
"Puraiyur","628214","Tirunelveli","Tirunelveli","Tamil Nadu"
"Purasawakkam","600084","Chennai","Chennai","Tamil Nadu"
"Purathagudi","621111","Tiruchirappalli","Tiruchirappalli","Tamil Nadu"
"Pushpa Nagar","620001","Tiruchirappalli","Tiruchirappalli","Tamil Nadu"
"Pushpavanam","614822","Thanjavur","Thanjavur","Tamil Nadu"
"Puthalam","629602","Kanyakumari","Puthalam","Tamil Nadu"
"Puthambur","622511","Pudukottai","Pudukottai","Tamil Nadu"
"Puthanampatti","621007","Tiruchirappalli","Tiruchirappalli","Tamil Nadu"
"Puthanharuvai","628656","Tirunelveli","Tirunelveli","Tamil Nadu"
"Puthiamputhur","628402","Tirunelveli","Tirunelveli","Tamil Nadu"
"Puthiragoundenpalayam","636119","Salem","Salem","Tamil Nadu"
"Puthugaram","635659","Dharmapuri","Dharmapuri","Tamil Nadu"
"Puthukudi","628621","Tirunelveli","Tirunelveli","Tamil Nadu"
"Puthupet","607108","Vellore","Vellore","Tamil Nadu"
"Puthur","626169","Viluppuram","Viluppuram","Tamil Nadu"
"Puthuthope","625010","Madurai","Madurai","Tamil Nadu"
"Puttuthakku","632530","Vellore","Vellore","Tamil Nadu"
"Puvalur","621712","Tiruchirappalli","Puvalur","Tamil Nadu"
"Puvani","628308","Virudhunagar","Virudhunagar","Tamil Nadu"
"Puvanur","612803","Thanjavur","Thanjavur","Tamil Nadu"
"Puvarasakudi","622316","Pudukottai","Pudukottai","Tamil Nadu"
"R A Puram Colony","600028","Chennai","Chennai","Tamil Nadu"
"R S Puram East","641002","Coimbatore","Coimbatore","Tamil Nadu"
"R S Puram H O","641002","Coimbatore","Coimbatore","Tamil Nadu"
"R S Puram South","641002","Coimbatore","Coimbatore","Tamil Nadu"
"R S Puram West","641002","Coimbatore","Coimbatore","Tamil Nadu"
"Race Course","643001","The Nilgiri","Uthagamandalam","Tamil Nadu"
"Radhanagar","600044","Chennai","Chennai","Tamil Nadu"
"Radhapuram","627111","Tirunelveli","Tirunelveli","Tamil Nadu"
"Ragalapuram","624318","Dindigul","Dindigul","Tamil Nadu"
"Raghunathapuram Tnj","613304","Thanjavur","Thanjavur","Tamil Nadu"
"Railway Car Shed Complex","600109","Tiruvallur","Tiruvallur","Tamil Nadu"
"Railway Colony","600059","Chennai","Chennai","Tamil Nadu"
"Raj Bhavan Madras Raja","600022","Chennai","Chennai","Tamil Nadu"
"Raja Serfoji Govt College","613005","Thanjavur","Thanjavur","Tamil Nadu"
"Rajagambiram","623609","Sivaganga","Sivaganga","Tamil Nadu"
"Rajaghiri","614207","Thanjavur","Thanjavur","Tamil Nadu"
"Rajagopalapuram","622003","Pudukottai","Pudukottai","Tamil Nadu"
"Rajah Thottam","600082","Chennai","Chennai","Tamil Nadu"
"Rajainagar","600043","Chennai","Chennai","Tamil Nadu"
"Rajajinagar Tiruchy","621713","Tiruchirappalli","Tiruchirappalli","Tamil Nadu"
"Rajakkamangalam","629503","Kanyakumari","Kanyakumari","Tamil Nadu"
"Rajakkamangalam","627128","Tirunelveli","Tirunelveli","Tamil Nadu"
"Rajakkapatti","624316","Dindigul","Dindigul","Tamil Nadu"
"Rajamadam","614722","Thanjavur","Thanjavur","Tamil Nadu"
"Rajapalayam","626117","Virudhunagar","Rajapalayam","Tamil Nadu"
"Rajapalayam Bus Stand","626117","Virudhunagar","Rajapalayam","Tamil Nadu"
"Rajapalayam Cotton Market","626117","Virudhunagar","Rajapalayam","Tamil Nadu"
"Rajapalaym H O","626117","Virudhunagar","Rajapalayam","Tamil Nadu"
"Rajapandi","627822","Tirunelveli","Tirunelveli","Tamil Nadu"
"Rajappanagar","613007","Thanjavur","Thanjavur","Tamil Nadu"
"Rajasingamangalam","623525","Ramanathapuram","Ramanathapuram","Tamil Nadu"
"Rajavallipuram","627359","Tirunelveli","Tirunelveli","Tamil Nadu"
"Rajijinagar","631001","Vellore","Vellore","Tamil Nadu"
"Ramachandrapuram","622505","Pudukottai","Pudukottai","Tamil Nadu"
"Ramachandrapuram","627912","Tirunelveli","Tirunelveli","Tamil Nadu"
"Ramakrishnanagar","600028","Chennai","Chennai","Tamil Nadu"
"Ramakrishnapuram","639001","Theni","Theni","Tamil Nadu"
"Ramakrishnapuram","627129","Theni","Theni","Tamil Nadu"
"Ramakrishnarajupeta","631303","Tiruvallur","Tiruvallur","Tamil Nadu"
"Ramalai","632208","Vellore","Vellore","Tamil Nadu"
"Ramanahalli","635311","Dharmapuri","Dharmapuri","Tamil Nadu"
"Ramanaickenpettai","635824","Dharmapuri","Dharmapuri","Tamil Nadu"
"Ramanamudalipudur","642136","Coimbatore","Coimbatore","Tamil Nadu"
"Ramanathapuram Bazaar","623501","Ramanathapuram","Ramanathapuram","Tamil Nadu"
"Ramanathapuram Bus Stand","623535","Ramanathapuram","Ramanathapuram","Tamil Nadu"
"Ramanathapuram Cbt","641018","Coimbatore","Coimbatore","Tamil Nadu"
"Ramanathapuram H O","623501","Ramanathapuram","Ramanathapuram","Tamil Nadu"
"Ramanathapuram Public Off","623501","Ramanathapuram","Ramanathapuram","Tamil Nadu"
"Ramanathapuram Tnj","613051","Thanjavur","Thanjavur","Tamil Nadu"
"Ramanathapuram West","623501","Ramanathapuram","Ramanathapuram","Tamil Nadu"
"Ramannagar","636403","Salem","Salem","Tamil Nadu"
"Ramanthapuram Cbe","641045","Coimbatore","Coimbatore","Tamil Nadu"
"Ramapattinam","642053","Coimbatore","Coimbatore","Tamil Nadu"
"Ramapuram","635115","Cuddalore","Ramapuram","Tamil Nadu"
"Ramapuram","629303","Cuddalore","Cuddalore","Tamil Nadu"
"Ramapurampdur","637001","Salem","Salem","Tamil Nadu"
"Ramarajapuram","624213","Dindigul","Dindigul","Tamil Nadu"
"Ramasaminagar","626159","Virudhunagar","Virudhunagar","Tamil Nadu"
"Ramasamyrajanagar","626204","Virudhunagar","Virudhunagar","Tamil Nadu"
"Ramaswamy College","620002","Tiruchirappalli","Tiruchirappalli","Tamil Nadu"
"Rameswaram","623526","Ramanathapuram","Rameswaram","Tamil Nadu"
"Rameswaram R S","623526","Ramanathapuram","Rameswaram","Tamil Nadu"
"Ramjeenagar","620009","Tiruchirappalli","Tiruchirappalli","Tamil Nadu"
"Ramnad","623712","Ramanathapuram","Ramanathapuram","Tamil Nadu"
"Ramnagar","641009","Coimbatore","Coimbatore","Tamil Nadu"
"Ranganagar","620006","Tiruchirappalli","Tiruchirappalli","Tamil Nadu"
"Ranganathapuram","641009","Cuddalore","Cuddalore","Tamil Nadu"
"Rangasamudram","638402","Vellore","Vellore","Tamil Nadu"
"Rangiem","622409","Pudukottai","Pudukottai","Tamil Nadu"
"Ranipet Bazaar","632401","Vellore","Vellore","Tamil Nadu"
"Ranipet East","632401","Vellore","Vellore","Tamil Nadu"
"Ranipet H O","632401","Vellore","Vellore","Tamil Nadu"
"Ranipet Ind Estate","632403","Vellore","Vellore","Tamil Nadu"
"Rashipuram","637408","Namakkal","Namakkal","Tamil Nadu"
"Rashipuram Bazar","637408","Namakkal","Namakkal","Tamil Nadu"
"Rashipuram East","637408","Namakkal","Namakkal","Tamil Nadu"
"Rasipuram","637408","Salem","Rasipuram","Tamil Nadu"
"Rasipuram Bazaar","637408","Salem","Rasipuram","Tamil Nadu"
"Rasipuram East","637408","Salem","Rasipuram","Tamil Nadu"
"Ratnagiri Kilminnal","632517","Vellore","Vellore","Tamil Nadu"
"Ratnapuri","641027","Coimbatore","Coimbatore","Tamil Nadu"
"Ravanasamudram","627424","Tirunelveli","Tirunelveli","Tamil Nadu"
"Rayambaram","621718","Tiruchirappalli","Tiruchirappalli","Tamil Nadu"
"Rayapuram Madras","600013","Chennai","Chennai","Tamil Nadu"
"Rayapuram Market","600013","Chennai","Chennai","Tamil Nadu"
"Rayapuram Tnj","612807","Thanjavur","Thanjavur","Tamil Nadu"
"Rayavaram","622506","Pudukottai","Pudukottai","Tamil Nadu"
"Red Fields","641018","Coimbatore","Coimbatore","Tamil Nadu"
"Red Hills","600052","Chennai","Chennai","Tamil Nadu"
"Red Hills Bazaar","600052","Chennai","Chennai","Tamil Nadu"
"Reddiarchatram","624622","Dindigul","Dindigul","Tamil Nadu"
"Reddiarpatti","626118","Virudhunagar","Virudhunagar","Tamil Nadu"
"Reddiarpattti","627051","Tirunelveli","Tirunelveli","Tamil Nadu"
"Reddiyur","608304","Cuddalore","Cuddalore","Tamil Nadu"
"Regional Engg College","600052","Chennai","Chennai","Tamil Nadu"
"Renganathapuram","638654","Madurai","Madurai","Tamil Nadu"
"Renganathapuram","613107","Thanjavur","Thanjavur","Tamil Nadu"
"Rengarajapuram","600024","Chennai","Chennai","Tamil Nadu"
"Rettai-Mtu","614704","Thanjavur","Thanjavur","Tamil Nadu"
"Rettaiyurani","623544","Ramanathapuram","Ramanathapuram","Tamil Nadu"
"Rettanai","604306","Vellore","Vellore","Tamil Nadu"
"Ripon Buildings","600003","Chennai","Chennai","Tamil Nadu"
"Rishivandiyam","606205","Vellore","Vellore","Tamil Nadu"
"Rock Fort","620002","Tiruchirappalli","Tiruchirappalli","Tamil Nadu"
"Royagiri","627764","Tirunelveli","Tirunelveli","Tamil Nadu"
"Royapettah","600014","Chennai","Chennai","Tamil Nadu"
"Royapettah High Road","600004","Chennai","Chennai","Tamil Nadu"
"Royappanpatthi","626526","Madurai","Madurai","Tamil Nadu"
"Rrc Kalpakkam","603102","Tiruvallur","Tiruvallur","Tamil Nadu"
"Ruhsa Campus","632209","Vellore","Vellore","Tamil Nadu"
"S I Sorpanandal","606715","Vellore","Vellore","Tamil Nadu"
"S L R Sanitorium","632106","Vellore","Vellore","Tamil Nadu"
"S M Hospital","623209","Sivaganga","Sivaganga","Tamil Nadu"
"S T Mangad","629172","Kanyakumari","Kanyakumari","Tamil Nadu"
"S Tharaikudi","626156","Virudhunagar","Virudhunagar","Tamil Nadu"
"Sadras","603102","Tiruvallur","Tiruvallur","Tamil Nadu"
"Sahibpuram","626110","Virudhunagar","Virudhunagar","Tamil Nadu"
"Saibaba Mission","641011","Coimbatore","Coimbatore","Tamil Nadu"
"Saibaba Mission East","641011","Coimbatore","Coimbatore","Tamil Nadu"
"Saidapet Madras","600015","Chennai","Chennai","Tamil Nadu"
"Saidapet Vellore","632012","Vellore","Vellore","Tamil Nadu"
"Saidapet West","600015","Chennai","Chennai","Tamil Nadu"
"Saidapettai Arni","632301","Vellore","Vellore","Tamil Nadu"
"Saidhapet North","600015","Chennai","Chennai","Tamil Nadu"
"Sainathapuram Vlr","632001","Vellore","Vellore","Tamil Nadu"
"Saithur","635209","Dharmapuri","Dharmapuri","Tamil Nadu"
"Sakkaramallur","632511","Vellore","Vellore","Tamil Nadu"
"Sakkottai","612401","Thanjavur","Thanjavur","Tamil Nadu"
"Sakthinagar","638315","Madurai","Madurai","Tamil Nadu"
"Salaigramam","623710","Ramanathapuram","Ramanathapuram","Tamil Nadu"
"Salainagar","620003","Tiruchirappalli","Tiruchirappalli","Tamil Nadu"
"Salavakkam","603107","Tiruvallur","Tiruvallur","Tamil Nadu"
"Salem","636354","Salem","Salem","Tamil Nadu"
"Salem","636456","Salem","Salem","Tamil Nadu"
"Salem A R Lines","636007","Salem","Salem","Tamil Nadu"
"Salem Bazaar","636001","Salem","Salem","Tamil Nadu"
"Salem Collectorate","636001","Salem","Salem","Tamil Nadu"
"Salem District Board Bldg","636001","Salem","Salem","Tamil Nadu"
"Salem East","636001","Salem","Salem","Tamil Nadu"
"Salem Extn","636007","Salem","Salem","Tamil Nadu"
"Salem Fort","636001","Salem","Salem","Tamil Nadu"
"Salem H O","636001","Salem","Salem","Tamil Nadu"
"Salem H O","636139","Salem","Salem","Tamil Nadu"
"Salem North","636007","Salem","Salem","Tamil Nadu"
"Salem Pension Lines","636006","Salem","Salem","Tamil Nadu"
"Salem Second","636001","Salem","Salem","Tamil Nadu"
"Salem South","636006","Salem","Salem","Tamil Nadu"
"Salem Steel Plant","636013","Salem","Salem","Tamil Nadu"
"Salen Dr Court Building","636007","Salem","Salem","Tamil Nadu"
"Saligramam","600093","Tiruvallur","Tiruvallur","Tamil Nadu"
"Saligramam South","600093","Chennai","Chennai","Tamil Nadu"
"Salimangalam","613504","Thanjavur","Thanjavur","Tamil Nadu"
"Salivaram","635141","Dharmapuri","Dharmapuri","Tamil Nadu"
"Samadanapuram","627002","Tirunelveli","Tirunelveli","Tamil Nadu"
"Samalpatti R S","635306","Dharmapuri","Dharmapuri","Tamil Nadu"
"Samathur","642123","Coimbatore","Samathur","Tamil Nadu"
"Samayanallur","625402","Madurai","Madurai","Tamil Nadu"
"Samayapuram","621112","Tiruchirappalli","Tiruchirappalli","Tamil Nadu"
"Sambanur","623313","Sivaganga","Sivaganga","Tamil Nadu"
"Samburvadakarai","627856","Tirunelveli","Tirunelveli","Tamil Nadu"
"Samiyarpatti","624312","Dindigul","Dindigul","Tamil Nadu"
"Samudrapatti","624402","Madurai","Madurai","Tamil Nadu"
"Samugarengapuram","627112","Tirunelveli","Tirunelveli","Tamil Nadu"
"Sanarpatti","624304","Dindigul","Dindigul","Tamil Nadu"
"Sanatorium","638053","Madurai","Madurai","Tamil Nadu"
"Sanaveli","623538","Sivaganga","Sivaganga","Tamil Nadu"
"Sanctuary","643267","The Nilgiri","Uthagamandalam","Tamil Nadu"
"Sandanahalli","635140","Dharmapuri","Dharmapuri","Tamil Nadu"
"Sanjeevarayanpettai","636006","Salem","Salem","Tamil Nadu"
"Sankarandampalayam","638706","Erode","Erode","Tamil Nadu"
"Sankarankoil Bazaar","627756","Tirunelveli","Tirunelveli","Tamil Nadu"
"Sankarankoil East","627756","Tirunelveli","Tirunelveli","Tamil Nadu"
"Sankarankoil H O","627756","Tirunelveli","Tirunelveli","Tamil Nadu"
"Sankaranpalayam","632001","Vellore","Vellore","Tamil Nadu"
"Sankaranpandal","609308","Thanjavur","Thanjavur","Tamil Nadu"
"Sankarapuram","606401","Vellore","Sankarapuram","Tamil Nadu"
"Sankaridrug R S","637302","Salem","Salem","Tamil Nadu"
"Sankaridurg","637301","Salem","Salem","Tamil Nadu"
"Sankaridurg East","637301","Salem","Salem","Tamil Nadu"
"Sankaridurg West","637303","Salem","Salem","Tamil Nadu"
"Sankarlingapuram","626119","Virudhunagar","Virudhunagar","Tamil Nadu"
"Sannanallur","609504","Thanjavur","Thanjavur","Tamil Nadu"
"Santhanagopalapuram","605602","Vellore","Vellore","Tamil Nadu"
"Santhanathapuram","622001","Pudukottai","Pudukottai","Tamil Nadu"
"Santhapettai","605757","Vellore","Vellore","Tamil Nadu"
"Santhapuram","629205","Kanyakumari","Kanyakumari","Tamil Nadu"
"Santhavasai","606905","Vellore","Vellore","Tamil Nadu"
"Santhiapettipudur","637002","Salem","Salem","Tamil Nadu"
"Santhome","600004","Chennai","Chennai","Tamil Nadu"
"Saptur","626705","Madurai","Madurai","Tamil Nadu"
"Sarakeni","623405","Sivaganga","Sivaganga","Tamil Nadu"
"Saram","604307","Vellore","Vellore","Tamil Nadu"
"Saraswathinagar","631211","Tiruvallur","Tiruvallur","Tamil Nadu"
"Sarkar Samakulam","641107","Coimbatore","Coimbatore","Tamil Nadu"
"Sarugu Valayapatti","625120","Madurai","Madurai","Tamil Nadu"
"Sastrinagar","600020","Chennai","Chennai","Tamil Nadu"
"Sathak Salai","623806","Ramanathapuram","Ramanathapuram","Tamil Nadu"
"Sathangudi","626719","Madurai","Madurai","Tamil Nadu"
"Sathanur","606718","Viluppuram","Viluppuram","Tamil Nadu"
"Sathanur Dam","606706","Vellore","Vellore","Tamil Nadu"
"Sathavachari","632009","Vellore","Vellore","Tamil Nadu"
"Sathurusankarakottai","623213","Sivaganga","Sivaganga","Tamil Nadu"
"Sathuvachari Extension","632009","Vellore","Vellore","Tamil Nadu"
"Sathyamurthinagar","600062","Chennai","Chennai","Tamil Nadu"
"Sattanathapuram","609109","Nagapattinam","Nagapattinam","Tamil Nadu"
"Sattankulam","628704","Tirunelveli","Tirunelveli","Tamil Nadu"
"Sattur","626203","Virudhunagar","Sattur","Tamil Nadu"
"Sattur Bus Stand","626203","Virudhunagar","Sattur","Tamil Nadu"
"Sattur Vellore","632523","Vellore","Sattur","Tamil Nadu"
"Sattur West","626203","Virudhunagar","Sattur","Tamil Nadu"
"Satyamangalam Bazaar","638401","Madurai","Madurai","Tamil Nadu"
"Satyamangalam Cbe","638401","Madurai","Madurai","Tamil Nadu"
"Satyamangalam Sa","604153","Vellore","Vellore","Tamil Nadu"
"Satyavizhianagaram","632317","Vellore","Vellore","Tamil Nadu"
"Savakattupalayam","638460","Madurai","Madurai","Tamil Nadu"
"Sawyerpuram","628251","Tirunelveli","Tirunelveli","Tamil Nadu"
"Sayalgudi","626120","Virudhunagar","Sayalgudi","Tamil Nadu"
"Sayamalai","627774","Tirunelveli","Tirunelveli","Tamil Nadu"
"Seaforth","643228","The Nilgiri","Uthagamandalam","Tamil Nadu"
"Sedapatti","626527","Madurai","Madurai","Tamil Nadu"
"Sedarampatti","632320","Vellore","Vellore","Tamil Nadu"
"Seekarakudi","628104","Tirunelveli","Tirunelveli","Tamil Nadu"
"Seelaiyur","641113","Madurai","Madurai","Tamil Nadu"
"Seelayampatti","625577","Madurai","Madurai","Tamil Nadu"
"Seemandalam","607001","Vellore","Vellore","Tamil Nadu"
"Seemanthottam","607003","Vellore","Vellore","Tamil Nadu"
"Seethalakshmi","620002","Tiruchirappalli","Tiruchirappalli","Tamil Nadu"
"Seethanjeri","602029","Tiruvallur","Tiruvallur","Tamil Nadu"
"Seetharamapalayam","637209","Salem","Salem","Tamil Nadu"
"Seevadi","603318","Kancheepuram","Kancheepuram","Tamil Nadu"
"Seithur","626121","Virudhunagar","Seithur","Tamil Nadu"
"Sekkalai","623002","Sivaganga","Sivaganga","Tamil Nadu"
"Selaiyur","600073","Chennai","Chennai","Tamil Nadu"
"Selangapalayam","638471","Madurai","Madurai","Tamil Nadu"
"Sellappampatti","637019","Salem","Salem","Tamil Nadu"
"Sellur","625002","Madurai","Madurai","Tamil Nadu"
"Sellur","613705","Thanjavur","Thanjavur","Tamil Nadu"
"Selvapuram","641001","Coimbatore","Coimbatore","Tamil Nadu"
"Sembagarayanallur","614818","Thanjavur","Thanjavur","Tamil Nadu"
"Sembakkam","603108","Vellore","Sembakkam","Tamil Nadu"
"Sembanarkoil","609309","Thanjavur","Thanjavur","Tamil Nadu"
"Sembangudi","612603","Thanjavur","Thanjavur","Tamil Nadu"
"Sembatti","624707","Dindigul","Dindigul","Tamil Nadu"
"Sembiam","600011","Chennai","Chennai","Tamil Nadu"
"Sembier Street","600001","Chennai","Chennai","Tamil Nadu"
"Semmedu","637411","Viluppuram","Viluppuram","Tamil Nadu"
"Sempalli","632605","Vellore","Vellore","Tamil Nadu"
"Sendamangalam","637409","Salem","Salem","Tamil Nadu"
"Sendamangalam Kanchipuram","602116","Tiruvallur","Tiruvallur","Tamil Nadu"
"Sendarapatti","636110","Salem","Salem","Tamil Nadu"
"Sendurai","624403","Ariyalur","Ariyalur","Tamil Nadu"
"Sendurai","621714","Tiruchirappalli","Tiruchirappalli","Tamil Nadu"
"Sengalipuram","612604","Thanjavur","Thanjavur","Tamil Nadu"
"Sengapadi","626717","Madurai","Madurai","Tamil Nadu"
"Sengaramkudipudur","612205","Thanjavur","Thanjavur","Tamil Nadu"
"Sengattapatti","621017","Tiruchirappalli","Tiruchirappalli","Tamil Nadu"
"Sengipatti","613402","Thanjavur","Thanjavur","Tamil Nadu"
"Sengundapuram","626181","Virudhunagar","Virudhunagar","Tamil Nadu"
"Sengundapuram","639002","Madurai","Madurai","Tamil Nadu"
"Senguntharpettai","603306","Tiruvallur","Tiruvallur","Tamil Nadu"
"Sengurichi","624804","Dindigul","Dindigul","Tamil Nadu"
"Senjai","623001","Sivaganga","Sivaganga","Tamil Nadu"
"Senkulam","620008","Tiruchirappalli","Tiruchirappalli","Tamil Nadu"
"Serangoiam","614016","Thanjavur","Thanjavur","Tamil Nadu"
"Serimangalam","614024","Thanjavur","Thanjavur","Tamil Nadu"
"Serndamangalam","627857","Tirunelveli","Tirunelveli","Tamil Nadu"
"Service Centre","600031","Chennai","Chennai","Tamil Nadu"
"Seshamoolai","609705","Thanjavur","Thanjavur","Tamil Nadu"
"Seshanchavadi","636111","Salem","Salem","Tamil Nadu"
"Seshasayee Paper","636111","Salem","Salem","Tamil Nadu"
"Sethi","614707","Thanjavur","Thanjavur","Tamil Nadu"
"Sethi","614811","Thanjavur","Thanjavur","Tamil Nadu"
"Sethi","614817","Thanjavur","Thanjavur","Tamil Nadu"
"Sethunarayanapuram","626164","Virudhunagar","Virudhunagar","Tamil Nadu"
"Sethurmadai","642133","Coimbatore","Coimbatore","Tamil Nadu"
"Settiatope","608702","Vellore","Vellore","Tamil Nadu"
"Settikulam","627124","Tirunelveli","Tirunelveli","Tamil Nadu"
"Settinayakkanpatti","624305","Dindigul","Dindigul","Tamil Nadu"
"Settiyarpatti","626122","Virudhunagar","Virudhunagar","Tamil Nadu"
"Sevalpatti","626140","Virudhunagar","Virudhunagar","Tamil Nadu"
"Sevathur","635662","Dharmapuri","Dharmapuri","Tamil Nadu"
"Seven Wells","600001","Chennai","Chennai","Tamil Nadu"
"Sevugampatti","624224","Dindigul","Sevugampatti","Tamil Nadu"
"Sevur","632108","Vellore","Vellore","Tamil Nadu"
"Sevvur","622417","Pudukottai","Pudukottai","Tamil Nadu"
"Seydunganallur","627301","Tirunelveli","Tirunelveli","Tamil Nadu"
"Shanakuppam","635814","Vellore","Vellore","Tamil Nadu"
"Shanmuganathapuram","623314","Sivaganga","Sivaganga","Tamil Nadu"
"Shanmugapuram","600019","Chennai","Chennai","Tamil Nadu"
"Shanthur","643269","The Nilgiri","Uthagamandalam","Tamil Nadu"
"Shanti Nagar","625018","Madurai","Madurai","Tamil Nadu"
"Shastri Bhavan","600006","Chennai","Chennai","Tamil Nadu"
"Shenbaganur","624104","Dindigul","Dindigul","Tamil Nadu"
"Shenbakkam","632008","Vellore","Shenbakkam","Tamil Nadu"
"Shencottah","627809","Tirunelveli","Tirunelveli","Tamil Nadu"
"Shencottah Bus Stand","627809","Tirunelveli","Tirunelveli","Tamil Nadu"
"Shencottah R S","627810","Tirunelveli","Tirunelveli","Tamil Nadu"
"Shencottoh Cutchery","627809","Tirunelveli","Tirunelveli","Tamil Nadu"
"Shenoynagar","600030","Chennai","Chennai","Tamil Nadu"
"Shevapet","636002","Salem","Salem","Tamil Nadu"
"Shevapet Bazaar","636002","Salem","Salem","Tamil Nadu"
"Sholabvandan South","624214","Dindigul","Dindigul","Tamil Nadu"
"Sholapuram","612503","Thanjavur","Thanjavur","Tamil Nadu"
"Sholavandan Bazaar","624214","Dindigul","Dindigul","Tamil Nadu"
"Sholavandan H O","624214","Dindigul","Dindigul","Tamil Nadu"
"Sholayar","642124","Coimbatore","Coimbatore","Tamil Nadu"
"Sholayarnagar","642125","Coimbatore","Coimbatore","Tamil Nadu"
"Sholinghur","631102","Vellore","Vellore","Tamil Nadu"
"Sholinghur Bazaar","631102","Vellore","Vellore","Tamil Nadu"
"Sholur","643259","The Nilgiri","Sholur","Tamil Nadu"
"Shoolagiri","635117","Dharmapuri","Dharmapuri","Tamil Nadu"
"Shrivaikuntam H O","628601","Tirunelveli","Tirunelveli","Tamil Nadu"
"Sidco Estate","600098","Chennai","Chennai","Tamil Nadu"
"Siddapudur","641044","Coimbatore","Coimbatore","Tamil Nadu"
"Sikkal Ramnad","623528","Ramanathapuram","Ramanathapuram","Tamil Nadu"
"Sikkal Thambur","621008","Tiruchirappalli","Tiruchirappalli","Tamil Nadu"
"Sikkal Thanjavur","611108","Thanjavur","Thanjavur","Tamil Nadu"
"Silaiman","625201","Madurai","Madurai","Tamil Nadu"
"Silaipadi","624310","Dindigul","Dindigul","Tamil Nadu"
"Silamarathupatti","626528","Madurai","Madurai","Tamil Nadu"
"Silambani","623302","Sivaganga","Sivaganga","Tamil Nadu"
"Silathur","614622","Thanjavur","Thanjavur","Tamil Nadu"
"Siluvathur","624306","Dindigul","Dindigul","Tamil Nadu"
"Simmakkal","625001","Madurai","Madurai","Tamil Nadu"
"Sindupatti","626529","Madurai","Madurai","Tamil Nadu"
"Singalandapuram","637412","Tiruchirappalli","Tiruchirappalli","Tamil Nadu"
"Singampettai","638324","Erode","Erode","Tamil Nadu"
"Singampuneri","624502","Sivaganga","Singampuneri","Tamil Nadu"
"Singanallur","641005","Coimbatore","Coimbatore","Tamil Nadu"
"Singaperumal Koil","603204","Tiruvallur","Tiruvallur","Tamil Nadu"
"Singara","643229","The Nilgiri","Uthagamandalam","Tamil Nadu"
"Singarapettai","635307","Dharmapuri","Dharmapuri","Tamil Nadu"
"Singathakurichi","627255","Tirunelveli","Tirunelveli","Tamil Nadu"
"Singavanam","614643","Thanjavur","Thanjavur","Tamil Nadu"
"Sinnimpalayam","641062","Coimbatore","Coimbatore","Tamil Nadu"
"Sir Pushpam College","613503","Thanjavur","Thanjavur","Tamil Nadu"
"Siramelkudi","614915","Thanjavur","Thanjavur","Tamil Nadu"
"Siravayal","623214","Sivaganga","Sivaganga","Tamil Nadu"
"Sirkali East","609110","Nagapattinam","Nagapattinam","Tamil Nadu"
"Sirkali H O","609110","Nagapattinam","Nagapattinam","Tamil Nadu"
"Sirugambur","621213","Tiruchirappalli","Tiruchirappalli","Tamil Nadu"
"Sirugudi","624404","Madurai","Madurai","Tamil Nadu"
"Sirukundalpatti","623215","Sivaganga","Sivaganga","Tamil Nadu"
"Sirukundra","642153","Coimbatore","Coimbatore","Tamil Nadu"
"Sirumugai","641302","Madurai","Sirumugai","Tamil Nadu"
"Sirumur","632325","Vellore","Vellore","Tamil Nadu"
"Sirupakkam","606123","Cuddalore","Cuddalore","Tamil Nadu"
"Siruthondanallur","628802","Tirunelveli","Tirunelveli","Tamil Nadu"
"Siruvachur","621113","Tiruchirappalli","Tiruchirappalli","Tamil Nadu"
"Siruvalur","638054","Madurai","Madurai","Tamil Nadu"
"Sithalingamadam","605803","Vellore","Vellore","Tamil Nadu"
"Sithamalli","614728","Cuddalore","Cuddalore","Tamil Nadu"
"Sitharevu","624228","Dindigul","Dindigul","Tamil Nadu"
"Sithathur","600074","Chennai","Chennai","Tamil Nadu"
"Sithayankottai","624708","Dindigul","Sithayankottai","Tamil Nadu"
"Siukuvarpatti","624215","Madurai","Madurai","Tamil Nadu"
"Sivagalali","628753","Tirunelveli","Tirunelveli","Tamil Nadu"
"Sivaganga","623560","Sivaganga","Sivaganga","Tamil Nadu"
"Sivaganga Courts","623560","Sivaganga","Sivaganga","Tamil Nadu"
"Sivaganga North","623560","Sivaganga","Sivaganga","Tamil Nadu"
"Sivagiri","638109","Madurai","Sivagiri","Tamil Nadu"
"Sivagiri","627757","Tirunelveli","Sivagiri","Tamil Nadu"
"Sivagnanapuram","627726","Thoothukkudi","Thoothukkudi","Tamil Nadu"
"Sivakanchi","631502","Tiruvallur","Tiruvallur","Tamil Nadu"
"Sivakasi Bazaar","626123","Virudhunagar","Virudhunagar","Tamil Nadu"
"Sivakasi Bus Stand","626123","Virudhunagar","Virudhunagar","Tamil Nadu"
"Sivakasi Coronation Cly","626123","Virudhunagar","Virudhunagar","Tamil Nadu"
"Sivakasi H O","626123","Virudhunagar","Virudhunagar","Tamil Nadu"
"Sivakasi R S","626123","Virudhunagar","Virudhunagar","Tamil Nadu"
"Sivakasi South","626123","Virudhunagar","Virudhunagar","Tamil Nadu"
"Sivakasi West","626124","Virudhunagar","Virudhunagar","Tamil Nadu"
"Sivalaingapuram","626153","Virudhunagar","Virudhunagar","Tamil Nadu"
"Sivalaperi","627361","Tirunelveli","Tirunelveli","Tamil Nadu"
"Sivanadanur","627815","Tirunelveli","Tirunelveli","Tamil Nadu"
"Sivandipatti","627305","Thoothukkudi","Thoothukkudi","Tamil Nadu"
"Sivandipuram","627433","Tirunelveli","Tirunelveli","Tamil Nadu"
"Sivasailam","627428","Tirunelveli","Tirunelveli","Tamil Nadu"
"Sivathapuram","636307","Salem","Salem","Tamil Nadu"
"Slur","641402","Coimbatore","Coimbatore","Tamil Nadu"
"Small Bazaar","608502","Vellore","Vellore","Tamil Nadu"
"Sndyanallah","643237","The Nilgiri","Uthagamandalam","Tamil Nadu"
"Snkarnagar","627357","Tirunelveli","Tirunelveli","Tamil Nadu"
"Sobanapuram","621018","Tiruchirappalli","Tiruchirappalli","Tamil Nadu"
"Sokkanathampudur","627767","Tirunelveli","Tirunelveli","Tamil Nadu"
"Sokkanur","642145","Coimbatore","Coimbatore","Tamil Nadu"
"Sokkikulam","625002","Madurai","Madurai","Tamil Nadu"
"Sokknathapatti","622213","Pudukottai","Pudukottai","Tamil Nadu"
"Solai Street","600023","Chennai","Chennai","Tamil Nadu"
"Solapandi","614025","Thanjavur","Thanjavur","Tamil Nadu"
"Solasakkaranallur","609118","Thanjavur","Thanjavur","Tamil Nadu"
"Solasitamani","637210","Salem","Salem","Tamil Nadu"
"Solavaram","600067","Chennai","Chennai","Tamil Nadu"
"Somandurai","642134","Coimbatore","Coimbatore","Tamil Nadu"
"Somangalam","602109","Tiruvallur","Tiruvallur","Tamil Nadu"
"Somanur","638668","Madurai","Madurai","Tamil Nadu"
"Somarasampettai","620102","Tiruchirappalli","Tiruchirappalli","Tamil Nadu"
"Somasopadi","606611","Tiruchirappalli","Tiruchirappalli","Tamil Nadu"
"Somasundaram Colony","625016","Madurai","Madurai","Tamil Nadu"
"Sonaganvilai","628224","Tirunelveli","Tirunelveli","Tamil Nadu"
"Soorankottai","623546","Ramanathapuram","Ramanathapuram","Tamil Nadu"
"Sooranviduthi","622315","Pudukottai","Pudukottai","Tamil Nadu"
"Sooriacode","629190","Kanyakumari","Kanyakumari","Tamil Nadu"
"South Arcot","605605","Vellore","Vellore","Tamil Nadu"
"South Arcot","605605","Vellore","Vellore","Tamil Nadu"
"South Gate","625001","Madurai","Madurai","Tamil Nadu"
"South Masi Street","625001","Madurai","Madurai","Tamil Nadu"
"South Thamaraikulam","629708","Kanyakumari","Kanyakumari","Tamil Nadu"
"South Veli L Street","625001","Madurai","Madurai","Tamil Nadu"
"Sowcarpet","600079","Chennai","Chennai","Tamil Nadu"
"Sowripalayam","641028","Coimbatore","Coimbatore","Tamil Nadu"
"Springfield","643104","The Nilgiri","Uthagamandalam","Tamil Nadu"
"Sri Ayyappanagar","600111","Chennai","Chennai","Tamil Nadu"
"Sri Ramakrishna Vidyalaya","641020","Coimbatore","Coimbatore","Tamil Nadu"
"Sri Ramanashraman","606603","Vellore","Vellore","Tamil Nadu"
"Srimushnam","608703","Vellore","Srimushnam","Tamil Nadu"
"Srinivasa Nagar","620005","Tiruchirappalli","Tiruchirappalli","Tamil Nadu"
"Srinivasanagar","600063","Chennai","Chennai","Tamil Nadu"
"Srinivasapuram","614602","Thanjavur","Thanjavur","Tamil Nadu"
"Sriperumbudur","602105","Tiruvallur","Sriperumbudur","Tamil Nadu"
"Srirangam H O","620006","Tiruchirappalli","Tiruchirappalli","Tamil Nadu"
"Srirangam North","620006","Tiruchirappalli","Tiruchirappalli","Tamil Nadu"
"Srirangam West","620006","Tiruchirappalli","Tiruchirappalli","Tamil Nadu"
"Srivalliputtur H O","626125","Virudhunagar","Virudhunagar","Tamil Nadu"
"Srivanjiam","610110","Thanjavur","Thanjavur","Tamil Nadu"
"Srivilliputtur North","626125","Virudhunagar","Virudhunagar","Tamil Nadu"
"St Marys Hill","643001","The Nilgiri","Uthagamandalam","Tamil Nadu"
"St Thomas Mount H O","600016","Chennai","Chennai","Tamil Nadu"
"State Bank Colony","625016","Madurai","Madurai","Tamil Nadu"
"Stone House Hill","643002","The Nilgiri","Uthagamandalam","Tamil Nadu"
"Subbaraja Nagar C P A Co","626582","Madurai","Madurai","Tamil Nadu"
"Subramaniapuram","620020","Tiruchirappalli","Tiruchirappalli","Tamil Nadu"
"Subramaniapuram Cbe","641040","Coimbatore","Coimbatore","Tamil Nadu"
"Subramaniapuram Madurai","641040","Coimbatore","Coimbatore","Tamil Nadu"
"Subramaniapuram Tnj","614805","Thanjavur","Thanjavur","Tamil Nadu"
"Subramaniapuram Tvl","628252","Tirunelveli","Tirunelveli","Tamil Nadu"
"Suchindram","629704","Kanyakumari","Suchindram","Tamil Nadu"
"Sugarcane Breeding","629704","Kanyakumari","Kanyakumari","Tamil Nadu"
"Sukkampatti","636122","Salem","Salem","Tamil Nadu"
"Sukravarpettai","641001","Coimbatore","Coimbatore","Tamil Nadu"
"Sulakkal","642143","Coimbatore","Coimbatore","Tamil Nadu"
"Suleswaranpatti","638669","Madurai","Madurai","Tamil Nadu"
"Sullivananpet","632001","Vellore","Vellore","Tamil Nadu"
"Sunchalnatham","636816","Dharmapuri","Dharmapuri","Tamil Nadu"
"Sundakamuthur","641064","Coimbatore","Coimbatore","Tamil Nadu"
"Sundarampalli","635654","Sivaganga","Sivaganga","Tamil Nadu"
"Sundaranchiapuram","626142","Virudhunagar","Virudhunagar","Tamil Nadu"
"Sundarapandiam","626126","Virudhunagar","Sundarapandiam","Tamil Nadu"
"Sundarapandiapatinam Rmd","623406","Ramanathapuram","Sundarapandiam","Tamil Nadu"
"Sundarapandiapuram","627858","Tirunelveli","Sundarapandiam","Tamil Nadu"
"Sundarapuram","641024","Thanjavur","Thanjavur","Tamil Nadu"
"Sundekuppan","602106","Tiruvallur","Tiruvallur","Tamil Nadu"
"Sundekuppan","635130","Dharmapuri","Dharmapuri","Tamil Nadu"
"Sunderaperumalkoil","614208","Coimbatore","Coimbatore","Tamil Nadu"
"Suraikudi","624506","Dindigul","Dindigul","Tamil Nadu"
"Surampatti","638009","Madurai","Surampatti","Tamil Nadu"
"Suranam","623713","Ramanathapuram","Ramanathapuram","Tamil Nadu"
"Surandai","627859","Tirunelveli","Surandai","Tamil Nadu"
"Surangudi","626211","Virudhunagar","Virudhunagar","Tamil Nadu"
"Suranur","610111","Thanjavur","Thanjavur","Tamil Nadu"
"Suruliar Lower Camp","626539","Madurai","Madurai","Tamil Nadu"
"Suttamally","627604","Tirunelveli","Tirunelveli","Tamil Nadu"
"Swammimalai","612302","Thanjavur","Thanjavur","Tamil Nadu"
"Syrahans Road","600012","Chennai","Chennai","Tamil Nadu"
"T B Sanatorium","626536","Madurai","Madurai","Tamil Nadu"
"T Jedarpalayam","637420","Salem","Salem","Tamil Nadu"
"T Kalathur","621114","Tiruchirappalli","Tiruchirappalli","Tamil Nadu"
"T Kilaiyur","614908","Thanjavur","Thanjavur","Tamil Nadu"
"T Kottampatti","642002","Coimbatore","Coimbatore","Tamil Nadu"
"T Nedunjeri","608305","Vellore","Vellore","Tamil Nadu"
"T Nelakadu","614730","Thanjavur","Thanjavur","Tamil Nadu"
"T Pudupalayam","621019","Tiruchirappalli","Tiruchirappalli","Tamil Nadu"
"T Pudupatti","626704","Madurai","Pudupatti","Tamil Nadu"
"T R Bazar","643254","The Nilgiri","Uthagamandalam","Tamil Nadu"
"T Ranganathapuram","621019","Tiruchirappalli","Tiruchirappalli","Tamil Nadu"
"T Sedapatti","626210","Virudhunagar","Virudhunagar","Tamil Nadu"
"T Subbalapuram","626536","Madurai","Madurai","Tamil Nadu"
"Tachanallur","627358","Tirunelveli","Tirunelveli","Tamil Nadu"
"Tadagam","641108","Viluppuram","Viluppuram","Tamil Nadu"
"Tadicombu","624709","Dindigul","Dindigul","Tamil Nadu"
"Tadiyalur","641034","Coimbatore","Coimbatore","Tamil Nadu"
"Takattur","614714","Thanjavur","Thanjavur","Tamil Nadu"
"Takkolam","631151","Vellore","Vellore","Tamil Nadu"
"Talaivasal","636112","Salem","Salem","Tamil Nadu"
"Talanagar Agraharam","614712","Thanjavur","Thanjavur","Tamil Nadu"
"Talavadi","638461","Madurai","Madurai","Tamil Nadu"
"Tallakulam H O","625002","Madurai","Madurai","Tamil Nadu"
"Tallakulam Housing Board","625020","Madurai","Madurai","Tamil Nadu"
"Tamaraikulam","626562","Madurai","Madurai","Tamil Nadu"
"Tamarakki","623562","Ramanathapuram","Ramanathapuram","Tamil Nadu"
"Tamarankottai","614613","Thanjavur","Thanjavur","Tamil Nadu"
"Tambaram","601105","Tiruvallur","Tiruvallur","Tamil Nadu"
"Tambaram East","600059","Chennai","Chennai","Tamil Nadu"
"Tambaram H O","600045","Chennai","Tambaram","Tamil Nadu"
"Tambaram I A F","600046","Chennai","Tambaram","Tamil Nadu"
"Tambaram Sanitorium","600047","Chennai","Tambaram","Tamil Nadu"
"Tambaram West","600045","Chennai","Tambaram","Tamil Nadu"
"Tambikottai","614737","Thanjavur","Thanjavur","Tamil Nadu"
"Tambikottai Melakadu","614730","Thanjavur","Thanjavur","Tamil Nadu"
"Tamilnadu Cements","626127","Virudhunagar","Virudhunagar","Tamil Nadu"
"Tandarai","606804","Vellore","Vellore","Tamil Nadu"
"Tandarampattu","606707","Vellore","Vellore","Tamil Nadu"
"Tandigudi","624216","Dindigul","Dindigul","Tamil Nadu"
"Tanichiyam","624221","Dindigul","Dindigul","Tamil Nadu"
"Tanipadi","606708","Vellore","Vellore","Tamil Nadu"
"Taniyamangalam","625121","Madurai","Madurai","Tamil Nadu"
"Tappalampuliyur","610106","Thanjavur","Thanjavur","Tamil Nadu"
"Taradapattu","606716","Vellore","Vellore","Tamil Nadu"
"Taramani","600113","Chennai","Chennai","Tamil Nadu"
"Taruvai","627360","Tirunelveli","Tirunelveli","Tamil Nadu"
"Taruvaikulam","628105","Tirunelveli","Tirunelveli","Tamil Nadu"
"Tatabad","641012","Coimbatore","Coimbatore","Tamil Nadu"
"Tatabad East","641012","Coimbatore","Coimbatore","Tamil Nadu"
"Tattanchavadi","605009","Vellore","Vellore","Tamil Nadu"
"Tattaparai","628304","Tirunelveli","Tirunelveli","Tamil Nadu"
"Tayampalayam","638710","Madurai","Madurai","Tamil Nadu"
"Technical Teachers","638710","Madurai","Madurai","Tamil Nadu"
"Technical Teachers Trg In","600020","Chennai","Chennai","Tamil Nadu"
"Teizhandur","609808","Thanjavur","Thanjavur","Tamil Nadu"
"Tekkattur","622509","Pudukottai","Pudukottai","Tamil Nadu"
"Tellar","604406","Vellore","Vellore","Tamil Nadu"
"Telungapalayam","641039","Coimbatore","Coimbatore","Tamil Nadu"
"Tenkarai","624226","Nagapattinam","Nagapattinam","Tamil Nadu"
"Tenkasi Bus Stand","627811","Tirunelveli","Tirunelveli","Tamil Nadu"
"Tenkasi East","627811","Tirunelveli","Tirunelveli","Tamil Nadu"
"Tenkasi H O","627811","Tirunelveli","Tirunelveli","Tamil Nadu"
"Tenkasi R S","627811","Tirunelveli","Tirunelveli","Tamil Nadu"
"Tenmalalai","627770","Tirunelveli","Tirunelveli","Tamil Nadu"
"Tennilai","639206","Madurai","Madurai","Tamil Nadu"
"Tennur","620017","Tiruchirappalli","Tiruchirappalli","Tamil Nadu"
"Tennur East","620017","Tiruchirappalli","Tiruchirappalli","Tamil Nadu"
"Teppakulam","620002","Tiruchirappalli","Tiruchirappalli","Tamil Nadu"
"Tepperumanallur","612206","Thanjavur","Thanjavur","Tamil Nadu"
"Teriruveli","623711","Ramanathapuram","Ramanathapuram","Tamil Nadu"
"Terku Kallikulam","627113","Tirunelveli","Tirunelveli","Tamil Nadu"
"Terku Karungulam","627114","Tirunelveli","Tirunelveli","Tamil Nadu"
"Terku Venganallur","626168","Virudhunagar","Virudhunagar","Tamil Nadu"
"Tettupatti","624713","Dindigul","Dindigul","Tamil Nadu"
"Teynampet","600018","Chennai","Chennai","Tamil Nadu"
"Teynampet South","600018","Chennai","Chennai","Tamil Nadu"
"Teynampet West","600006","Chennai","Chennai","Tamil Nadu"
"Thadavur","636137","Salem","Salem","Tamil Nadu"
"Thaiaivankottai","627773","Tirunelveli","Tirunelveli","Tamil Nadu"
"Thaigarajar Engg College","625015","Madurai","Madurai","Tamil Nadu"
"Thaigavalli","608803","Vellore","Vellore","Tamil Nadu"
"Thaigesar Alai","621312","Tiruchirappalli","Tiruchirappalli","Tamil Nadu"
"Thailapuram","604103","Vellore","Vellore","Tamil Nadu"
"Thalakundah","643279","The Nilgiri","Uthagamandalam","Tamil Nadu"
"Thalanatham","635310","Dharmapuri","Dharmapuri","Tamil Nadu"
"Thalatheru","609605","Thanjavur","Thanjavur","Tamil Nadu"
"Thally","635118","Dharmapuri","Dharmapuri","Tamil Nadu"
"Thamaraikulam","642146","Virudhunagar","Thamaraikulam","Tamil Nadu"
"Thamaraikulam","629707","Theni","Theni","Tamil Nadu"
"Thammampatti","636113","Salem","Thammampatti","Tamil Nadu"
"Thandalaiputtur","621217","Tiruchirappalli","Tiruchirappalli","Tamil Nadu"
"Thandampalayam","638118","Madurai","Madurai","Tamil Nadu"
"Thandarai","600072","Chennai","Chennai","Tamil Nadu"
"Thandavankuppam","607802","Vellore","Vellore","Tamil Nadu"
"Thangachimadam","623529","Ramanathapuram","Ramanathapuram","Tamil Nadu"
"Thangamapuripattinam","636402","Salem","Salem","Tamil Nadu"
"Thangavelnagar","614601","Thanjavur","Thanjavur","Tamil Nadu"
"Thanigaipolur","631061","Vellore","Vellore","Tamil Nadu"
"Thanjauvur South","613001","Thanjavur","Thanjavur","Tamil Nadu"
"Thanjavur","614820","Thanjavur","Thanjavur","Tamil Nadu"
"Thanjavur","612103","Thanjavur","Thanjavur","Tamil Nadu"
"Thanjavur","613009","Thanjavur","Thanjavur","Tamil Nadu"
"Thanjavur Bazar","613001","Thanjavur","Thanjavur","Tamil Nadu"
"Thanjavur Bus Stand","613001","Thanjavur","Thanjavur","Tamil Nadu"
"Thanjavur City","613001","Thanjavur","Thanjavur","Tamil Nadu"
"Thanjavur Collectorate","613001","Thanjavur","Thanjavur","Tamil Nadu"
"Thanjavur Coop Hsg Colony","613007","Thanjavur","Thanjavur","Tamil Nadu"
"Thanjavur East","613001","Thanjavur","Thanjavur","Tamil Nadu"
"Thanjavur East Gate","613001","Thanjavur","Thanjavur","Tamil Nadu"
"Thanjavur H O","613001","Thanjavur","Thanjavur","Tamil Nadu"
"Thanjavur Irwin Bridge","613001","Thanjavur","Thanjavur","Tamil Nadu"
"Thanjavur Medical College","613004","Thanjavur","Thanjavur","Tamil Nadu"
"Thanjavur North","613009","Thanjavur","Thanjavur","Tamil Nadu"
"Thanjavur North Gate","613008","Thanjavur","Thanjavur","Tamil Nadu"
"Thanjavur P&T Colony","613006","Thanjavur","Thanjavur","Tamil Nadu"
"Thanjavur West","613009","Thanjavur","Thanjavur","Tamil Nadu"
"Thanjur","622009","Pudukottai","Pudukottai","Tamil Nadu"
"Thannirpandalpayalam","637304","Salem","Salem","Tamil Nadu"
"Thanthonimalal","639005","Madurai","Madurai","Tamil Nadu"
"Thapovanam","605756","Vellore","Vellore","Tamil Nadu"
"Tharamangalam","636502","Salem","Tharamangalam","Tamil Nadu"
"Tharamapuram","609001","Thanjavur","Thanjavur","Tamil Nadu"
"Tharangampatti","621311","Tiruchirappalli","Tiruchirappalli","Tamil Nadu"
"Thathaneri","625018","Madurai","Madurai","Tamil Nadu"
"Thathiengarpet","621214","Tiruchirappalli","Tiruchirappalli","Tamil Nadu"
"Thattanpettaipalur","612904","Thanjavur","Thanjavur","Tamil Nadu"
"Thattarmadam","628662","Tirunelveli","Tirunelveli","Tamil Nadu"
"Thavaram","626530","Madurai","Madurai","Tamil Nadu"
"Thavittupalayam","638501","Madurai","Madurai","Tamil Nadu"
"Thayagaranagar H O","600017","Chennai","Chennai","Tamil Nadu"
"Thayilpatti","626128","Virudhunagar","Virudhunagar","Tamil Nadu"
"Thazhakudi","629901","Kanyakumari","Kanyakumari","Tamil Nadu"
"Thekkampatti","641118","Coimbatore","Coimbatore","Tamil Nadu"
"Thekkattur","622509","Pudukottai","Pudukottai","Tamil Nadu"
"Thenalpalayam","636318","Salem","Salem","Tamil Nadu"
"Thengamputhur","629603","Kanyakumari","Kanyakumari","Tamil Nadu"
"Thengapattinam","629173","Kanyakumari","Kanyakumari","Tamil Nadu"
"Theni","626531","Madurai","Madurai","Tamil Nadu"
"Theni South","626531","Madurai","Madurai","Tamil Nadu"
"Thenkarai Kottar","636915","Dharmapuri","Dharmapuri","Tamil Nadu"
"Thenmudiyanur","606714","Vellore","Vellore","Tamil Nadu"
"Thenneri","631604","Vellore","Vellore","Tamil Nadu"
"Thenpathi","609111","Thanjavur","Thanjavur","Tamil Nadu"
"Thenthiruperai","628623","Tirunelveli","Thenthiruperai","Tamil Nadu"
"Thenur","625403","Madurai","Madurai","Tamil Nadu"
"Theosophical Society","600020","Chennai","Chennai","Tamil Nadu"
"Theri Kudiyiruppu","628228","Tirunelveli","Tirunelveli","Tamil Nadu"
"Therku Pogainallur","611114","Thanjavur","Thanjavur","Tamil Nadu"
"Therku Tharavai","623545","Ramanathapuram","Ramanathapuram","Tamil Nadu"
"Therkutheru","625122","Madurai","Madurai","Tamil Nadu"
"Thermalngar","628006","Tirunelveli","Tirunelveli","Tamil Nadu"
"Thethakudi Therku","628006","Tirunelveli","Tirunelveli","Tamil Nadu"
"Thethakudi Vadakku","614811","Thanjavur","Thanjavur","Tamil Nadu"
"Thevaiyur","621129","Perambalur","Perambalur","Tamil Nadu"
"Thevur Salem","637104","Salem","Salem","Tamil Nadu"
"Thevur Thanjavur","611109","Thanjavur","Thanjavur","Tamil Nadu"
"Thiagaraja Nagar Theni","626531","Madurai","Madurai","Tamil Nadu"
"Thiagarajar College","625009","Madurai","Madurai","Tamil Nadu"
"Thiashola","643230","The Nilgiri","Uthagamandalam","Tamil Nadu"
"Thikkanamcode","629804","Kanyakumari","Kanyakumari","Tamil Nadu"
"Thillai Vilagam","614729","Thanjavur","Thanjavur","Tamil Nadu"
"Thillaiganganagar","600061","Chennai","Chennai","Tamil Nadu"
"Thillainagar","636001","Salem","Salem","Tamil Nadu"
"Thillainagar","620018","Tiruchirappalli","Tiruchirappalli","Tamil Nadu"
"Thillaipuram","637002","Salem","Salem","Tamil Nadu"
"Thillaisthanam","613203","Thanjavur","Thanjavur","Tamil Nadu"
"Thillayadi","609310","Thanjavur","Thanjavur","Tamil Nadu"
"Thimmavaram","603117","Tiruvallur","Tiruvallur","Tamil Nadu"
"Thinnanur","621021","Tiruchirappalli","Tiruchirappalli","Tamil Nadu"
"Thirukkannamangai","610112","Thanjavur","Thanjavur","Tamil Nadu"
"Thirumalaipatti","637416","Salem","Salem","Tamil Nadu"
"Thirumalanayakkan","627855","Tirunelveli","Tirunelveli","Tamil Nadu"
"Thirumurthinagar","642139","Coimbatore","Coimbatore","Tamil Nadu"
"Thiruvanaikoil","620005","Tiruchirappalli","Tiruchirappalli","Tamil Nadu"
"Thiruvarambu","629183","Kanyakumari","Kanyakumari","Tamil Nadu"
"Thiruvarur Cutcherry","610002","Thiruvarur","Thiruvarur","Tamil Nadu"
"Thiruvarur H O","610001","Thiruvarur","Thiruvarur","Tamil Nadu"
"Thiruvarur North","610002","Thiruvarur","Thiruvarur","Tamil Nadu"
"Thiruvarur R S","610001","Thiruvarur","Thiruvarur","Tamil Nadu"
"Thiruvellari","621009","Tiruchirappalli","Tiruchirappalli","Tamil Nadu"
"Thiyathur","614645","Thanjavur","Thanjavur","Tamil Nadu"
"Thodamuthur","641109","Coimbatore","Coimbatore","Tamil Nadu"
"Thogamalai","621313","Karur","Karur","Tamil Nadu"
"Thogur","613102","Thanjavur","Thanjavur","Tamil Nadu"
"Tholampalayam","641114","Coimbatore","Coimbatore","Tamil Nadu"
"Tholasampatti","636503","Salem","Salem","Tamil Nadu"
"Thondamanatham","607305","Cuddalore","Cuddalore","Tamil Nadu"
"Thoopul","631501","Tiruvallur","Tiruvallur","Tamil Nadu"
"Thoppampatti","624611","Erode","Erode","Tamil Nadu"
"Thoppanpatti","638696","Madurai","Madurai","Tamil Nadu"
"Thoppukana","632503","Vellore","Vellore","Tamil Nadu"
"Thoraihatti","643272","The Nilgiri","Uthagamandalam","Tamil Nadu"
"Thoramangalam","621220","Tiruchirappalli","Tiruchirappalli","Tamil Nadu"
"Thorapadi","632002","Vellore","Thorapadi","Tamil Nadu"
"Thorapalli","635129","Dharmapuri","Dharmapuri","Tamil Nadu"
"Thorapalli","632002","Vellore","Vellore","Tamil Nadu"
"Thottayam","621215","Tiruchirappalli","Tiruchirappalli","Tamil Nadu"
"Thovala","609302","Thanjavur","Thanjavur","Tamil Nadu"
"Thozhupedu","603310","Tiruvallur","Tiruvallur","Tamil Nadu"
"Ththankulam","628622","Tirunelveli","Tirunelveli","Tamil Nadu"
"Thuckaickanpalayam","638506","Madurai","Madurai","Tamil Nadu"
"Thuckalay H O","629175","Kanyakumari","Kanyakumari","Tamil Nadu"
"Thukkapettai","606709","Vellore","Vellore","Tamil Nadu"
"Thulajapattinam","614727","Thanjavur","Thanjavur","Tamil Nadu"
"Thulakkapatti R S","626208","Virudhunagar","Virudhunagar","Tamil Nadu"
"Thumbai","636114","Salem","Salem","Tamil Nadu"
"Thumbapatti","625108","Madurai","Madurai","Tamil Nadu"
"Thummanathy","643260","The Nilgiri","Uthagamandalam","Tamil Nadu"
"Thuneri","643051","The Nilgiri","Uthagamandalam","Tamil Nadu"
"Thuthipattu","635811","Vellore","Thuthipattu","Tamil Nadu"
"Thuthur","629176","Ariyalur","Ariyalur","Tamil Nadu"
"Thuvagudimalai","620022","Tiruchirappalli","Tiruchirappalli","Tamil Nadu"
"Thuvarankurichi","621314","Tiruchirappalli","Tiruchirappalli","Tamil Nadu"
"Thuvariman","624222","Dindigul","Dindigul","Tamil Nadu"
"Thyagarayanagar South","600017","Chennai","Chennai","Tamil Nadu"
"Timiri","632512","Vellore","Timiri","Tamil Nadu"
"Timmachipuram","639147","Madurai","Madurai","Tamil Nadu"
"Tindivanam Bazar","604001","Vellore","Vellore","Tamil Nadu"
"Tindivanam East","604002","Vellore","Vellore","Tamil Nadu"
"Tindivanam H O","604001","Vellore","Vellore","Tamil Nadu"
"Tindivanam West","604001","Vellore","Vellore","Tamil Nadu"
"Tingalur","638055","Madurai","Madurai","Tamil Nadu"
"Tippirajapuram","612402","Thanjavur","Thanjavur","Tamil Nadu"
"Tirali","626712","Madurai","Madurai","Tamil Nadu"
"Tirthamalai","636906","Salem","Salem","Tamil Nadu"
"Tirucadaiyur","609311","Thanjavur","Thanjavur","Tamil Nadu"
"Tiruchendur","628215","Tirunelveli","Tiruchendur","Tamil Nadu"
"Tiruchendur Bus Stand","628215","Tirunelveli","Tiruchendur","Tamil Nadu"
"Tiruchendur H O","628215","Tirunelveli","Tiruchendur","Tamil Nadu"
"Tiruchengodu H O","637211","Salem","Salem","Tamil Nadu"
"Tiruchengodu North","637211","Salem","Salem","Tamil Nadu"
"Tiruchengodu West","637211","Salem","Salem","Tamil Nadu"
"Tiruchi Air Port","620007","Tiruchirappalli","Tiruchirappalli","Tamil Nadu"
"Tiruchi East","620008","Tiruchirappalli","Tiruchirappalli","Tamil Nadu"
"Tiruchi Fort","620008","Tiruchirappalli","Tiruchirappalli","Tamil Nadu"
"Tiruchirai","612605","Thanjavur","Thanjavur","Tamil Nadu"
"Tiruchirapalli Town Hall","620002","Tiruchirappalli","Tiruchirappalli","Tamil Nadu"
"Tiruchirappalli","620001","Tiruchirappalli","Tiruchirappalli","Tamil Nadu"
"Tiruchirappalli Cantt","620001","Tiruchirappalli","Tiruchirappalli","Tamil Nadu"
"Tiruchirappalli H O","620001","Tiruchirappalli","Tiruchirappalli","Tamil Nadu"
"Tiruchirappalli R S","620001","Tiruchirappalli","Tiruchirappalli","Tamil Nadu"
"Tiruchitrambalam","614628","Thanjavur","Thanjavur","Tamil Nadu"
"Tiruchuli","626129","Virudhunagar","Virudhunagar","Tamil Nadu"
"Tirugokarnam","622002","Pudukottai","Pudukottai","Tamil Nadu"
"Tirukalambur","622414","Pudukottai","Pudukottai","Tamil Nadu"
"Tirukalar","614720","Thanjavur","Thanjavur","Tamil Nadu"
"Tirukalikundaram","603109","Tiruvallur","Tiruvallur","Tamil Nadu"
"Tirukalikundaram Bazar","603109","Tiruvallur","Tiruvallur","Tamil Nadu"
"Tirukannapuram","609704","Thanjavur","Thanjavur","Tamil Nadu"
"Tirukanur Patti","613307","Thanjavur","Thanjavur","Tamil Nadu"
"Tirukaragavur","614302","Thanjavur","Thanjavur","Tamil Nadu"
"Tirukarangudi","627115","Tirunelveli","Tirunelveli","Tamil Nadu"
"Tirukatchinambistreet","631503","Tiruvallur","Tiruvallur","Tamil Nadu"
"Tirukattupalli","613104","Thanjavur","Thanjavur","Tamil Nadu"
"Tirukattupalli East","613104","Thanjavur","Thanjavur","Tamil Nadu"
"Tirukkalacheri","609312","Thanjavur","Thanjavur","Tamil Nadu"
"Tirukkoshiyur","623210","Sivaganga","Sivaganga","Tamil Nadu"
"Tirukkoyilur Bus Stand","605757","Vellore","Vellore","Tamil Nadu"
"Tirukkoyiylur H O","605757","Vellore","Vellore","Tamil Nadu"
"Tirukoyilur Bazar","605757","Vellore","Vellore","Tamil Nadu"
"Tirukuvalai","610204","Thanjavur","Thanjavur","Tamil Nadu"
"Tirumakkottai","614017","Thanjavur","Thanjavur","Tamil Nadu"
"Tirumalaipatti","637416","Salem","Salem","Tamil Nadu"
"Tirumalaivadi","621851","Tiruchirappalli","Tiruchirappalli","Tamil Nadu"
"Tirumalpur","631053","Vellore","Vellore","Tamil Nadu"
"Tirumalrayanpattinam","609606","Thanjavur","Thanjavur","Tamil Nadu"
"Tirumancheri","609813","Thanjavur","Thanjavur","Tamil Nadu"
"Tirumangalakottai","614627","Thanjavur","Thanjavur","Tamil Nadu"
"Tirumangalakudi","612102","Thanjavur","Thanjavur","Tamil Nadu"
"Tirumangalam","626706","Madurai","Madurai","Tamil Nadu"
"Tirumangalam Road","600049","Chennai","Chennai","Tamil Nadu"
"Tirumangalam South","626706","Madurai","Madurai","Tamil Nadu"
"Tirumani","626706","Madurai","Madurai","Tamil Nadu"
"Tirumani Arni","604504","Vellore","Vellore","Tamil Nadu"
"Tirumanilayur","639003","Madurai","Madurai","Tamil Nadu"
"Tirumanur","621715","Tiruchirappalli","Tiruchirappalli","Tamil Nadu"
"Tirumarugal","609702","Thanjavur","Thanjavur","Tamil Nadu"
"Tirumayam","622507","Pudukottai","Pudukottai","Tamil Nadu"
"Tirumayanur","622009","Pudukottai","Pudukottai","Tamil Nadu"
"Tirumenir Koil","609204","Thanjavur","Thanjavur","Tamil Nadu"
"Tirumullavasal","609113","Thanjavur","Thanjavur","Tamil Nadu"
"Tirumuzhi","602107","Tiruvallur","Tiruvallur","Tamil Nadu"
"Tirunagar","625006","Madurai","Madurai","Tamil Nadu"
"Tirunagar Colony","638003","Madurai","Madurai","Tamil Nadu"
"Tirunagari","609122","Thanjavur","Thanjavur","Tamil Nadu"
"Tirunageswaram","612204","Thanjavur","Thanjavur","Tamil Nadu"
"Tirunallur","607204","Vellore","Vellore","Tamil Nadu"
"Tirunellikaval","610205","Thanjavur","Thanjavur","Tamil Nadu"
"Tirunelveli East","627006","Tirunelveli","Tirunelveli","Tamil Nadu"
"Tirunelveli Ind H O","627001","Tirunelveli","Tirunelveli","Tamil Nadu"
"Tirunelveli Morku","627006","Tirunelveli","Tirunelveli","Tamil Nadu"
"Tirunelveli Nagar","627001","Tirunelveli","Tirunelveli","Tamil Nadu"
"Tirunelveli Pettai","627004","Tirunelveli","Tirunelveli","Tamil Nadu"
"Tirunelveli Pettai East","627004","Tirunelveli","Tirunelveli","Tamil Nadu"
"Tirunelveli Therku","627006","Tirunelveli","Tirunelveli","Tamil Nadu"
"Tirunelveli Town","627006","Tirunelveli","Tirunelveli","Tamil Nadu"
"Tiruneveli","610205","Thanjavur","Thanjavur","Tamil Nadu"
"Tiruneveli Bazar","627006","Tirunelveli","Tirunelveli","Tamil Nadu"
"Tirunilakudi","612108","Thanjavur","Thanjavur","Tamil Nadu"
"Tiruninravur","602024","Tiruvallur","Tiruvallur","Tamil Nadu"
"Tiruninravur R S","602024","Tiruvallur","Tiruvallur","Tamil Nadu"
"Tiruninrvur","602024","Tiruvallur","Tiruvallur","Tamil Nadu"
"Tirupalaivanam","601208","Tiruvallur","Tiruvallur","Tamil Nadu"
"Tirupalakudi","623531","Ramanathapuram","Ramanathapuram","Tamil Nadu"
"Tirupalakudi","614028","Thanjavur","Thanjavur","Tamil Nadu"
"Tirupanandal","612504","Thanjavur","Thanjavur","Tamil Nadu"
"Tirupandi","611110","Thanjavur","Thanjavur","Tamil Nadu"
"Tirupangur","609112","Thanjavur","Thanjavur","Tamil Nadu"
"Tirupanthuruthi","613103","Thanjavur","Thanjavur","Tamil Nadu"
"Tiruparankundram","625005","Madurai","Madurai","Tamil Nadu"
"Tirupattur Bus Stand","623211","Sivaganga","Sivaganga","Tamil Nadu"
"Tirupattur Extension","635601","Dharmapuri","Dharmapuri","Tamil Nadu"
"Tiruporur","603110","Tiruvallur","Tiruvallur","Tamil Nadu"
"Tiruppachetty","623610","Sivaganga","Sivaganga","Tamil Nadu"
"Tiruppadiraipuliyur","607002","Vellore","Vellore","Tamil Nadu"
"Tiruppadiraipuliyur Bazar","607002","Vellore","Vellore","Tamil Nadu"
"Tiruppapullani","623532","Ramanathapuram","Ramanathapuram","Tamil Nadu"
"Tirupparaithurai","639115","Madurai","Madurai","Tamil Nadu"
"Tiruppattur H O N A","635601","Dharmapuri","Dharmapuri","Tamil Nadu"
"Tiruppattur Ramnad","623211","Sivaganga","Sivaganga","Tamil Nadu"
"Tiruppatur Bazar","635602","Vellore","Vellore","Tamil Nadu"
"Tiruppirambiyur","612303","Thanjavur","Thanjavur","Tamil Nadu"
"Tiruppur Bazar","641604","Coimbatore","Coimbatore","Tamil Nadu"
"Tirupunavasal","614642","Thanjavur","Thanjavur","Tamil Nadu"
"Tirupur Bazar","638601","Madurai","Madurai","Tamil Nadu"
"Tirupur East","638607","Madurai","Madurai","Tamil Nadu"
"Tirupur H O","638601","Madurai","Madurai","Tamil Nadu"
"Tirupur North","638602","Madurai","Madurai","Tamil Nadu"
"Tirupuvanam","638602","Madurai","Madurai","Tamil Nadu"
"Tirupuvanam","623611","Ramanathapuram","Ramanathapuram","Tamil Nadu"
"Tirur Cpt","602025","Tiruvallur","Tiruvallur","Tamil Nadu"
"Tiruthangal","626130","Virudhunagar","Virudhunagar","Tamil Nadu"
"Tiruthani West","631209","Tiruvallur","Tiruvallur","Tamil Nadu"
"Tiruthuraipundi Bazar","614713","Thanjavur","Thanjavur","Tamil Nadu"
"Tiruthuraipundi H O","614713","Thanjavur","Thanjavur","Tamil Nadu"
"Tiruthuraipundi West","614713","Thanjavur","Thanjavur","Tamil Nadu"
"Tiruthuraipunndi R S","614713","Thanjavur","Thanjavur","Tamil Nadu"
"Tiruttani","631209","Tiruvallur","Tiruttani","Tamil Nadu"
"Tiruttani East","631209","Tiruvallur","Tiruvallur","Tamil Nadu"
"Tiruttani North","631209","Tiruvallur","Tiruvallur","Tamil Nadu"
"Tiruttani South","631209","Tiruvallur","Tiruvallur","Tamil Nadu"
"Tiruttarakosamangai","623533","Ramanathapuram","Ramanathapuram","Tamil Nadu"
"Tiruturaipoondi","614711","Thanjavur","Thanjavur","Tamil Nadu"
"Tiruvadanai","623407","Sivaganga","Sivaganga","Tamil Nadu"
"Tiruvaduthurai","609803","Thanjavur","Thanjavur","Tamil Nadu"
"Tiruvaikavur","612304","Thanjavur","Thanjavur","Tamil Nadu"
"Tiruvaiyaru","613204","Thanjavur","Thanjavur","Tamil Nadu"
"Tiruvaiyura North","613204","Thanjavur","Thanjavur","Tamil Nadu"
"Tiruvalam","632515","Vellore","Vellore","Tamil Nadu"
"Tiruvalgadu","609810","Thanjavur","Thanjavur","Tamil Nadu"
"Tiruvallur Bazar","602001","Tiruvallur","Tiruvallur","Tamil Nadu"
"Tiruvallur H O","602001","Tiruvallur","Tiruvallur","Tamil Nadu"
"Tiruvallur Netaji Road","602001","Tiruvallur","Tiruvallur","Tamil Nadu"
"Tiruvallur R S","602001","Tiruvallur","Tiruvallur","Tamil Nadu"
"Tiruvallur Sannadhi Stree","602001","Tiruvallur","Tiruvallur","Tamil Nadu"
"Tiruvaluvar Nagar","600016","Chennai","Chennai","Tamil Nadu"
"Tiruvamblapuram","627130","Tirunelveli","Tirunelveli","Tamil Nadu"
"Tiruvanmiyur","600041","Chennai","Chennai","Tamil Nadu"
"Tiruvannamalai Bazar","606601","Vellore","Vellore","Tamil Nadu"
"Tiruvannamalai H O","606601","Vellore","Vellore","Tamil Nadu"
"Tiruvannamalai R S","606602","Vellore","Vellore","Tamil Nadu"
"Tiruvappur","622003","Pudukottai","Pudukottai","Tamil Nadu"
"Tiruvarangam","605805","Vellore","Vellore","Tamil Nadu"
"Tiruvarankulam","622303","Pudukottai","Pudukottai","Tamil Nadu"
"Tiruvattor","629177","Kanyakumari","Kanyakumari","Tamil Nadu"
"Tiruvedagam","624234","Dindigul","Dindigul","Tamil Nadu"
"Tiruvedagam West","624217","Dindigul","Dindigul","Tamil Nadu"
"Tiruvegampet","623408","Sivaganga","Sivaganga","Tamil Nadu"
"Tiruvelangadu","631210","Vellore","Vellore","Tamil Nadu"
"Tiruvellavoyal","601209","Tiruvallur","Tiruvallur","Tamil Nadu"
"Tiruvellikeni","600005","Chennai","Chennai","Tamil Nadu"
"Tiruvendipuram","607401","Vellore","Vellore","Tamil Nadu"
"Tiruvengadam","627719","Tirunelveli","Tirunelveli","Tamil Nadu"
"Tiruvengadu","609114","Thanjavur","Thanjavur","Tamil Nadu"
"Tiruvennainallur","607203","Vellore","Vellore","Tamil Nadu"
"Tiruverambur","620013","Tiruchirappalli","Tiruchirappalli","Tamil Nadu"
"Tiruverkadu","600077","Chennai","Tiruverkadu","Tamil Nadu"
"Tiruvesaloor","612110","Thanjavur","Thanjavur","Tamil Nadu"
"Tiruvetipuram","604407","Vellore","Vellore","Tamil Nadu"
"Tiruvidacherry","610107","Thanjavur","Thanjavur","Tamil Nadu"
"Tiruvidaimarudur","612104","Thanjavur","Thanjavur","Tamil Nadu"
"Tiruvithamcode","629174","Kanyakumari","Kanyakumari","Tamil Nadu"
"Tiruvizhimazhalai","609505","Thanjavur","Thanjavur","Tamil Nadu"
"Tiruvonam","614614","Thanjavur","Thanjavur","Tamil Nadu"
"Tiruvottiur Central","600019","Chennai","Chennai","Tamil Nadu"
"Tiruvottiyur","600019","Chennai","Tiruvottiyur","Tamil Nadu"
"Tiruvottiyur North","600019","Chennai","Chennai","Tamil Nadu"
"Tiruvottiyur West","600019","Chennai","Chennai","Tamil Nadu"
"Tisaiyanvilai","628657","Tirunelveli","Tirunelveli","Tamil Nadu"
"Tittacherry","609703","Thanjavur","Thanjavur","Tamil Nadu"
"Tittagudi","606106","Vellore","Vellore","Tamil Nadu"
"Tiyagadrug","606206","Vellore","Vellore","Tamil Nadu"
"Toludur","606303","Vellore","Vellore","Tamil Nadu"
"Tondar Bazar","627006","Tirunelveli","Tirunelveli","Tamil Nadu"
"Tondi","623409","Sivaganga","Sivaganga","Tamil Nadu"
"Tondikarpet","600081","Chennai","Chennai","Tamil Nadu"
"Toppur","636352","Salem","Salem","Tamil Nadu"
"Topputhurai","614809","Thanjavur","Thanjavur","Tamil Nadu"
"Topslip","642141","Coimbatore","Coimbatore","Tamil Nadu"
"Toruvalur","623530","Ramanathapuram","Ramanathapuram","Tamil Nadu"
"Town Hall Road","625001","Madurai","Madurai","Tamil Nadu"
"Tranuebar","609313","Thanjavur","Thanjavur","Tamil Nadu"
"Treaning Institute","600113","Chennai","Chennai","Tamil Nadu"
"Trichy","620015","Tiruchirappalli","Tiruchirappalli","Tamil Nadu"
"Triplicane South","600014","Chennai","Chennai","Tamil Nadu"
"Tudipathi","638057","Madurai","Madurai","Tamil Nadu"
"Tuhili","609804","Thanjavur","Thanjavur","Tamil Nadu"
"Tungapuram","621716","Tiruchirappalli","Tiruchirappalli","Tamil Nadu"
"Turaiyur Bazar","621010","Tiruchirappalli","Tiruchirappalli","Tamil Nadu"
"Turaiyur Bus Stand","621010","Tiruchirappalli","Tiruchirappalli","Tamil Nadu"
"Turaiyur Extension","621010","Tiruchirappalli","Tiruchirappalli","Tamil Nadu"
"Turaiyur H O Trichy","621010","Tiruchirappalli","Tiruchirappalli","Tamil Nadu"
"Turaiyur Koitpatti","627720","Tirunelveli","Tirunelveli","Tamil Nadu"
"Turicorin H O","628001","Tirunelveli","Tirunelveli","Tamil Nadu"
"Turinjapuram","606805","Vellore","Vellore","Tamil Nadu"
"Tuticorin Harbour","628001","Tirunelveli","Tirunelveli","Tamil Nadu"
"Tuticorin Kelur","628001","Tirunelveli","Tirunelveli","Tamil Nadu"
"Tuticorin Thermal","628004","Tirunelveli","Tirunelveli","Tamil Nadu"
"Tuttapalam","643242","The Nilgiri","Uthagamandalam","Tamil Nadu"
"Tvs Nagar","625003","Madurai","Madurai","Tamil Nadu"
"U Ammapatti","626541","Madurai","Madurai","Tamil Nadu"
"Uchipulli","623534","Ramanathapuram","Ramanathapuram","Tamil Nadu"
"Udagamandalam H O","643001","The Nilgiri","Uthagamandalam","Tamil Nadu"
"Udagamandalam Market","643001","The Nilgiri","Uthagamandalam","Tamil Nadu"
"Udamalpet","642154","Coimbatore","Coimbatore","Tamil Nadu"
"Udamalpet Bazar","642126","Coimbatore","Coimbatore","Tamil Nadu"
"Udamalpet H O","642126","Coimbatore","Coimbatore","Tamil Nadu"
"Udamalpet South","642126","Coimbatore","Coimbatore","Tamil Nadu"
"Udayamarthandam","629178","Kanyakumari","Kanyakumari","Tamil Nadu"
"Udayamarthandapuram","614706","Thanjavur","Thanjavur","Tamil Nadu"
"Udayandiram","635755","Dharmapuri","Dharmapuri","Tamil Nadu"
"Udayarpalayam","636102","Ariyalur","Udayarpalayam","Tamil Nadu"
"Uddanpalli","635119","Dharmapuri","Dharmapuri","Tamil Nadu"
"Udgamandalam","643001","The Nilgiri","Uthagamandalam","Tamil Nadu"
"Udiyur","638703","Madurai","Madurai","Tamil Nadu"
"Ukkaram","638404","Madurai","Madurai","Tamil Nadu"
"Ukkiramkottai","627202","Tirunelveli","Tirunelveli","Tamil Nadu"
"Ulagampatti","622410","Pudukottai","Pudukottai","Tamil Nadu"
"Ulandai","631404","Vellore","Vellore","Tamil Nadu"
"Ulipuram","636118","Salem","Salem","Tamil Nadu"
"Ulkottai","612905","Thanjavur","Thanjavur","Tamil Nadu"
"Ullikadai","614212","Thanjavur","Thanjavur","Tamil Nadu"
"Ullunderpet","606107","Vellore","Vellore","Tamil Nadu"
"Ulunderpet Bus Stand","606107","Vellore","Vellore","Tamil Nadu"
"Umayalpuram","614209","Thanjavur","Thanjavur","Tamil Nadu"
"Unjalur","638152","Madurai","Madurai","Tamil Nadu"
"Unnamalaikada","629179","Kanyakumari","Kanyakumari","Tamil Nadu"
"Uppathur","626205","Virudhunagar","Virudhunagar","Tamil Nadu"
"Uppatti","643241","The Nilgiri","Uthagamandalam","Tamil Nadu"
"Uppidamangalam","621011","Tiruchirappalli","Uppidamangalam","Tamil Nadu"
"Uppilpalayam","641015","Coimbatore","Coimbatore","Tamil Nadu"
"Uppukottai","626571","Madurai","Madurai","Tamil Nadu"
"Urakkarai","621224","Tiruchirappalli","Tiruchirappalli","Tamil Nadu"
"Uranganpatti","625119","Madurai","Madurai","Tamil Nadu"
"Uranipuram","614631","Thanjavur","Thanjavur","Tamil Nadu"
"Uslampatti","626532","Madurai","Madurai","Tamil Nadu"
"Uslampatti Pettai","626532","Madurai","Madurai","Tamil Nadu"
"Usman Road","600017","Chennai","Chennai","Tamil Nadu"
"Ussoor","632105","Vellore","Vellore","Tamil Nadu"
"Uthamadanapuram","614213","Thanjavur","Thanjavur","Tamil Nadu"
"Uthamapalayam","626533","Madurai","Uthamapalayam","Tamil Nadu"
"Uthamapalayam Bazar","626533","Madurai","Madurai","Tamil Nadu"
"Uthappanayakanur","626537","Madurai","Madurai","Tamil Nadu"
"Uthiramerur","603406","Tiruvallur","Uthiramerur","Tamil Nadu"
"Uthumalai","627860","Tirunelveli","Tirunelveli","Tamil Nadu"
"Uttangarai","635207","Dharmapuri","Dharmapuri","Tamil Nadu"
"Uttukottai","602026","Tiruvallur","Tiruvallur","Tamil Nadu"
"Uttukuli","638751","Madurai","Madurai","Tamil Nadu"
"Uttukuli R S","638752","Madurai","Madurai","Tamil Nadu"
"Uttukuli Zamin","642004","Coimbatore","Coimbatore","Tamil Nadu"
"Uvari","628658","Tirunelveli","Tirunelveli","Tamil Nadu"
"V Kalathur","621117","Tiruchirappalli","Tiruchirappalli","Tamil Nadu"
"V Marudur","605602","Vellore","Vellore","Tamil Nadu"
"V Mathur","605118","Vellore","Vellore","Tamil Nadu"
"V O C Nagar","613007","Thanjavur","Thanjavur","Tamil Nadu"
"V Pudur","622416","Pudukottai","Pudukottai","Tamil Nadu"
"Vadachennimalai","636121","Salem","Salem","Tamil Nadu"
"Vadagarai","626501","Madurai","Madurai","Tamil Nadu"
"Vadagudi","610116","Thanjavur","Thanjavur","Tamil Nadu"
"Vadagudi Chatram","611002","Thanjavur","Thanjavur","Tamil Nadu"
"Vadakadu","622304","Pudukottai","Pudukottai","Tamil Nadu"
"Vadakarai","609314","Virudhunagar","Virudhunagar","Tamil Nadu"
"Vadakarai Koilpatti","627812","Tirunelveli","Tirunelveli","Tamil Nadu"
"Vadakkanendal","606207","Vellore","Vellore","Tamil Nadu"
"Vadakkankulam","627116","Tirunelveli","Tirunelveli","Tamil Nadu"
"Vadakkipalayam","642142","Coimbatore","Coimbatore","Tamil Nadu"
"Vadakku","611115","Thanjavur","Thanjavur","Tamil Nadu"
"Vadakku","627603","Tirunelveli","Tirunelveli","Tamil Nadu"
"Vadakku Ariyanayagipuramp","627603","Tirunelveli","Tirunelveli","Tamil Nadu"
"Vadakku Mangudi","614303","Thanjavur","Thanjavur","Tamil Nadu"
"Vadakku Poigainallur","611115","Thanjavur","Thanjavur","Tamil Nadu"
"Vadakkupattu Na","635822","Dharmapuri","Dharmapuri","Tamil Nadu"
"Vadakkur","623704","Ramanathapuram","Ramanathapuram","Tamil Nadu"
"Vadalai","623804","Ramanathapuram","Ramanathapuram","Tamil Nadu"
"Vadamadurai","601105","Tiruvallur","Tiruvallur","Tamil Nadu"
"Vadamadurai","624802","Dindigul","Vadamadurai","Tamil Nadu"
"Vadamadurai D G L","624802","Dindigul","Vadamadurai","Tamil Nadu"
"Vadamalaipuram","627762","Virudhunagar","Virudhunagar","Tamil Nadu"
"Vadamathimangalam","606907","Vellore","Vellore","Tamil Nadu"
"Vadamattam","612201","Thanjavur","Thanjavur","Tamil Nadu"
"Vadambacheri","638806","Madurai","Madurai","Tamil Nadu"
"Vadamugam Vellodu","638112","Madurai","Madurai","Tamil Nadu"
"Vadapalani","600026","Chennai","Chennai","Tamil Nadu"
"Vadapathimangalam","610206","Thanjavur","Thanjavur","Tamil Nadu"
"Vadapudpet","635812","Vellore","Vellore","Tamil Nadu"
"Vadaserry","629001","Kanyakumari","Kanyakumari","Tamil Nadu"
"Vadasittur","641202","Coimbatore","Coimbatore","Tamil Nadu"
"Vadasseri","614905","Thanjavur","Thanjavur","Tamil Nadu"
"Vadavalam","622052","Pudukottai","Pudukottai","Tamil Nadu"
"Vadaver","612607","Thanjavur","Thanjavur","Tamil Nadu"
"Vadavur","614019","Thanjavur","Thanjavur","Tamil Nadu"
"Vadhuvarpatti","626183","Virudhunagar","Virudhunagar","Tamil Nadu"
"Vadipatti","624218","Dindigul","Vadipatti","Tamil Nadu"
"Vadiveeswaram","629002","Kanyakumari","Kanyakumari","Tamil Nadu"
"Vaduganthangal","632204","Vellore","Vellore","Tamil Nadu"
"Vadugapatti","632204","Vellore","Vadugapatti","Tamil Nadu"
"Vaduvanchery","614726","Thanjavur","Thanjavur","Tamil Nadu"
"Vahakollai","607307","Vellore","Vellore","Tamil Nadu"
"Vaiapurinagar","639002","Madurai","Madurai","Tamil Nadu"
"Vaigallur","639120","Madurai","Madurai","Tamil Nadu"
"Vailankanni","611111","Thanjavur","Thanjavur","Tamil Nadu"
"Vailankanni West","611111","Thanjavur","Thanjavur","Tamil Nadu"
"Vaitheeswaran Koil","609117","Thanjavur","Thanjavur","Tamil Nadu"
"Vaithilingapuram","626154","Virudhunagar","Virudhunagar","Tamil Nadu"
"Vaiyampalayam","641110","Coimbatore","Coimbatore","Tamil Nadu"
"Vaiyampatti","637410","Virudhunagar","Virudhunagar","Tamil Nadu"
"Vaiyampatti","621315","Virudhunagar","Virudhunagar","Tamil Nadu"
"Valady","621218","Tiruchirappalli","Tiruchirappalli","Tamil Nadu"
"Valaikulam","631057","Vellore","Vellore","Tamil Nadu"
"Valakkamparai","629704","Kanyakumari","Kanyakumari","Tamil Nadu"
"Valandu","621317","Tiruchirappalli","Tiruchirappalli","Tamil Nadu"
"Valangaman","612804","Thanjavur","Thanjavur","Tamil Nadu"
"Valangaman West","612804","Thanjavur","Thanjavur","Tamil Nadu"
"Valantharavai","623543","Ramanathapuram","Ramanathapuram","Tamil Nadu"
"Valapady","636115","Salem","Salem","Tamil Nadu"
"Valapandal","632318","Vellore","Vellore","Tamil Nadu"
"Valarpuram","602113","Tiruvallur","Tiruvallur","Tamil Nadu"
"Valathi","604208","Viluppuram","Viluppuram","Tamil Nadu"
"Valathoor","635813","Vellore","Vellore","Tamil Nadu"
"Valavadi","642132","Coimbatore","Coimbatore","Tamil Nadu"
"Valavallam","628803","Tirunelveli","Tirunelveli","Tamil Nadu"
"Valayakarapatti","635817","Dharmapuri","Dharmapuri","Tamil Nadu"
"Valayapatti Pdk","622411","Pudukottai","Pudukottai","Tamil Nadu"
"Valayapatti Slem","637020","Salem","Salem","Tamil Nadu"
"Valikadai","604409","Vellore","Vellore","Tamil Nadu"
"Valikondapuram","621115","Tiruchirappalli","Tiruchirappalli","Tamil Nadu"
"Valivalam","610207","Thanjavur","Thanjavur","Tamil Nadu"
"Vallakulam","628631","Tirunelveli","Tirunelveli","Tamil Nadu"
"Vallam","627817","Tirunelveli","Tirunelveli","Tamil Nadu"
"Vallam Arni","604505","Vellore","Vellore","Tamil Nadu"
"Vallam Bazar","613403","Thanjavur","Vallam","Tamil Nadu"
"Vallam Thanjavur","613403","Thanjavur","Vallam","Tamil Nadu"
"Vallampadugai","608401","Cuddalore","Cuddalore","Tamil Nadu"
"Vallanad","627252","Tirunelveli","Tirunelveli","Tamil Nadu"
"Vallathirkottai","622305","Pudukottai","Pudukottai","Tamil Nadu"
"Vallavilai","629192","Kanyakumari","Kanyakumari","Tamil Nadu"
"Valliamkadu","641115","Coimbatore","Coimbatore","Tamil Nadu"
"Vallimedupettai","604207","Vellore","Vellore","Tamil Nadu"
"Vallioor","627117","Tirunelveli","Tirunelveli","Tamil Nadu"
"Vallioor Perundu Nilayam","627117","Tirunelveli","Tirunelveli","Tamil Nadu"
"Vallur","614031","Thanjavur","Thanjavur","Tamil Nadu"
"Valluvakudi","609116","Nagapattinam","Nagapattinam","Tamil Nadu"
"Valluvambakkam","632524","Vellore","Vellore","Tamil Nadu"
"Valoothoor T J","614210","Thanjavur","Thanjavur","Tamil Nadu"
"Valparai","642127","Coimbatore","Valparai","Tamil Nadu"
"Valudavur","605502","Vellore","Vellore","Tamil Nadu"
"Vambam Colony","622309","Pudukottai","Pudukottai","Tamil Nadu"
"Vamban","622312","Pudukottai","Pudukottai","Tamil Nadu"
"Vanagiri","609123","Nagapattinam","Nagapattinam","Tamil Nadu"
"Vanapuram","606753","Vellore","Vellore","Tamil Nadu"
"Vanarmutti","627721","Tirunelveli","Tirunelveli","Tamil Nadu"
"Vanavasi Slm","636457","Salem","Salem","Tamil Nadu"
"Vandahirajapuram","609812","Thanjavur","Thanjavur","Tamil Nadu"
"Vandalur","600048","Chennai","Vandalur","Tamil Nadu"
"Vandavasi","604408","Vellore","Vandavasi","Tamil Nadu"
"Vandavasi","604408","Tiruvannamalai","Tiruvannamalai","Tamil Nadu"
"Vandavasi Cutcherry","604408","Vellore","Vellore","Tamil Nadu"
"Vandavasi Cutcherry","604408","Tiruvannamalai","Tiruvannamalai","Tamil Nadu"
"Vandayaniruppu","614026","Thanjavur","Thanjavur","Tamil Nadu"
"Vandipaliyam","607004","Vellore","Vellore","Tamil Nadu"
"Vangal","639116","Madurai","Madurai","Tamil Nadu"
"Vangal East","639121","Madurai","Madurai","Tamil Nadu"
"Vanganur","631304","Tiruvallur","Tiruvallur","Tamil Nadu"
"Vanimbadi","635751","Vellore","Vellore","Tamil Nadu"
"Vanimbadi Cutcherry","635751","Vellore","Vellore","Tamil Nadu"
"Vaniyambadi","635752","Vellore","Vaniyambadi","Tamil Nadu"
"Vanjnagaram","625116","Madurai","Madurai","Tamil Nadu"
"Vannar Bank","613003","Thanjavur","Thanjavur","Tamil Nadu"
"Vannarpettai Tvl","627003","Tirunelveli","Tirunelveli","Tamil Nadu"
"Vannerpettai Bazar","627003","Tirunelveli","Tirunelveli","Tamil Nadu"
"Vannikonendal","627954","Tirunelveli","Tirunelveli","Tamil Nadu"
"Vanur","605109","Viluppuram","Viluppuram","Tamil Nadu"
"Varaganeri","620008","Tiruchirappalli","Tiruchirappalli","Tamil Nadu"
"Varaganur","626166","Virudhunagar","Virudhunagar","Tamil Nadu"
"Varagur","637021","Vellore","Vellore","Tamil Nadu"
"Varagur","613109","Vellore","Vellore","Tamil Nadu"
"Varapurpudur","622416","Pudukottai","Pudukottai","Tamil Nadu"
"Varattanpalli","635120","Dharmapuri","Dharmapuri","Tamil Nadu"
"Vardajampettai","621805","Tiruchirappalli","Tiruchirappalli","Tamil Nadu"
"Varichikudi","609610","Thanjavur","Thanjavur","Tamil Nadu"
"Variyankaval","621806","Ariyalur","Ariyalur","Tamil Nadu"
"Variyur","629404","Kanyakumari","Kanyakumari","Tamil Nadu"
"Varkalpattu","607109","Vellore","Vellore","Tamil Nadu"
"Varsaipattu Vadagal","609115","Thanjavur","Thanjavur","Tamil Nadu"
"Vasavappapuram","627303","Tirunelveli","Tirunelveli","Tamil Nadu"
"Vasavi College","638316","Madurai","Madurai","Tamil Nadu"
"Vasudevanallur","627758","Tirunelveli","Vasudevanallur","Tamil Nadu"
"Vatayam","643518","The Nilgiri","Uthagamandalam","Tamil Nadu"
"Vattur","637217","Salem","Salem","Tamil Nadu"
"Vavalur","602111","Tiruvallur","Tiruvallur","Tamil Nadu"
"Vavimarudur","625504","Madurai","Madurai","Tamil Nadu"
"Vayalogam","622104","Pudukottai","Pudukottai","Tamil Nadu"
"Vazhaithottam","642127","Coimbatore","Coimbatore","Tamil Nadu"
"Vedakkur Tuticorin","628001","Tirunelveli","Tirunelveli","Tamil Nadu"
"Vedanthangal","603314","Tiruvallur","Tiruvallur","Tamil Nadu"
"Vedaraniyam","614810","Thanjavur","Thanjavur","Tamil Nadu"
"Vedarniyam East","614810","Thanjavur","Thanjavur","Tamil Nadu"
"Vedasandur","624710","Dindigul","Vedasandur","Tamil Nadu"
"Vediapuram","613205","Thanjavur","Thanjavur","Tamil Nadu"
"Veenugopalapuram","607001","Vellore","Vellore","Tamil Nadu"
"Veeranakunnam","603319","Tiruvallur","Tiruvallur","Tamil Nadu"
"Veeranam","627866","Tirunelveli","Tirunelveli","Tamil Nadu"
"Veerapandi","627866","Tirunelveli","Veerapandi","Tamil Nadu"
"Veerapandi Tirupur","638605","Madurai","Veerapandi","Tamil Nadu"
"Veerappanchattam","638004","Madurai","Madurai","Tamil Nadu"
"Veerisettipall","632607","Vellore","Vellore","Tamil Nadu"
"Velacheri","600042","Chennai","Chennai","Tamil Nadu"
"Velagoundanpatti","637212","Salem","Salem","Tamil Nadu"
"Velandipalayam","641025","Coimbatore","Coimbatore","Tamil Nadu"
"Velayuthanpalayam","639117","Madurai","Madurai","Tamil Nadu"
"Velipalayam","611001","Thanjavur","Thanjavur","Tamil Nadu"
"Velipatnam","623535","Ramanathapuram","Ramanathapuram","Tamil Nadu"
"Vellakkal","627823","Tirunelveli","Tirunelveli","Tamil Nadu"
"Vellakoil","638111","Madurai","Vellakoil","Tamil Nadu"
"Vellakuttai","635756","Vellore","Vellore","Tamil Nadu"
"Vellalanvilai","628219","Tirunelveli","Tirunelveli","Tamil Nadu"
"Vellalapatti","625303","Madurai","Madurai","Tamil Nadu"
"Vellalur C B E","641111","Coimbatore","Vellalur","Tamil Nadu"
"Vellamadam","629305","Kanyakumari","Kanyakumari","Tamil Nadu"
"Vellankoil","638059","Madurai","Madurai","Tamil Nadu"
"Vellankuli","627430","Tirunelveli","Tirunelveli","Tamil Nadu"
"Vellanur","622512","Pudukottai","Pudukottai","Tamil Nadu"
"Vellaram","629403","Kanyakumari","Kanyakumari","Tamil Nadu"
"Vellaur Mdu","626109","Virudhunagar","Virudhunagar","Tamil Nadu"
"Vellavaripudur","638807","Madurai","Madurai","Tamil Nadu"
"Vellayammalpuram","626565","Madurai","Madurai","Tamil Nadu"
"Vellayapuram","626157","Virudhunagar","Virudhunagar","Tamil Nadu"
"Vellayapuram","623315","Sivaganga","Sivaganga","Tamil Nadu"
"Velliyanai","639118","Madurai","Madurai","Tamil Nadu"
"Velliyur","602027","Thiruvallur","Thiruvallur","Tamil Nadu"
"Vellodu","624307","Dindigul","Dindigul","Tamil Nadu"
"Vellore Bazar","632004","Vellore","Vellore","Tamil Nadu"
"Vellore Cantoment","632004","Vellore","Vellore","Tamil Nadu"
"Vellore Collectorate","632005","Vellore","Vellore","Tamil Nadu"
"Vellore Fort","632004","Vellore","Vellore","Tamil Nadu"
"Vellore Kasba","632003","Vellore","Vellore","Tamil Nadu"
"Vellore Market","632004","Vellore","Vellore","Tamil Nadu"
"Vellore Sugar Mills","632519","Vellore","Vellore","Tamil Nadu"
"Vellur","626057","Cuddalore","Cuddalore","Tamil Nadu"
"Vellur","606914","Cuddalore","Cuddalore","Tamil Nadu"
"Velur S A","604154","Vellore","Velur","Tamil Nadu"
"Velur Salem","638182","Madurai","Velur","Tamil Nadu"
"Velur Slm Bazar","638182","Madurai","Velur","Tamil Nadu"
"Velur T T Pundi","614724","Thanjavur","Velur","Tamil Nadu"
"Vemandanpalayam","638462","Madurai","Madurai","Tamil Nadu"
"Vembadithalam","637504","Salem","Salem","Tamil Nadu"
"Vembakkam","603111","Tiruvallur","Tiruvallur","Tamil Nadu"
"Vembakkam","604410","Vellore","Vellore","Tamil Nadu"
"Vembakottai","626131","Virudhunagar","Virudhunagar","Tamil Nadu"
"Vembarpatti","624308","Dindigul","Dindigul","Tamil Nadu"
"Vembarpatti","623565","Sivaganga","Sivaganga","Tamil Nadu"
"Vembathur","627906","Tirunelveli","Tirunelveli","Tamil Nadu"
"Vendanpatti","622419","Pudukottai","Pudukottai","Tamil Nadu"
"Vengal C P T","601103","Tiruvallur","Tiruvallur","Tamil Nadu"
"Vengalapurm","635653","Vellore","Vellore","Tamil Nadu"
"Vengamedue","639006","Madurai","Madurai","Tamil Nadu"
"Vengikal","606604","Vellore","Vellore","Tamil Nadu"
"Venkarai East","614636","Thanjavur","Thanjavur","Tamil Nadu"
"Venkatachalapuram","626572","Tiruchirappalli","Tiruchirappalli","Tamil Nadu"
"Venkatakulam","622310","Pudukottai","Pudukottai","Tamil Nadu"
"Venkatanahalli","636751","Dharmapuri","Dharmapuri","Tamil Nadu"
"Venkatesa Mills","642128","Coimbatore","Coimbatore","Tamil Nadu"
"Venkatesapuram","600012","Chennai","Chennai","Tamil Nadu"
"Venkateswarapuram","627867","Thiruvarur","Thiruvarur","Tamil Nadu"
"Vennampalle","632516","Vellore","Vellore","Tamil Nadu"
"Vennandur","637505","Salem","Salem","Tamil Nadu"
"Vennavalkudi","622205","Pudukottai","Pudukottai","Tamil Nadu"
"Venniar Estate","626538","Madurai","Madurai","Tamil Nadu"
"Vepery","600007","Chennai","Chennai","Tamil Nadu"
"Veppalodai","627909","Tirunelveli","Tirunelveli","Tamil Nadu"
"Veppanapalli","635121","Dharmapuri","Dharmapuri","Tamil Nadu"
"Veppankuppam","632109","Vellore","Vellore","Tamil Nadu"
"Veppanthatti","621116","Tiruchirappalli","Tiruchirappalli","Tamil Nadu"
"Veppathur","612105","Thanjavur","Veppathur","Tamil Nadu"
"Veppilankulam","627131","Tirunelveli","Tirunelveli","Tamil Nadu"
"Veppur S A","606304","Vellore","Vellore","Tamil Nadu"
"Veppur Trichur","621717","Tiruchirappalli","Tiruchirappalli","Tamil Nadu"
"Vetrilaiyurani","626173","Virudhunagar","Virudhunagar","Tamil Nadu"
"Vetrivelpuram","628001","Tirunelveli","Tirunelveli","Tamil Nadu"
"Vettaikaraniruppu","611112","Thanjavur","Thanjavur","Tamil Nadu"
"Vettaikaranpudur","642129","Coimbatore","Vettaikaranpudur","Tamil Nadu"
"Vettangudi","609126","Thanjavur","Thanjavur","Tamil Nadu"
"Vettavalam","606754","Vellore","Vettavalam","Tamil Nadu"
"Vetturanimadam","629003","Kanyakumari","Kanyakumari","Tamil Nadu"
"Victoria Extn Road","628002","Tirunelveli","Tirunelveli","Tamil Nadu"
"Vidayal Karuppur","612606","Thanjavur","Thanjavur","Tamil Nadu"
"Vijayalakshmipuram","600053","Chennai","Chennai","Tamil Nadu"
"Vijayamangalam","638056","Madurai","Madurai","Tamil Nadu"
"Vijayapathi","627122","Tirunelveli","Tirunelveli","Tamil Nadu"
"Vijayapuram","638606","Madurai","Madurai","Tamil Nadu"
"Vijayarayanam","627118","Tirunelveli","Tirunelveli","Tamil Nadu"
"Vikramangalam","624232","Dindigul","Dindigul","Tamil Nadu"
"Vikramasingapuram","627425","Tirunelveli","Vikramasingapuram","Tamil Nadu"
"Vikravandi","605652","Vellore","Vikravandi","Tamil Nadu"
"Vilakkathoon","625001","Madurai","Madurai","Tamil Nadu"
"Vilakudi","614715","Thanjavur","Thanjavur","Tamil Nadu"
"Vilambur","603317","Tiruvallur","Tiruvallur","Tamil Nadu"
"Vilambur","606223","Vellore","Vellore","Tamil Nadu"
"Vilampatti","624219","Dindigul","Dindigul","Tamil Nadu"
"Vilampatti","626158","Virudhunagar","Virudhunagar","Tamil Nadu"
"Vilapakkam","632521","Vellore","Vilapakkam","Tamil Nadu"
"Vilar","613052","Thanjavur","Thanjavur","Tamil Nadu"
"Vilathikulam","627907","Tirunelveli","Vilathikulam","Tamil Nadu"
"Villapuram","625012","Madurai","Madurai","Tamil Nadu"
"Villivakkam","600049","Chennai","Chennai","Tamil Nadu"
"Villivakkam North","600049","Chennai","Chennai","Tamil Nadu"
"Villivakkam South","600049","Chennai","Chennai","Tamil Nadu"
"Villukuri","629180","Kanyakumari","Villukuri","Tamil Nadu"
"Villuppanur","626186","Virudhunagar","Virudhunagar","Tamil Nadu"
"Villupuram East","605602","Vellore","Vellore","Tamil Nadu"
"Villupuram H O","605602","Vellore","Vellore","Tamil Nadu"
"Villupuram South","605604","Vellore","Vellore","Tamil Nadu"
"Villupuram West","605602","Vellore","Vellore","Tamil Nadu"
"Vilpatti","624107","Dindigul","Dindigul","Tamil Nadu"
"Vilundamvadi","611119","Thanjavur","Thanjavur","Tamil Nadu"
"Vilvarani","606906","Vellore","Vellore","Tamil Nadu"
"Vilvarayanatham","607001","Vellore","Vellore","Tamil Nadu"
"Vinnamangalam","635821","Dharmapuri","Dharmapuri","Tamil Nadu"
"Virachilai","622412","Pudukottai","Pudukottai","Tamil Nadu"
"Viracholam","623612","Sivaganga","Sivaganga","Tamil Nadu"
"Viragalur","636116","Salem","Salem","Tamil Nadu"
"Viragalur","621722","Tiruchirappalli","Tiruchirappalli","Tamil Nadu"
"Viraghavapuram","627001","Tirunelveli","Tirunelveli","Tamil Nadu"
"Virajimangalam","638683","Madurai","Madurai","Tamil Nadu"
"Viralimalai","621316","Pudukottai","Pudukottai","Tamil Nadu"
"Viramanickam","628227","Tirunelveli","Tirunelveli","Tamil Nadu"
"Viramathi","623212","Sivaganga","Sivaganga","Tamil Nadu"
"Virapandi S A","605758","Vellore","Vellore","Tamil Nadu"
"Virapandi Slm","636308","Salem","Salem","Tamil Nadu"
"Virapandianpattinam","628216","Tirunelveli","Tirunelveli","Tamil Nadu"
"Virapatti","622108","Pudukottai","Pudukottai","Tamil Nadu"
"Virasigamani","627862","Tirunelveli","Tirunelveli","Tamil Nadu"
"Viravanallur","627426","Tirunelveli","Tirunelveli","Tamil Nadu"
"Virnjipuram","632104","Vellore","Vellore","Tamil Nadu"
"Virrkeralampudur","627861","Tirunelveli","Tirunelveli","Tamil Nadu"
"Virudasampatti","636463","Salem","Salem","Tamil Nadu"
"Virudhampet","632006","Vellore","Vellore","Tamil Nadu"
"Virudhunagar Bazar","626001","Virudhunagar","Virudhunagar","Tamil Nadu"
"Virudhunagar Bus Stand","626001","Virudhunagar","Virudhunagar","Tamil Nadu"
"Virudhunagar Extension","626001","Virudhunagar","Virudhunagar","Tamil Nadu"
"Virudhunagar H O","626001","Virudhunagar","Virudhunagar","Tamil Nadu"
"Virudhunagar Ind Estate","626003","Virudhunagar","Virudhunagar","Tamil Nadu"
"Virudhunagar North","626001","Virudhunagar","Virudhunagar","Tamil Nadu"
"Virudhunagar Rs","626001","Virudhunagar","Virudhunagar","Tamil Nadu"
"Virudhunagar Town","626001","Virudhunagar","Virudhunagar","Tamil Nadu"
"Virudhunagar West","626001","Virudhunagar","Virudhunagar","Tamil Nadu"
"Virugambakkam","600092","Chennai","Chennai","Tamil Nadu"
"Virugambakkam Bazar","600092","Chennai","Chennai","Tamil Nadu"
"Virugambakkam North","600092","Chennai","Chennai","Tamil Nadu"
"Virupatchi","624628","Dindigul","Dindigul","Tamil Nadu"
"Viruvedu","624220","Dindigul","Dindigul","Tamil Nadu"
"Visalakshinagar","625401","Madurai","Madurai","Tamil Nadu"
"Vishamangalam","635652","Sivaganga","Sivaganga","Tamil Nadu"
"Vishnukanchi","631503","Tiruvallur","Tiruvallur","Tamil Nadu"
"Vishnupuram","609506","Thanjavur","Thanjavur","Tamil Nadu"
"Viswanatham","626176","Virudhunagar","Viswanatham","Tamil Nadu"
"Viswanathapuri","627763","Karur","Karur","Tamil Nadu"
"Vittilapuram","627304","Tirunelveli","Tirunelveli","Tamil Nadu"
"Vivekanandapuram","629702","Kanyakumari","Kanyakumari","Tamil Nadu"
"Voorhees College","632001","Vellore","Vellore","Tamil Nadu"
"Vriddhachalam Bazar","606001","Vellore","Vellore","Tamil Nadu"
"Vriddhachalam H O","606001","Vellore","Vellore","Tamil Nadu"
"Vriddhalchalam","606001","Vellore","Vellore","Tamil Nadu"
"Vridhachalam","605809","Vellore","Vellore","Tamil Nadu"
"Vridhachalam R S","606002","Vellore","Vellore","Tamil Nadu"
"Vridhachalam West","606001","Vellore","Vellore","Tamil Nadu"
"Vyasarpady","600039","Chennai","Chennai","Tamil Nadu"
"Vyrichettipalayam","621012","Tiruchirappalli","Tiruchirappalli","Tamil Nadu"
"Vysarnagar Colony","600039","Chennai","Chennai","Tamil Nadu"
"Vysarpady Coop Ind Estate","600039","Chennai","Chennai","Tamil Nadu"
"Wal Tax Road","600001","Chennai","Chennai","Tamil Nadu"
"Walajabad","631605","Tiruvallur","Walajabad","Tamil Nadu"
"Walajapet","632513","Vellore","Walajapet","Tamil Nadu"
"Walajapet Bazar","632513","Vellore","Vellore","Tamil Nadu"
"Washermanpeta East","600021","Chennai","Chennai","Tamil Nadu"
"Washermanpetta","600021","Chennai","Chennai","Tamil Nadu"
"Waterfalls Estate","642105","Coimbatore","Coimbatore","Tamil Nadu"
"Watrap","626132","Virudhunagar","Virudhunagar","Tamil Nadu"
"Wellington","643231","The Nilgiri","Wellington","Tamil Nadu"
"Wellington Bazar","643232","The Nilgiri","Uthagamandalam","Tamil Nadu"
"West Chintamani","620002","Tiruchirappalli","Tiruchirappalli","Tamil Nadu"
"West Mambalam","600033","Chennai","Chennai","Tamil Nadu"
"West Ponnagaram","625010","Madurai","Madurai","Tamil Nadu"
"Willow Bund","643001","The Nilgiri","Uthagamandalam","Tamil Nadu"
"Wimconagar","600019","Chennai","Chennai","Tamil Nadu"
"Woriyur","620003","Tiruchirappalli","Tiruchirappalli","Tamil Nadu"
"Woriyur Bazar","620003","Tiruchirappalli","Tiruchirappalli","Tamil Nadu"
"World University","600031","Chennai","Chennai","Tamil Nadu"
"Yanaikkal","625001","Madurai","Madurai","Tamil Nadu"
"Yavilipalayam","638403","Madurai","Madurai","Tamil Nadu"
"Yedakkad","643282","The Nilgiri","Uthagamandalam","Tamil Nadu"
"Yedappalli","643278","The Nilgiri","Uthagamandalam","Tamil Nadu"
"Yelagiri Hills","635855","Dharmapuri","Dharmapuri","Tamil Nadu"
"Yelumalai","626535","Madurai","Madurai","Tamil Nadu"
"Yembal","622204","Pudukottai","Pudukottai","Tamil Nadu"
"Yercaud","636601","Salem","Salem","Tamil Nadu"
"Yesanai","621219","Tiruchirappalli","Tiruchirappalli","Tamil Nadu"
"Yethapur","636117","Salem","Salem","Tamil Nadu"
"Zamin Endathur","603311","Tiruvallur","Tiruvallur","Tamil Nadu"
"Zamin Kollangondan","626163","Virudhunagar","Virudhunagar","Tamil Nadu"
"Zamin Mathur","642005","Coimbatore","Coimbatore","Tamil Nadu"
"Abhaynagar","799005","West Tripura","Agartala","Tripura"
"Agartala","799001","North Tripura","Kailashahar","Tripura"
"Agartala Aerodrome","799009","West Tripura","Agartala","Tripura"
"Agartala Airport","799009","West Tripura","Agartala","Tripura"
"Agartala Bazar","799001","North Tripura","Kailashahar","Tripura"
"Agartala College","799004","West Tripura","Agartala","Tripura"
"Agartala Court","799001","North Tripura","Kailashahar","Tripura"
"Agartala Secretariat","799001","North Tripura","Kailashahar","Tripura"
"Amarpur","799101","South Tripura","Amarpur","Tripura"
"Ampinagar","799108","South Tripura","Udaipur","Tripura"
"Anandapur","799157","South Tripura","Udaipur","Tripura"
"Arundhuti Nagar","799003","West Tripura","Agartala","Tripura"
"Bachaibari","799206","West Tripura","Agartala","Tripura"
"Badarghat","799001","North Tripura","Badarghat","Tripura"
"Bagbassa","799252","North Tripura","Kailashahar","Tripura"
"Bagma","799119","South Tripura","Udaipur","Tripura"
"Baikara","799148","South Tripura","Udaipur","Tripura"
"Bankas","799001","North Tripura","Kailashahar","Tripura"
"Barjala","799011","West Tripura","Agartala","Tripura"
"Bartala Bazar","799001","North Tripura","Kailashahar","Tripura"
"Beloniya","799155","South Tripura","Beloniya","Tripura"
"Bimangarh","799015","West Tripura","Agartala","Tripura"
"Birendra Nagar","799045","West Tripura","Agartala","Tripura"
"Bishalgarh","799102","West Tripura","Agartala","Tripura"
"Bisramaganj","799103","West Tripura","Agartala","Tripura"
"Boxa Nagar","799106","West Tripura","Agartala","Tripura"
"Chaileng","799273","North Tripura","Kailashahar","Tripura"
"Chandrap","799251","North Tripura","Kailashahar","Tripura"
"Charilam","799107","West Tripura","Agartala","Tripura"
"Churaib","799262","North Tripura","Kailashahar","Tripura"
"Dasdabazar","799271","North Tripura","Kailashahar","Tripura"
"Dhaleswar","799007","West Tripura","Agartala","Tripura"
"Dharma Nagar","799250","North Tripura","Dharma Nagar","Tripura"
"Fatikcherra","799214","West Tripura","Agartala","Tripura"
"Fatikroy","799290","North Tripura","Kailashahar","Tripura"
"Garjee","799125","South Tripura","Udaipur","Tripura"
"Gumti Project","799104","South Tripura","Udaipur","Tripura"
"Halahali","799286","North Tripura","Kailashahar","Tripura"
"Jagan Nath Bari","799001","North Tripura","Kailashahar","Tripura"
"Jalefa Bazar","799147","South Tripura","Udaipur","Tripura"
"Jamjuri","799123","South Tripura","Udaipur","Tripura"
"Jampuri","799269","North Tripura","Kailashahar","Tripura"
"Jogendranagar","799010","West Tripura","Jogendranagar","Tripura"
"Jolaibari","799141","South Tripura","Udaipur","Tripura"
"Kadamtala","799261","North Tripura","Kailashahar","Tripura"
"Kailashahar","799277","North Tripura","Kailashahar","Tripura"
"Kakraban","799105","South Tripura","Udaipur","Tripura"
"Kalsibazar","799146","South Tripura","Udaipur","Tripura"
"Kalyanpur","799203","West Tripura","Agartala","Tripura"
"Kamalghat","799210","West Tripura","Agartala","Tripura"
"Kamalpur","799285","North Tripura","Kamalpur","Tripura"
"Kanchanbari","799288","North Tripura","Kailashahar","Tripura"
"Kanchanpur","799270","North Tripura","Kanchanpur","Tripura"
"Kathalia","799132","West Tripura","Agartala","Tripura"
"Khayaspur","799008","West Tripura","Agartala","Tripura"
"Khowai","799201","West Tripura","Khowai","Tripura"
"Khowai Court","799202","West Tripura","Agartala","Tripura"
"Kulaibazar","799204","North Tripura","Kailashahar","Tripura"
"Kumarghat","799264","North Tripura","Kumarghat","Tripura"
"Kunjaban","799006","West Tripura","Kunjaban","Tripura"
"Machmara","799265","North Tripura","Kailashahar","Tripura"
"Maharani","799121","South Tripura","Udaipur","Tripura"
"Manikbhandar","799287","North Tripura","Kailashahar","Tripura"
"Manubazar","799143","North Tripura","Kailashahar","Tripura"
"Manughat","799275","North Tripura","Kailashahar","Tripura"
"Matabari","799122","South Tripura","Udaipur","Tripura"
"Matai","799159","South Tripura","Udaipur","Tripura"
"Melagarh","799115","West Tripura","Agartala","Tripura"
"Mohanpur","799211","West Tripura","Agartala","Tripura"
"Muhuripur","799142","South Tripura","Udaipur","Tripura"
"Paiturbazar","799279","North Tripura","Kailashahar","Tripura"
"Panichouki Bazar","799277","North Tripura","Kailashahar","Tripura"
"Panisagar","799260","North Tripura","Kailashahar","Tripura"
"Pecharthal","799263","North Tripura","Kailashahar","Tripura"
"Radhakishorepur","799120","South Tripura","Udaipur","Tripura"
"Radhanagar","799153","South Tripura","Udaipur","Tripura"
"Rajnagar","799158","South Tripura","Udaipur","Tripura"
"Ramnagar","799158","South Tripura","Udaipur","Tripura"
"Ramnagar","799002","West Tripura","Agartala","Tripura"
"Ranirbazar","799035","West Tripura","Ranirbazar","Tripura"
"Rishyamukh","799156","South Tripura","Udaipur","Tripura"
"Sabroom","799145","South Tripura","Sabroom","Tripura"
"Salbagan","799012","West Tripura","Agartala","Tripura"
"Salema","799278","Dhalai","Ambassa","Tripura"
"Salgarh","799125","South Tripura","Udaipur","Tripura"
"Santirbazar","799144","South Tripura","Udaipur","Tripura"
"Satchand","799149","South Tripura","Udaipur","Tripura"
"Sekerkote","799130","West Tripura","Agartala","Tripura"
"Sidhai","799212","West Tripura","Agartala","Tripura"
"Simna","799213","West Tripura","Agartala","Tripura"
"Sunamura","799131","West Tripura","Agartala","Tripura"
"Teliamura","799205","West Tripura","Teliamura","Tripura"
"Tripura Engg College","799055","West Tripura","Agartala","Tripura"
"Tripura Terminal Council","799001","North Tripura","Kailashahar","Tripura"
"Tripura Vidhan Sabha","799001","North Tripura","Kailashahar","Tripura"
"Udaipur Court","799120","South Tripura","Udaipur","Tripura"
"Zirjhamukha","799109","West Tripura","Agartala","Tripura"
"Ambassa","799289","Dhalai","Ambassa","Tripura"
"A F D Factory","283103","Agra","Agra","Uttar Pradesh"
"A F Station Bareilly","243002","Bareilly","Bareilly","Uttar Pradesh"
"A G Palace","221001","Varanasi","Varanasi","Uttar Pradesh"
"A P Sabha","226001","Lucknow","Lucknow","Uttar Pradesh"
"A T P S","231225","Mirzapur","Mirzapur","Uttar Pradesh"
"Abbotganj","284001","Jhansi","Jhansi","Uttar Pradesh"
"Aboonagar","212601","Fatehpur","Fatehpur","Uttar Pradesh"
"Abupur","250001","Meerut","Meerut","Uttar Pradesh"
"Achalda","206241","Etwah","Etwah","Uttar Pradesh"
"Achnera","283101","Agra","Agra","Uttar Pradesh"
"Adalhat","231302","Mirzapur","Mirzapur","Uttar Pradesh"
"Adampur","271404","Gonda","Gonda","Uttar Pradesh"
"Adarsh Nagar","226005","Lucknow","Lucknow","Uttar Pradesh"
"Advacate","226001","Lucknow","Lucknow","Uttar Pradesh"
"Aerodrome","226009","Lucknow","Lucknow","Uttar Pradesh"
"Afim-Ki-Kothi","230122","Pratapgarh","Pratapgarh","Uttar Pradesh"
"Afzalgarh","246722","Bijnore","Afzalgarh","Uttar Pradesh"
"Agai","229414","Pratapgarh","Pratapgarh","Uttar Pradesh"
"Agarwal","250601","Meerut","Meerut","Uttar Pradesh"
"Aghwanpur","244502","Moradabad","Moradabad","Uttar Pradesh"
"Agra","282001","Agra","Agra","Uttar Pradesh"
"Agra","282001","Agra","Agra","Uttar Pradesh"
"Agra Fort","282003","Agra","Agra","Uttar Pradesh"
"Agra University","282004","Agra","Agra","Uttar Pradesh"
"Agricultural College","208002","Kanpur","Kanpur","Uttar Pradesh"
"Agricultural Institue","211007","Allahabad","Allahabad","Uttar Pradesh"
"Agricultural School Buland","203121","Bulandshahr","Bulandshahr","Uttar Pradesh"
"Agsoli","204210","Aligarh","Aligarh","Uttar Pradesh"
"Aheripur","206120","Etwah","Etwah","Uttar Pradesh"
"Ahirori","241121","Hardoi","Hardoi","Uttar Pradesh"
"Ahmadpur","242230","Shahjahanpur","Shahjahanpur","Uttar Pradesh"
"Ahmedganj","211003","Allahabad","Allahabad","Uttar Pradesh"
"Ahorwa","222135","Jaunpur","Jaunpur","Uttar Pradesh"
"Ahraula","223221","Azamgarh","Azamgarh","Uttar Pradesh"
"Ahraura","231301","Mirzapur","Ahraura","Uttar Pradesh"
"Aihar","229121","Raibareilly","Raibareilly","Uttar Pradesh"
"Ailum","247771","Muzaffarnagar","Ailum","Uttar Pradesh"
"Aira Estate","262722","Kheri","Kheri","Uttar Pradesh"
"Aishbagh","226004","Lucknow","Lucknow","Uttar Pradesh"
"Ait","285201","Jalaun","Jalaun","Uttar Pradesh"
"Ajgain","209821","Unnao","Unnao","Uttar Pradesh"
"Ajgara","230144","Pratapgarh","Pratapgarh","Uttar Pradesh"
"Ajitganj","205120","Mainpuri","Mainpuri","Uttar Pradesh"
"Ajitmal","206121","Etwah","Etwah","Uttar Pradesh"
"Akbaries","242419","Shahjahanpur","Shahjahanpur","Uttar Pradesh"
"Akbarpur","224122","Faizabad","Akbarpur","Uttar Pradesh"
"Akbarpur","209101","Kanpur","Akbarpur","Uttar Pradesh"
"Akhand Nagar","228171","Sultanpur","Sultanpur","Uttar Pradesh"
"Akola","283102","Agra","Agra","Uttar Pradesh"
"Akorha","221209","Varanasi","Varanasi","Uttar Pradesh"
"Akradbad","202121","Aligarh","Aligarh","Uttar Pradesh"
"Alahdadpur","273001","Gorakhpur","Gorakhpur","Uttar Pradesh"
"Alambagh","226005","Lucknow","Lucknow","Uttar Pradesh"
"Alamnagar","261001","Sitapur","Sitapur","Uttar Pradesh"
"Aliabad","225401","Barabanki","Barabanki","Uttar Pradesh"
"Aliganj","210001","Banda","Aliganj","Uttar Pradesh"
"Aliganj","243305","Bareilly","Aliganj","Uttar Pradesh"
"Aliganj","207247","Etwah","Aliganj","Uttar Pradesh"
"Aliganj Bazar","227805","Etah","Etah","Uttar Pradesh"
"Aliganj Extension","226020","Lucknow","Lucknow","Uttar Pradesh"
"Aligarh","202001","Aligarh","Aligarh","Uttar Pradesh"
"Aligarh","202001","Aligarh","Aligarh","Uttar Pradesh"
"Aligarh City","202001","Aligarh","Aligarh","Uttar Pradesh"
"Aligarh Dairy Farm","202122","Aligarh","Aligarh","Uttar Pradesh"
"Aligarh Fatehgarh","209621","Farukhabad","Farukhabad","Uttar Pradesh"
"Aligarh Industrial Estate","202001","Aligarh","Aligarh","Uttar Pradesh"
"Alinagar","273001","Gorakhpur","Gorakhpur","Uttar Pradesh"
"Alinagar","232112","Varanasi","Varanasi","Uttar Pradesh"
"Alipur Kheri","251301","Muzaffarnagar","Muzaffarnagar","Uttar Pradesh"
"Allahabad","211001","Allahabad","Allahabad","Uttar Pradesh"
"Allahabad","211001","Allahabad","Allahabad","Uttar Pradesh"
"Allahabad","211002","Allahabad","Allahabad","Uttar Pradesh"
"Allahabad","242222","Shahjahanpur","Allahabad","Uttar Pradesh"
"Allahabad City","211003","Allahabad","Allahabad","Uttar Pradesh"
"Allahabad Fort","211005","Allahabad","Allahabad","Uttar Pradesh"
"Allahabad High Court","211001","Allahabad","Allahabad","Uttar Pradesh"
"Allahabad New Cantt","211001","Allahabad","Allahabad","Uttar Pradesh"
"Allahabad University","211002","Allahabad","Allahabad","Uttar Pradesh"
"Allahapur","211006","Allahabad","Allahabad","Uttar Pradesh"
"Allahpur","243631","Badaun","Badaun","Uttar Pradesh"
"Allenganj","211002","Allahabad","Allahabad","Uttar Pradesh"
"Alopi Bagh","211006","Allahabad","Allahabad","Uttar Pradesh"
"Amaniganj","224121","Faizabad","Faizabad","Uttar Pradesh"
"Amanpur","207241","Chitrakoot","Amanpur","Uttar Pradesh"
"Amargarh","230124","Pratapgarh","Pratapgarh","Uttar Pradesh"
"Amaria","262121","Pilibhit","Pilibhit","Uttar Pradesh"
"Amauli","212631","Fatehpur","Fatehpur","Uttar Pradesh"
"Amaura","232334","Ghazipur","Ghazipur","Uttar Pradesh"
"Amausi","226009","Lucknow","Lucknow","Uttar Pradesh"
"Amawar","231212","Sonbhadra","Sonbhadra","Uttar Pradesh"
"Amba","285252","Jalaun","Jalaun","Uttar Pradesh"
"Ambari","223222","Azamgarh","Azamgarh","Uttar Pradesh"
"Ambehta","247340","Saharanpur","Ambehta","Uttar Pradesh"
"Amberganj","226003","Lucknow","Lucknow","Uttar Pradesh"
"Amethi","227120","Lucknow","Amethi","Uttar Pradesh"
"Amethi","227405","Sultanpur","Amethi","Uttar Pradesh"
"Amila","275301","Chitrakoot","Amila","Uttar Pradesh"
"Amilo","276401","Azamgarh","Amilo","Uttar Pradesh"
"Aminabad","226018","Lucknow","Lucknow","Uttar Pradesh"
"Aminabad Park","226001","Lucknow","Lucknow","Uttar Pradesh"
"Aminagar Sarai","250604","Meerut","Aminagar Sarai","Uttar Pradesh"
"Amitco","211002","Allahabad","Allahabad","Uttar Pradesh"
"Amorha","272127","Basti","Basti","Uttar Pradesh"
"Amraudha","209112","Kanpur","Amraudha","Uttar Pradesh"
"Amrit Nagar","201012","Ghaziabad","Ghaziabad","Uttar Pradesh"
"Amritnagar","229001","Raibareilly","Raibareilly","Uttar Pradesh"
"Amritpur","209622","Farukhabad","Farukhabad","Uttar Pradesh"
"Amroha","244221","Moradabad","Amroha","Uttar Pradesh"
"Amroha Bazar","244221","Moradabad","Moradabad","Uttar Pradesh"
"Anai","221201","Varanasi","Varanasi","Uttar Pradesh"
"Anajmandi","250001","Meerut","Meerut","Uttar Pradesh"
"Anand Nagar","273155","Gorakhpur","Gorakhpur","Uttar Pradesh"
"Anand Nagar","226005","Lucknow","Lucknow","Uttar Pradesh"
"Anapur","229411","Allahabad","Allahabad","Uttar Pradesh"
"Antu","230501","Pratapgarh","Antu","Uttar Pradesh"
"Anupshahr","202390","Bulandshahr","Anupshahr","Uttar Pradesh"
"Anwarganj","208003","Kanpur","Kanpur","Uttar Pradesh"
"Aonla","243301","Bareilly","Aonla","Uttar Pradesh"
"Aonla Estate","243301","Bareilly","Bareilly","Uttar Pradesh"
"Ardali Bazar","221002","Varanasi","Varanasi","Uttar Pradesh"
"Aring","281501","Mathura","Mathura","Uttar Pradesh"
"Arjunpur","204103","Aligarh","Aligarh","Uttar Pradesh"
"Armapur","208039","Kanpur","Kanpur","Uttar Pradesh"
"Armapur Estate","208039","Kanpur","Armapur Estate","Uttar Pradesh"
"Army Clothing Factory","242001","Shahjahanpur","Shahjahanpur","Uttar Pradesh"
"Arogya","273003","Gorakhpur","Gorakhpur","Uttar Pradesh"
"Arunanagar","207001","Etwah","Etwah","Uttar Pradesh"
"Arya Nagar","226004","Lucknow","Lucknow","Uttar Pradesh"
"Arya Nagar Employment Exch","208002","Kanpur","Kanpur","Uttar Pradesh"
"Asafpur","243632","Badaun","Badaun","Uttar Pradesh"
"Asar","221210","Varanasi","Varanasi","Uttar Pradesh"
"Asgharipur","246748","Bijnore","Bijnore","Uttar Pradesh"
"Asharam","277001","Ballia","Ballia","Uttar Pradesh"
"Ashok Nagar Chauki-Jarib","208012","Kanpur","Kanpur","Uttar Pradesh"
"Asmoli","244304","Moradabad","Moradabad","Uttar Pradesh"
"Assi","221005","Varanasi","Varanasi","Uttar Pradesh"
"Ata","285202","Jalaun","Jalaun","Uttar Pradesh"
"Ataula","227814","Sultanpur","Sultanpur","Uttar Pradesh"
"Ateha","230125","Pratapgarh","Pratapgarh","Uttar Pradesh"
"Atrampur","229412","Allahabad","Allahabad","Uttar Pradesh"
"Atrasuma","228121","Sultanpur","Sultanpur","Uttar Pradesh"
"Atrauli","202280","Aligarh","Atrauli","Uttar Pradesh"
"Atraulia","223223","Sant Kabir Nagar","Atraulia","Uttar Pradesh"
"Attarra","210201","Banda","Banda","Uttar Pradesh"
"Attarsuiya","211003","Allahabad","Allahabad","Uttar Pradesh"
"Aurai","221301","Varanasi","Varanasi","Uttar Pradesh"
"Auraiya","206122","Etwah","Auraiya","Uttar Pradesh"
"Aurangabad","245401","Bulandshahr","Aurangabad","Uttar Pradesh"
"Aurangabad","221001","Jyotiba Phule Nagar","Aurangabad","Uttar Pradesh"
"Aurangabad","262728","Kheri","Aurangabad","Uttar Pradesh"
"Aurangabad","261403","Sitapur","Aurangabad","Uttar Pradesh"
"Aurihar","233221","Ghazipur","Ghazipur","Uttar Pradesh"
"Aushadhalaya","211003","Allahabad","Allahabad","Uttar Pradesh"
"Awagarh","207301","Etwah","Awagarh","Uttar Pradesh"
"Awas Vikas Colony","226017","Lucknow","Lucknow","Uttar Pradesh"
"Ayodhya","224123","Faizabad","Ayodhya","Uttar Pradesh"
"Ayrvedic University","284001","Jhansi","Jhansi","Uttar Pradesh"
"Azamgarh","276001","Azamgarh","Azamgarh","Uttar Pradesh"
"Azamgarh","276001","Azamgarh","Azamgarh","Uttar Pradesh"
"Azamgarh City","276001","Azamgarh","Azamgarh","Uttar Pradesh"
"Azamgarh Estate","276124","Azamgarh","Azamgarh","Uttar Pradesh"
"Azamgarh Kote","276001","Azamgarh","Azamgarh","Uttar Pradesh"
"Azamgarh Kutchery","276001","Azamgarh","Azamgarh","Uttar Pradesh"
"Azamgarh R S","276001","Azamgarh","Azamgarh","Uttar Pradesh"
"Azmatpur","242411","Shahjahanpur","Shahjahanpur","Uttar Pradesh"
"B B Bagar","245402","Bulandshahr","Bulandshahr","Uttar Pradesh"
"B C Lines","250001","Meerut","Meerut","Uttar Pradesh"
"B E L P & Co","221001","Varanasi","Varanasi","Uttar Pradesh"
"B G Pur","233201","Ghazipur","Ghazipur","Uttar Pradesh"
"B N Shula & Sons","208001","Kanpur","Kanpur","Uttar Pradesh"
"B P Oil Mills","282003","Agra","Agra","Uttar Pradesh"
"Babai","285187","Jalaun","Jalaun","Uttar Pradesh"
"Babatpur Aeordrome","221006","Varanasi","Varanasi","Uttar Pradesh"
"Babatpur R S","221202","Varanasi","Varanasi","Uttar Pradesh"
"Babban Jot","271312","Gonda","Gonda","Uttar Pradesh"
"Baberu","210121","Banda","Baberu","Uttar Pradesh"
"Babhnan","272161","Basti","Basti","Uttar Pradesh"
"Babina","285241","Jalaun","Babina","Uttar Pradesh"
"Babrala","202521","Badaun","Babrala","Uttar Pradesh"
"Babri","251305","Muzaffarnagar","Muzaffarnagar","Uttar Pradesh"
"Babu Ram Market","243601","Badaun","Badaun","Uttar Pradesh"
"Babuganj","230126","Pratapgarh","Pratapgarh","Uttar Pradesh"
"Babugarh","245201","Ghaziabad","Babugarh","Uttar Pradesh"
"Babupurwa","208011","Kanpur","Kanpur","Uttar Pradesh"
"Baburi","232102","Chandauli","Chandauli","Uttar Pradesh"
"Bachhrawan","229301","Raibareilly","Bachhrawan","Uttar Pradesh"
"Bachhubban","236488","Ghazipur","Ghazipur","Uttar Pradesh"
"Bachraon","244225","Varanasi","Varanasi","Uttar Pradesh"
"Badaria","207404","Etwah","Etwah","Uttar Pradesh"
"Badausa","210202","Banda","Banda","Uttar Pradesh"
"Badiapur","222125","Jaunpur","Jaunpur","Uttar Pradesh"
"Badshahi Bagh","247122","Saharanpur","Saharanpur","Uttar Pradesh"
"Bagh","282002","Agra","Agra","Uttar Pradesh"
"Baghauli","241122","Hardoi","Hardoi","Uttar Pradesh"
"Baghera","251306","Muzaffarnagar","Muzaffarnagar","Uttar Pradesh"
"Baghpat","250609","Baghpat","Baghpat","Uttar Pradesh"
"Bagpatgate","250002","Meerut","Meerut","Uttar Pradesh"
"Bah","283104","Agra","Bah","Uttar Pradesh"
"Bahadurabad","249402","Saharanpur","Saharanpur","Uttar Pradesh"
"Bahadurganj","275201","Ghazipur","Bahadurganj","Uttar Pradesh"
"Bahadurganj","242001","Shahjahanpur","Bahadurganj","Uttar Pradesh"
"Bahadurganj Chowk","211003","Allahabad","Allahabad","Uttar Pradesh"
"Bahadurgarh","245208","Ghaziabad","Ghaziabad","Uttar Pradesh"
"Bahadurpur","276208","Azamgarh","Azamgarh","Uttar Pradesh"
"Bahail","247120","Saharanpur","Saharanpur","Uttar Pradesh"
"Bahendar","241201","Hardoi","Hardoi","Uttar Pradesh"
"Baheri","243201","Bareilly","Baheri","Uttar Pradesh"
"Baheriabad","275208","Ghazipur","Ghazipur","Uttar Pradesh"
"Bahina Cantt","284401","Jhansi","Jhansi","Uttar Pradesh"
"Bahjoi","202410","Moradabad","Bahjoi","Uttar Pradesh"
"Bahna","212663","Fatehpur","Fatehpur","Uttar Pradesh"
"Bahraich","271801","Bahraich","Bahraich","Uttar Pradesh"
"Bahraich City","271801","Bahraich","Bahraich","Uttar Pradesh"
"Bahrampur","212622","Fatehpur","Fatehpur","Uttar Pradesh"
"Bairia","277201","Ballia","Ballia","Uttar Pradesh"
"Bairia","271601","Gonda","Gonda","Uttar Pradesh"
"Baitalpur","274201","Deoria","Deoria","Uttar Pradesh"
"Bajardhiha","221109","Varanasi","Varanasi","Uttar Pradesh"
"Bajhera","242303","Shahjahanpur","Shahjahanpur","Uttar Pradesh"
"Bajna","281201","Mathura","Bajna","Uttar Pradesh"
"Bajoria Marg","247001","Saharanpur","Saharanpur","Uttar Pradesh"
"Bakewar","206124","Etwah","Bakewar","Uttar Pradesh"
"Bakhira","272159","Basti","Basti","Uttar Pradesh"
"Baksa","222108","Jaunpur","Jaunpur","Uttar Pradesh"
"Bakshi Ka Talab Airport","227208","Lucknow","Lucknow","Uttar Pradesh"
"Balawali","246723","Bijnore","Bijnore","Uttar Pradesh"
"Baldeo","281301","Mathura","Baldeo","Uttar Pradesh"
"Baleni","250626","Baghpat","Baghpat","Uttar Pradesh"
"Balgati","243001","Bareilly","Bareilly","Uttar Pradesh"
"Baliaganj","230143","Pratapgarh","Pratapgarh","Uttar Pradesh"
"Ballia","277001","Ballia","Ballia","Uttar Pradesh"
"Ballia City","277001","Ballia","Ballia","Uttar Pradesh"
"Balpur","271125","Gonda","Gonda","Uttar Pradesh"
"Balrampur","271201","Ambedkar Nagar","Balrampur","Uttar Pradesh"
"Balrampur City","271201","Gonda","Gonda","Uttar Pradesh"
"Balrampur Degree College","271201","Gonda","Gonda","Uttar Pradesh"
"Balua","232114","Varanasi","Varanasi","Uttar Pradesh"
"Balwarganj","222201","Jaunpur","Jaunpur","Uttar Pradesh"
"Bamanpuri","243001","Bareilly","Bareilly","Uttar Pradesh"
"Bamnauli","250602","Meerut","Meerut","Uttar Pradesh"
"Bamrauli","211012","Allahabad","Allahabad","Uttar Pradesh"
"Bamrauli Airport","211012","Allahabad","Allahabad","Uttar Pradesh"
"Banda","210001","Banda","Banda","Uttar Pradesh"
"Banda","210001","Banda","Banda","Uttar Pradesh"
"Banda","242402","Shahjahanpur","Banda","Uttar Pradesh"
"Banda City","210001","Banda","Banda","Uttar Pradesh"
"Bandhu Subash Road","202001","Aligarh","Aligarh","Uttar Pradesh"
"Bandipur","224125","Hathras","Hathras","Uttar Pradesh"
"Bangarmau","241501","Unnao","Bangarmau","Uttar Pradesh"
"Bangra","285121","Jalaun","Jalaun","Uttar Pradesh"
"Bank Road","273001","Gorakhpur","Gorakhpur","Uttar Pradesh"
"Bankat","276125","Azamgarh","Azamgarh","Uttar Pradesh"
"Bankatwa","271001","Gonda","Gonda","Uttar Pradesh"
"Bankers Street","250001","Meerut","Meerut","Uttar Pradesh"
"Bankeyganj","262801","Kheri","Kheri","Uttar Pradesh"
"Banki","225001","Barabanki","Banki","Uttar Pradesh"
"Banna Devi","202001","Aligarh","Aligarh","Uttar Pradesh"
"Banpur","284402","Lalitpur","Lalitpur","Uttar Pradesh"
"Banreri","222127","Jaunpur","Jaunpur","Uttar Pradesh"
"Bansdih","277202","Ballia","Bansdih","Uttar Pradesh"
"Bansdih Road R S","277203","Ballia","Ballia","Uttar Pradesh"
"Bansgaon","273403","Gorakhpur","Bansgaon","Uttar Pradesh"
"Bansgaon Azamgargh","276126","Azamgarh","Azamgarh","Uttar Pradesh"
"Bansi","272153","Basti","Bansi","Uttar Pradesh"
"Bansi","284122","Siddharthnagar","Bansi","Uttar Pradesh"
"Banthra","227101","Lucknow","Lucknow","Uttar Pradesh"
"Baoli","250621","Meerut","Meerut","Uttar Pradesh"
"Baoni State","285203","Jalaun","Jalaun","Uttar Pradesh"
"Bapu Nagar","262411","Bareilly","Bareilly","Uttar Pradesh"
"Bara","229501","Ghazipur","Ghazipur","Uttar Pradesh"
"Bara","232325","Ghazipur","Ghazipur","Uttar Pradesh"
"Bara Banki Sugar Mills","225002","Barabanki","Barabanki","Uttar Pradesh"
"Bara Bazar","284001","Jhansi","Jhansi","Uttar Pradesh"
"Bara Bazar","205135","Mainpuri","Mainpuri","Uttar Pradesh"
"Bara Bazar","202412","Moradabad","Moradabad","Uttar Pradesh"
"Bara Bazar","247776","Muzaffarnagar","Muzaffarnagar","Uttar Pradesh"
"Bara Chawar","233229","Ghazipur","Ghazipur","Uttar Pradesh"
"Barabanki","225001","Barabanki","Barabanki","Uttar Pradesh"
"Barabanki Bazar","225001","Barabanki","Barabanki","Uttar Pradesh"
"Barabanki City","225001","Barabanki","Barabanki","Uttar Pradesh"
"Barabanki Collectorate","225001","Barabanki","Barabanki","Uttar Pradesh"
"Barabanki Sugar Mills","225001","Barabanki","Barabanki","Uttar Pradesh"
"Baragaon","224126","Faizabad","Baragaon","Uttar Pradesh"
"Baragaon","222102","Jaunpur","Baragaon","Uttar Pradesh"
"Baragaon","284121","Jhansi","Baragaon","Uttar Pradesh"
"Baragaon","221204","Varanasi","Baragaon","Uttar Pradesh"
"Barai","229418","Kannauj","Kannauj","Uttar Pradesh"
"Baransa","228820","Sultanpur","Sultanpur","Uttar Pradesh"
"Barauli","271806","Bahraich","Bahraich","Uttar Pradesh"
"Baraut","221502","Allahabad","Baraut","Uttar Pradesh"
"Baraut","250611","Meerut","Baraut","Uttar Pradesh"
"Barawn","241401","Hardoi","Hardoi","Uttar Pradesh"
"Bardah","276301","Azamgarh","Azamgarh","Uttar Pradesh"
"Bareilly","243001","Bareilly","Bareilly","Uttar Pradesh"
"Bareilly","243001","Bareilly","Bareilly","Uttar Pradesh"
"Bareilly","243124","Bareilly","Bareilly","Uttar Pradesh"
"Bareilly Cantt","243001","Bareilly","Bareilly","Uttar Pradesh"
"Bareilly City","243001","Bareilly","Bareilly","Uttar Pradesh"
"Bareilly R S","243001","Bareilly","Bareilly","Uttar Pradesh"
"Barewda","242232","Shahjahanpur","Shahjahanpur","Uttar Pradesh"
"Bargadi Kot","271311","Gonda","Gonda","Uttar Pradesh"
"Bargaon","271002","Gonda","Gonda","Uttar Pradesh"
"Barh","284123","Lalitpur","Lalitpur","Uttar Pradesh"
"Barha Bazar","221407","Varanasi","Varanasi","Uttar Pradesh"
"Barhaj","274601","Deoria","Deoria","Uttar Pradesh"
"Barhalganj","273402","Gorakhpur","Barhalganj","Uttar Pradesh"
"Barhan","283201","Agra","Agra","Uttar Pradesh"
"Barhapur","246724","Bijnore","Bijnore","Uttar Pradesh"
"Barhawi","232113","Varanasi","Varanasi","Uttar Pradesh"
"Barhi","273405","Gorakhpur","Gorakhpur","Uttar Pradesh"
"Barhni","272201","Basti","Basti","Uttar Pradesh"
"Barhpur","209601","Farukhabad","Farukhabad","Uttar Pradesh"
"Bari","209209","Kanpur","Kanpur","Uttar Pradesh"
"Baria Bazar","284001","Jhansi","Jhansi","Uttar Pradesh"
"Bariayawan","224210","Faizabad","Faizabad","Uttar Pradesh"
"Bark Ara","222304","Sultanpur","Sultanpur","Uttar Pradesh"
"Barkhera","262203","Pilibhit","Barkhera","Uttar Pradesh"
"Barla","202119","Aligarh","Aligarh","Uttar Pradesh"
"Barla","221107","Varanasi","Varanasi","Uttar Pradesh"
"Barlokpur","206123","Etwah","Etwah","Uttar Pradesh"
"Barnahal","205261","Mainpuri","Mainpuri","Uttar Pradesh"
"Barnapur","271825","Bahraich","Bahraich","Uttar Pradesh"
"Barracks","282001","Agra","Agra","Uttar Pradesh"
"Barsana","281405","Mathura","Barsana","Uttar Pradesh"
"Barsathi","222162","Jaunpur","Jaunpur","Uttar Pradesh"
"Barthara Kalan","221111","Varanasi","Varanasi","Uttar Pradesh"
"Baru","224127","Faizabad","Faizabad","Uttar Pradesh"
"Barwa","210502","Hamirpur","Hamirpur","Uttar Pradesh"
"Barwa Sagar","284201","Jhansi","Jhansi","Uttar Pradesh"
"Basant Nagar","221110","Varanasi","Varanasi","Uttar Pradesh"
"Basara","251310","Muzaffarnagar","Muzaffarnagar","Uttar Pradesh"
"Basat College","221001","Varanasi","Varanasi","Uttar Pradesh"
"Basharatpur","273004","Gorakhpur","Gorakhpur","Uttar Pradesh"
"Baskhari","224129","Faizabad","Faizabad","Uttar Pradesh"
"Basntpur","277301","Ballia","Ballia","Uttar Pradesh"
"Basrehar","206253","Etwah","Etwah","Uttar Pradesh"
"Basti","272001","Basti","Basti","Uttar Pradesh"
"Basti","272001","Basti","Basti","Uttar Pradesh"
"Basti Bus Stand","272002","Basti","Basti","Uttar Pradesh"
"Basti Khurd","211006","Allahabad","Allahabad","Uttar Pradesh"
"Basti Sugar Factory","272003","Basti","Basti","Uttar Pradesh"
"Baswan","202145","Aligarh","Aligarh","Uttar Pradesh"
"Bawana","224212","Faizabad","Faizabad","Uttar Pradesh"
"Baxipur","273001","Gorakhpur","Gorakhpur","Uttar Pradesh"
"Bazar","222128","Jaunpur","Jaunpur","Uttar Pradesh"
"Bazar Baldi","227806","Sultanpur","Sultanpur","Uttar Pradesh"
"Bazar Bhiyaun","224213","Faizabad","Faizabad","Uttar Pradesh"
"Bazar Goshian","276127","Azamgarh","Azamgarh","Uttar Pradesh"
"Bazaria","206001","Etwah","Etwah","Uttar Pradesh"
"Bazaza Bazar","209601","Farukhabad","Farukhabad","Uttar Pradesh"
"Bb Singh","271126","Gonda","Gonda","Uttar Pradesh"
"Begamganj","271402","Gonda","Gonda","Uttar Pradesh"
"Began Sarain","211015","Allahabad","Allahabad","Uttar Pradesh"
"Begum Bagh","250001","Meerut","Meerut","Uttar Pradesh"
"Behamari","277404","Ballia","Ballia","Uttar Pradesh"
"Behat","247121","Saharanpur","Saharanpur","Uttar Pradesh"
"Behjam","261501","Sitapur","Sitapur","Uttar Pradesh"
"Behta","229201","Raibareilly","Raibareilly","Uttar Pradesh"
"Bela","206251","Etwah","Etwah","Uttar Pradesh"
"Belanganj","282004","Agra","Agra","Uttar Pradesh"
"Belgaht","273404","Gorakhpur","Gorakhpur","Uttar Pradesh"
"Belgrra","224223","Faizabad","Faizabad","Uttar Pradesh"
"Belhari","228133","Sultanpur","Sultanpur","Uttar Pradesh"
"Belvedere","250001","Meerut","Meerut","Uttar Pradesh"
"Belwai","222101","Jaunpur","Jaunpur","Uttar Pradesh"
"Bengali Tola","221001","Varanasi","Varanasi","Uttar Pradesh"
"Beniganj","241304","Hardoi","Beniganj","Uttar Pradesh"
"Beruabar","277306","Ballia","Ballia","Uttar Pradesh"
"Bewar","206301","Etwah","Bewar","Uttar Pradesh"
"Bewar","210501","Hamirpur","Bewar","Uttar Pradesh"
"Bhadar","227406","Sultanpur","Sultanpur","Uttar Pradesh"
"Bhadera","232335","Ghazipur","Ghazipur","Uttar Pradesh"
"Bhadohi","221401","Sant Ravidas Nagar Bhadohi","Bhadohi","Uttar Pradesh"
"Bhadri","229406","Pratapgarh","Pratapgarh","Uttar Pradesh"
"Bhagalpur","274602","Deoria","Deoria","Uttar Pradesh"
"Bhagwanpur","247661","Saharanpur","Saharanpur","Uttar Pradesh"
"Bhagwant Nagar","241303","Hardoi","Bhagwant Nagar","Uttar Pradesh"
"Bhagwant Nagar","229502","Unnao","Bhagwant Nagar","Uttar Pradesh"
"Bhaigaha","271827","Bahraich","Bahraich","Uttar Pradesh"
"Bhaitauli","273302","Gorakhpur","Gorakhpur","Uttar Pradesh"
"Bhalwani","274132","Deoria","Deoria","Uttar Pradesh"
"Bhamora","243401","Bareilly","Bareilly","Uttar Pradesh"
"Bhandia","261301","Sitapur","Sitapur","Uttar Pradesh"
"Bhankabana","224215","Faizabad","Faizabad","Uttar Pradesh"
"Bharamghat","225201","Barabanki","Barabanki","Uttar Pradesh"
"Bharat Heavy Electrical B","249403","Saharanpur","Saharanpur","Uttar Pradesh"
"Bharat Kund","224202","Faizabad","Faizabad","Uttar Pradesh"
"Bharat Nagar","201008","Ghaziabad","Ghaziabad","Uttar Pradesh"
"Bharatganj","212104","Allahabad","Bharatganj","Uttar Pradesh"
"Bharatpur","281001","Mathura","Mathura","Uttar Pradesh"
"Bharawan","241202","Hardoi","Hardoi","Uttar Pradesh"
"Bharsar","277401","Ballia","Ballia","Uttar Pradesh"
"Bharthana","206242","Etwah","Bharthana","Uttar Pradesh"
"Bharwari","212201","Allahabad","Bharwari","Uttar Pradesh"
"Bhata","243126","Bareilly","Bareilly","Uttar Pradesh"
"Bhathat","273306","Gorakhpur","Gorakhpur","Uttar Pradesh"
"Bhatni","274701","Deoria","Deoria","Uttar Pradesh"
"Bhatona","245406","Bulandshahr","Bulandshahr","Uttar Pradesh"
"Bhatparrani","274702","Deoria","Deoria","Uttar Pradesh"
"Bhattagaon","284127","Jhansi","Jhansi","Uttar Pradesh"
"Bhawal Khera","242312","Shahjahanpur","Shahjahanpur","Uttar Pradesh"
"Bhawani","222135","Jaunpur","Jaunpur","Uttar Pradesh"
"Bhawapar","273401","Gorakhpur","Gorakhpur","Uttar Pradesh"
"Bheanjan","275101","Azamgarh","Azamgarh","Uttar Pradesh"
"Bhekuri","204209","Aligarh","Aligarh","Uttar Pradesh"
"Bhel","284129","Jhansi","Jhansi","Uttar Pradesh"
"Bhelupura","221001","Varanasi","Varanasi","Uttar Pradesh"
"Bhetaura Rubber Factory","243501","Bareilly","Bareilly","Uttar Pradesh"
"Bhilsar","225402","Barabanki","Barabanki","Uttar Pradesh"
"Bhimpura","275206","Ghazipur","Ghazipur","Uttar Pradesh"
"Bhinga","271831","Bahraich","Bhinga","Uttar Pradesh"
"Bhinga","271831","Shrawasti","Bhinga","Uttar Pradesh"
"Bhira","262901","Kheri","Kheri","Uttar Pradesh"
"Bhirgu","277001","Ballia","Ballia","Uttar Pradesh"
"Bhitama","243408","Bareilly","Bareilly","Uttar Pradesh"
"Bhitargaon","209209","Kanpur","Kanpur","Uttar Pradesh"
"Bhiti","224132","Faizabad","Faizabad","Uttar Pradesh"
"Bhjubir","221002","Varanasi","Varanasi","Uttar Pradesh"
"Bhogaon","205262","Mainpuri","Bhogaon","Uttar Pradesh"
"Bhojipura","243202","Bareilly","Bareilly","Uttar Pradesh"
"Bhojpur","229202","Raibareilly","Raibareilly","Uttar Pradesh"
"Bhoor","243001","Bareilly","Bareilly","Uttar Pradesh"
"Bhoor Bharat Nagar","201009","Ghaziabad","Ghaziabad","Uttar Pradesh"
"Bhopa","251308","Muzaffarnagar","Muzaffarnagar","Uttar Pradesh"
"Bhopatwala","249410","Saharanpur","Saharanpur","Uttar Pradesh"
"Bhopura","275302","Azamgarh","Azamgarh","Uttar Pradesh"
"Bhorpur","209307","Kanpur","Kanpur","Uttar Pradesh"
"Bichchi","231214","Mirzapur","Mirzapur","Uttar Pradesh"
"Bichhia Camp","273013","Gorakhpur","Gorakhpur","Uttar Pradesh"
"Bichiya","221312","Varanasi","Varanasi","Uttar Pradesh"
"Bichpuri","283105","Agra","Agra","Uttar Pradesh"
"Bidhuna","206243","Etwah","Bidhuna","Uttar Pradesh"
"Bighalpur","229503","Unnao","Unnao","Uttar Pradesh"
"Bihar","229504","Unnao","Unnao","Uttar Pradesh"
"Bijaipur","231303","Mirzapur","Mirzapur","Uttar Pradesh"
"Bijauli","202151","Aligarh","Aligarh","Uttar Pradesh"
"Bijnor","246701","Bijnore","Bijnor","Uttar Pradesh"
"Bijnor Industrial Estate","246701","Bijnore","Bijnore","Uttar Pradesh"
"Bijpure","231223","Mirzapur","Mirzapur","Uttar Pradesh"
"Bijrol","250612","Meerut","Meerut","Uttar Pradesh"
"Bikapur","224204","Faizabad","Bikapur","Uttar Pradesh"
"Bilaram","207124","Etwah","Etwah","Uttar Pradesh"
"Bilari","202411","Moradabad","Bilari","Uttar Pradesh"
"Bilariyaganj","276121","Azamgarh","Azamgarh","Uttar Pradesh"
"Bilaspur","244921","Rampur","Bilaspur","Uttar Pradesh"
"Bilaya","285221","Jalaun","Jalaun","Uttar Pradesh"
"Bilgram","241301","Hardoi","Bilgram","Uttar Pradesh"
"Billochpura","282002","Agra","Agra","Uttar Pradesh"
"Bilsanda","262202","Pilibhit","Bilsanda","Uttar Pradesh"
"Bilsi","243633","Badaun","Bilsi","Uttar Pradesh"
"Bilthra Road R S","221715","Ballia","Ballia","Uttar Pradesh"
"Bina Project","231220","Mirzapur","Mirzapur","Uttar Pradesh"
"Binauli","250345","Baghpat","Baghpat","Uttar Pradesh"
"Binawar","243634","Badaun","Badaun","Uttar Pradesh"
"Bindki","212635","Fatehpur","Bindki","Uttar Pradesh"
"Birdpur","272202","Basti","Basti","Uttar Pradesh"
"Birhana Mill Road","226004","Lucknow","Lucknow","Uttar Pradesh"
"Birhana Road","208001","Kanpur","Kanpur","Uttar Pradesh"
"Birno","233208","Ghazipur","Ghazipur","Uttar Pradesh"
"Birpura","202142","Aligarh","Aligarh","Uttar Pradesh"
"Bisalpur","262201","Auraiya","Bisalpur","Uttar Pradesh"
"Bisanda","210203","Banda","Banda","Uttar Pradesh"
"Bisauli","232115","Varanasi","Bisauli","Uttar Pradesh"
"Bisawar","281302","Mathura","Mathura","Uttar Pradesh"
"Bisesarganj","227407","Sultanpur","Sultanpur","Uttar Pradesh"
"Biseshwarganj","271821","Bahraich","Bahraich","Uttar Pradesh"
"Bisungarh","209770","Farukhabad","Farukhabad","Uttar Pradesh"
"Bisunpur","271601","Gonda","Gonda","Uttar Pradesh"
"Biswan","261201","Sitapur","Biswan","Uttar Pradesh"
"Bithaur","209202","Kanpur","Kanpur","Uttar Pradesh"
"Bithoor","209201","Kanpur","Bithoor","Uttar Pradesh"
"Bitnichanpur","243125","Bareilly","Bareilly","Uttar Pradesh"
"Blunt Square","226004","Lucknow","Lucknow","Uttar Pradesh"
"Board Jatan","246701","Bijnore","Bijnore","Uttar Pradesh"
"Bodarwar","273149","Kushinagar","Kushinagar","Uttar Pradesh"
"Boileganj","282002","Agra","Agra","Uttar Pradesh"
"Boundry Road","250001","Meerut","Meerut","Uttar Pradesh"
"Brahm","207001","Etwah","Etwah","Uttar Pradesh"
"Brd Medical College","273013","Gorakhpur","Gorakhpur","Uttar Pradesh"
"Brd Medical College","273308","Gorakhpur","Gorakhpur","Uttar Pradesh"
"Bridgemanganj","273157","Gorakhpur","Gorakhpur","Uttar Pradesh"
"Budaun","243601","Badaun","Budaun","Uttar Pradesh"
"Budaun","243601","Badaun","Budaun","Uttar Pradesh"
"Budaun City","243601","Badaun","Badaun","Uttar Pradesh"
"Budhana","251309","Muzaffarnagar","Budhana","Uttar Pradesh"
"Budhana Gate","250002","Meerut","Meerut","Uttar Pradesh"
"Bugrasi","245403","Bulandshahr","Bugrasi","Uttar Pradesh"
"Bulandshahar","203001","Bulandshahr","Bulandshahr","Uttar Pradesh"
"Bulandshahar","203001","Bulandshahr","Bulandshahr","Uttar Pradesh"
"Bullanpur","221108","Varanasi","Varanasi","Uttar Pradesh"
"Burhwal Sugaj Mills","225202","Barabanki","Barabanki","Uttar Pradesh"
"Burkot","241401","Hardoi","Hardoi","Uttar Pradesh"
"Burlington Hotel","226001","Lucknow","Lucknow","Uttar Pradesh"
"Bus Station","271001","Gonda","Gonda","Uttar Pradesh"
"Bus Station","228001","Sultanpur","Sultanpur","Uttar Pradesh"
"Buzurg","247120","Saharanpur","Saharanpur","Uttar Pradesh"
"C & M Stores","244901","Rampur","Rampur","Uttar Pradesh"
"C & W Shop","226005","Lucknow","Lucknow","Uttar Pradesh"
"C D A","211001","Allahabad","Allahabad","Uttar Pradesh"
"C D A","211014","Allahabad","Allahabad","Uttar Pradesh"
"C E School","226005","Lucknow","Lucknow","Uttar Pradesh"
"C O D","281002","Mathura","Mathura","Uttar Pradesh"
"C O D Agra","282009","Agra","Agra","Uttar Pradesh"
"C O D Kanpur","208013","Kanpur","Kanpur","Uttar Pradesh"
"Cambridge Road","208004","Kanpur","Kanpur","Uttar Pradesh"
"Campbell Lines","226002","Lucknow","Lucknow","Uttar Pradesh"
"Canal Colony","226001","Lucknow","Lucknow","Uttar Pradesh"
"Cantt Town","247664","Saharanpur","Saharanpur","Uttar Pradesh"
"Captainganj","272131","Basti","Basti","Uttar Pradesh"
"Captianganj","274301","Deoria","Deoria","Uttar Pradesh"
"Carlton Hotel","226001","Lucknow","Lucknow","Uttar Pradesh"
"Carswanj","242001","Shahjahanpur","Shahjahanpur","Uttar Pradesh"
"Cavalri Lines","211004","Allahabad","Allahabad","Uttar Pradesh"
"Central Jail","209602","Farukhabad","Farukhabad","Uttar Pradesh"
"Ch Khan","282003","Agra","Agra","Uttar Pradesh"
"Chabeypur","209203","Kanpur","Kanpur","Uttar Pradesh"
"Chahaniya","232116","Varanasi","Varanasi","Uttar Pradesh"
"Chail","212202","Allahabad","Chail","Uttar Pradesh"
"Chajepur","230133","Pratapgarh","Pratapgarh","Uttar Pradesh"
"Chakarpur","209305","Kanpur","Kanpur","Uttar Pradesh"
"Chakeri Ad","208003","Kanpur","Kanpur","Uttar Pradesh"
"Chakia","232103","Varanasi","Chakia","Uttar Pradesh"
"Chakra Nagar","206125","Etwah","Etwah","Uttar Pradesh"
"Chakrata Road","247001","Saharanpur","Saharanpur","Uttar Pradesh"
"Chanchali","243403","Bareilly","Bareilly","Uttar Pradesh"
"Chandauli","232104","Chandauli","Chandauli","Uttar Pradesh"
"Chandaus","202132","Etah","Etah","Uttar Pradesh"
"Chandausi","202412","Moradabad","Chandausi","Uttar Pradesh"
"Chandesar","276128","Azamgarh","Azamgarh","Uttar Pradesh"
"Chandganj","226007","Lucknow","Lucknow","Uttar Pradesh"
"Chandhi Ashram","250001","Meerut","Meerut","Uttar Pradesh"
"Chandiana","212601","Fatehpur","Fatehpur","Uttar Pradesh"
"Chandousi R S","202412","Moradabad","Moradabad","Uttar Pradesh"
"Chandpur","246725","Bijnore","Chandpur","Uttar Pradesh"
"Chandpur R S","246725","Bijnore","Bijnore","Uttar Pradesh"
"Chandra Nagar","201011","Ghaziabad","Ghaziabad","Uttar Pradesh"
"Chandwak","222129","Jaunpur","Jaunpur","Uttar Pradesh"
"Charbagh","226001","Lucknow","Lucknow","Uttar Pradesh"
"Charda","271836","Bahraich","Bahraich","Uttar Pradesh"
"Charkhamba","242001","Shahjahanpur","Shahjahanpur","Uttar Pradesh"
"Charkhari State","210421","Hamirpur","Hamirpur","Uttar Pradesh"
"Charkheri","285136","Jalaun","Jalaun","Uttar Pradesh"
"Charthawal","251311","Muzaffarnagar","Muzaffarnagar","Uttar Pradesh"
"Charwa","212203","Kaushambi","Kaushambi","Uttar Pradesh"
"Chata","281401","Mathura","Mathura","Uttar Pradesh"
"Chatala","285242","Jalaun","Jalaun","Uttar Pradesh"
"Chatta Bazar","281001","Mathura","Mathura","Uttar Pradesh"
"Chaubara","229130","Raibareilly","Raibareilly","Uttar Pradesh"
"Chaubeypur","221104","Varanasi","Varanasi","Uttar Pradesh"
"Chaudhri Saraj","243601","Badaun","Badaun","Uttar Pradesh"
"Chauhan","271405","Gonda","Gonda","Uttar Pradesh"
"Chauhan Purwa","271313","Gonda","Gonda","Uttar Pradesh"
"Chauhatian","242313","Shahjahanpur","Shahjahanpur","Uttar Pradesh"
"Chauk Agra","282003","Agra","Agra","Uttar Pradesh"
"Chaukhamba","221001","Varanasi","Varanasi","Uttar Pradesh"
"Chauki Jarib","208012","Kanpur","Kanpur","Uttar Pradesh"
"Chaukia","226106","Lucknow","Lucknow","Uttar Pradesh"
"Chaumuha","281406","Mathura","Mathura","Uttar Pradesh"
"Chaupatain","226003","Lucknow","Lucknow","Uttar Pradesh"
"Chaupla","243001","Bareilly","Bareilly","Uttar Pradesh"
"Chauraha","284001","Jhansi","Jhansi","Uttar Pradesh"
"Chaurey Bazar","224209","Faizabad","Faizabad","Uttar Pradesh"
"Chauri Chaura","273201","Gorakhpur","Gorakhpur","Uttar Pradesh"
"Chauta","277210","Ballia","Ballia","Uttar Pradesh"
"Chetganj","221001","Varanasi","Varanasi","Uttar Pradesh"
"Chhapia","271320","Gonda","Gonda","Uttar Pradesh"
"Chhaprauli","250617","Meerut","Chhaprauli","Uttar Pradesh"
"Chharra","202130","Aligarh","Aligarh","Uttar Pradesh"
"Chhattari","202391","Bulandshahr","Bulandshahr","Uttar Pradesh"
"Chhawani Bazar","271801","Bahraich","Bahraich","Uttar Pradesh"
"Chhejapur","229416","Pratapgarh","Pratapgarh","Uttar Pradesh"
"Chheoki","212105","Allahabad","Allahabad","Uttar Pradesh"
"Chhibramau","202721","Badaun","Chhibramau","Uttar Pradesh"
"Chhiolah","229216","Raibareilly","Raibareilly","Uttar Pradesh"
"Chhipitola","282001","Agra","Agra","Uttar Pradesh"
"Chhitauni","273414","Gorakhpur","Gorakhpur","Uttar Pradesh"
"Chhoti Bazar","210001","Banda","Banda","Uttar Pradesh"
"Chikamberpur","201006","Ghaziabad","Ghaziabad","Uttar Pradesh"
"Chikhana","247231","Saharanpur","Saharanpur","Uttar Pradesh"
"Chilh","231312","Mirzapur","Mirzapur","Uttar Pradesh"
"Chilkahar","221701","Ballia","Ballia","Uttar Pradesh"
"Chillatara","210123","Banda","Banda","Uttar Pradesh"
"Chiman Lal Road","282004","Agra","Agra","Uttar Pradesh"
"Chinahat","227105","Lucknow","Lucknow","Uttar Pradesh"
"Chipatti","209725","Farukhabad","Farukhabad","Uttar Pradesh"
"Chippi Tank","250001","Meerut","Meerut","Uttar Pradesh"
"Chiraigaow","221112","Varanasi","Varanasi","Uttar Pradesh"
"Chiraiyakote","276129","Azamgarh","Azamgarh","Uttar Pradesh"
"Chiriya","285132","Jalaun","Jalaun","Uttar Pradesh"
"Chitaura","271823","Bahraich","Bahraich","Uttar Pradesh"
"Chitbaragaon","221713","Ballia","Ballia","Uttar Pradesh"
"Chitrakote","210204","Banda","Banda","Uttar Pradesh"
"Cholapur","221101","Varanasi","Varanasi","Uttar Pradesh"
"Chopan","231205","Sonbhadra","Chopan","Uttar Pradesh"
"Chunar","231304","Mirzapur","Chunar","Uttar Pradesh"
"Chunar Cement","231311","Mirzapur","Mirzapur","Uttar Pradesh"
"Chunar Tehsil","231304","Mirzapur","Mirzapur","Uttar Pradesh"
"Churk","231206","Mirzapur","Mirzapur","Uttar Pradesh"
"Chuttmalpur","247662","Saharanpur","Saharanpur","Uttar Pradesh"
"Civil Courts","282002","Agra","Agra","Uttar Pradesh"
"Civil Courts","202001","Aligarh","Aligarh","Uttar Pradesh"
"Civil Lines","282002","Agra","Agra","Uttar Pradesh"
"Civil Lines","272001","Basti","Basti","Uttar Pradesh"
"Civil Lines","209601","Farukhabad","Farukhabad","Uttar Pradesh"
"Civil Lines","244901","Rampur","Rampur","Uttar Pradesh"
"Civil Lines District","246701","Bijnore","Bijnore","Uttar Pradesh"
"Clark Hotel","221002","Varanasi","Varanasi","Uttar Pradesh"
"Clutterbuckganj","243502","Bareilly","Bareilly","Uttar Pradesh"
"Collectorate","282002","Agra","Agra","Uttar Pradesh"
"College Colony","222001","Jaunpur","Jaunpur","Uttar Pradesh"
"College Road","206001","Etwah","Etwah","Uttar Pradesh"
"College Road","207502","Farukhabad","Farukhabad","Uttar Pradesh"
"Coloneganj","208001","Kanpur","Kanpur","Uttar Pradesh"
"Colonelganj","271308","Gonda","Colonelganj","Uttar Pradesh"
"Command","282001","Agra","Agra","Uttar Pradesh"
"Compierganj","273158","Gorakhpur","Gorakhpur","Uttar Pradesh"
"Cotton Mills","208001","Kanpur","Kanpur","Uttar Pradesh"
"Cotton Mills","208003","Kanpur","Kanpur","Uttar Pradesh"
"Cpo A-2041","221001","Varanasi","Varanasi","Uttar Pradesh"
"D L W Varanasi","221004","Varanasi","Varanasi","Uttar Pradesh"
"D S College","202001","Aligarh","Aligarh","Uttar Pradesh"
"D V College","285001","Jalaun","Jalaun","Uttar Pradesh"
"Dabathwa","250341","Meerut","Meerut","Uttar Pradesh"
"Dabhasomar","224133","Faizabad","Faizabad","Uttar Pradesh"
"Dadon","202133","Aligarh","Aligarh","Uttar Pradesh"
"Dadraul","242234","Shahjahanpur","Shahjahanpur","Uttar Pradesh"
"Dadri","203207","Gautam Buddha Nagar","Dadri","Uttar Pradesh"
"Dadua Bazar","271002","Gonda","Gonda","Uttar Pradesh"
"Dakore","285122","Jalaun","Jalaun","Uttar Pradesh"
"Daldala","272152","Basti","Basti","Uttar Pradesh"
"Dalelganj","242001","Shahjahanpur","Shahjahanpur","Uttar Pradesh"
"Daliganj","226007","Lucknow","Lucknow","Uttar Pradesh"
"Dalippur","230127","Pratapgarh","Pratapgarh","Uttar Pradesh"
"Dalla","231207","Mirzapur","Mirzapur","Uttar Pradesh"
"Dallanchapr","277204","Ballia","Ballia","Uttar Pradesh"
"Dalmau","229203","Raibareilly","Dalmau","Uttar Pradesh"
"Damalpur","261302","Sitapur","Sitapur","Uttar Pradesh"
"Dampier Nagar","281001","Mathura","Mathura","Uttar Pradesh"
"Dankaur","203201","Bulandshahr","Dankaur","Uttar Pradesh"
"Danpur","202392","Bulandshahr","Bulandshahr","Uttar Pradesh"
"Dara Nagar","212204","Allahabad","Allahabad","Uttar Pradesh"
"Daraganj","211006","Allahabad","Allahabad","Uttar Pradesh"
"Darapur","209301","Kanpur","Kanpur","Uttar Pradesh"
"Darehut","230405","Pratapgarh","Pratapgarh","Uttar Pradesh"
"Darshan Nagar","225403","Barabanki","Barabanki","Uttar Pradesh"
"Darululloom","247554","Saharanpur","Saharanpur","Uttar Pradesh"
"Darwaza","202001","Aligarh","Aligarh","Uttar Pradesh"
"Darwaza","284001","Jhansi","Jhansi","Uttar Pradesh"
"Darwaza","281001","Mathura","Mathura","Uttar Pradesh"
"Daryabad","211003","Allahabad","Allahabad","Uttar Pradesh"
"Daryabad","225403","Barabanki","Barabanki","Uttar Pradesh"
"Daryabad R S","225404","Barabanki","Barabanki","Uttar Pradesh"
"Dasasumedh","221001","Varanasi","Varanasi","Uttar Pradesh"
"Dasna Gate","201009","Ghaziabad","Ghaziabad","Uttar Pradesh"
"Dataganj","243635","Badaun","Dataganj","Uttar Pradesh"
"Daurala","250221","Jyotiba Phule Nagar","Daurala","Uttar Pradesh"
"Dayal Nagar","202141","Aligarh","Aligarh","Uttar Pradesh"
"Dayalbagh","282005","Agra","Dayalbagh","Uttar Pradesh"
"Deara","228132","Sultanpur","Sultanpur","Uttar Pradesh"
"Deeg Gate","281001","Mathura","Mathura","Uttar Pradesh"
"Deeh","229310","Raibareilly","Raibareilly","Uttar Pradesh"
"Deepasarai","244302","Moradabad","Moradabad","Uttar Pradesh"
"Dehras","271314","Gonda","Gonda","Uttar Pradesh"
"Deidiha","273409","Gorakhpur","Gorakhpur","Uttar Pradesh"
"Deo Daru","230123","Pratapgarh","Pratapgarh","Uttar Pradesh"
"Deoband","247554","Saharanpur","Deoband","Uttar Pradesh"
"Deogaon","276208","Azamgarh","Azamgarh","Uttar Pradesh"
"Deorania","243203","Bareilly","Bareilly","Uttar Pradesh"
"Deorhi","224183","Faizabad","Faizabad","Uttar Pradesh"
"Deoria","274001","Deoria","Deoria","Uttar Pradesh"
"Deoria","274001","Deoria","Deoria","Uttar Pradesh"
"Deoria","224137","Faizabad","Deoria","Uttar Pradesh"
"Deoria Jhala","242223","Shahjahanpur","Shahjahanpur","Uttar Pradesh"
"Deoria New Colony","274001","Deoria","Deoria","Uttar Pradesh"
"Deosasra","230123","Pratapgarh","Pratapgarh","Uttar Pradesh"
"Deputy Ganj","203001","Bulandshahr","Bulandshahr","Uttar Pradesh"
"Derwa","230128","Pratapgarh","Pratapgarh","Uttar Pradesh"
"Dewa","225301","Barabanki","Dewa","Uttar Pradesh"
"Dhakha","242473","Ambedkar Nagar","Ambedkar Nagar","Uttar Pradesh"
"Dhakhia L Ahia","242420","Shahjahanpur","Shahjahanpur","Uttar Pradesh"
"Dhakwa Bazar","272211","Basti","Basti","Uttar Pradesh"
"Dhammaur","227408","Sultanpur","Sultanpur","Uttar Pradesh"
"Dhampur","246761","Bijnore","Dhampur","Uttar Pradesh"
"Dhanapur","232105","Chandauli","Chandauli","Uttar Pradesh"
"Dhanawan","271315","Gonda","Gonda","Uttar Pradesh"
"Dhanawre","244231","Moradabad","Moradabad","Uttar Pradesh"
"Dhaneypur","271602","Gonda","Gonda","Uttar Pradesh"
"Dhanghata","272162","Basti","Basti","Uttar Pradesh"
"Dhani","273161","Mahrajganj","Mahrajganj","Uttar Pradesh"
"Dhanjpur","202117","Aligarh","Aligarh","Uttar Pradesh"
"Dhankutti","208001","Kanpur","Kanpur","Uttar Pradesh"
"Dhantali","285130","Jalaun","Jalaun","Uttar Pradesh"
"Dharamshalla Bazar","273001","Gorakhpur","Gorakhpur","Uttar Pradesh"
"Dharanji","232336","Ghazipur","Ghazipur","Uttar Pradesh"
"Dharwapur","222107","Jaunpur","Jaunpur","Uttar Pradesh"
"Dhata","212641","Fatehpur","Fatehpur","Uttar Pradesh"
"Dhauhara","262723","Kheri","Kheri","Uttar Pradesh"
"Dhaulana","245301","Ghaziabad","Ghaziabad","Uttar Pradesh"
"Dhaunra","243204","Bareilly","Bareilly","Uttar Pradesh"
"Dhaurauwa","224217","Faizabad","Faizabad","Uttar Pradesh"
"Dhikauli","250615","Meerut","Meerut","Uttar Pradesh"
"Dhikauni","241203","Hardoi","Hardoi","Uttar Pradesh"
"Dhoom","202308","Aligarh","Aligarh","Uttar Pradesh"
"Dhoom Singh Joshimath","202281","Aligarh","Aligarh","Uttar Pradesh"
"Dhoomanganj","211011","Allahabad","Allahabad","Uttar Pradesh"
"Dhorhara","221113","Varanasi","Varanasi","Uttar Pradesh"
"Dhumari","207248","Etwah","Etwah","Uttar Pradesh"
"Dibai","202393","Bulandshahr","Dibai","Uttar Pradesh"
"Dibiapur","206244","Etwah","Etwah","Uttar Pradesh"
"Didarganj","223224","Azamgarh","Azamgarh","Uttar Pradesh"
"Dilari","244401","Moradabad","Moradabad","Uttar Pradesh"
"Dildarnagar","232326","Ghazipur","Ghazipur","Uttar Pradesh"
"Dildarnagar Bazar","232326","Ghazipur","Ghazipur","Uttar Pradesh"
"Dilkusha","226002","Lucknow","Lucknow","Uttar Pradesh"
"Dilkusha S B","226002","Lucknow","Lucknow","Uttar Pradesh"
"Distillery","244901","Rampur","Rampur","Uttar Pradesh"
"District Board","211002","Allahabad","Allahabad","Uttar Pradesh"
"District Board","206001","Etwah","Etwah","Uttar Pradesh"
"District Jail","226005","Lucknow","Lucknow","Uttar Pradesh"
"Do Ghat","250622","Meerut","Meerut","Uttar Pradesh"
"Dodhpur","202001","Aligarh","Aligarh","Uttar Pradesh"
"Dohri Ghat","275303","Azamgarh","Azamgarh","Uttar Pradesh"
"Domariaganj","272189","Siddharthnagar","Siddharthnagar","Uttar Pradesh"
"Dostpur","228131","Sultanpur","Dostpur","Uttar Pradesh"
"Drishnapuri","281001","Mathura","Mathura","Uttar Pradesh"
"Dubahar","277405","Ballia","Ballia","Uttar Pradesh"
"Dubari","221601","Azamgarh","Azamgarh","Uttar Pradesh"
"Dubaulia","272141","Basti","Basti","Uttar Pradesh"
"Dubey Chapra","277205","Ballia","Ballia","Uttar Pradesh"
"Dubha Bazar","271316","Gonda","Gonda","Uttar Pradesh"
"Dudhai R S","274302","Deoria","Deoria","Uttar Pradesh"
"Dudhara","272125","Basti","Basti","Uttar Pradesh"
"Dudhi","231208","Kushinagar","Dudhi","Uttar Pradesh"
"Dujanpurghat","271408","Gonda","Gonda","Uttar Pradesh"
"Dulhupur","224139","Faizabad","Faizabad","Uttar Pradesh"
"Dullahpur","275202","Ghazipur","Ghazipur","Uttar Pradesh"
"Dundwara Ganj","241502","Unnao","Unnao","Uttar Pradesh"
"Durga Kund","221005","Varanasi","Varanasi","Uttar Pradesh"
"Dwarikaganj","228125","Sultanpur","Sultanpur","Uttar Pradesh"
"Dyer Meakin Road","226003","Lucknow","Lucknow","Uttar Pradesh"
"Eatms","205231","Mainpuri","Mainpuri","Uttar Pradesh"
"Ekdil","206126","Etwah","Ekdil","Uttar Pradesh"
"Ekka","205122","Mainpuri","Mainpuri","Uttar Pradesh"
"Elgin Mills","208001","Kanpur","Kanpur","Uttar Pradesh"
"Englishia Line","221002","Varanasi","Varanasi","Uttar Pradesh"
"Erayan","212653","Fatehpur","Fatehpur","Uttar Pradesh"
"Erich","284302","Jhansi","Erich","Uttar Pradesh"
"Estate","201303","Gautam Buddha Nagar","Gautam Buddha Nagar","Uttar Pradesh"
"Etah","207001","Etah","Etah","Uttar Pradesh"
"Etamadpur","283202","Agra","Agra","Uttar Pradesh"
"Etawah","206001","Etwah","Etawah","Uttar Pradesh"
"Etawah","206001","Etwah","Etawah","Uttar Pradesh"
"Etawah","206002","Etwah","Etawah","Uttar Pradesh"
"Etawah City","206001","Etwah","Etwah","Uttar Pradesh"
"Etawah New City","206001","Etwah","Etwah","Uttar Pradesh"
"Eye Hospital Xi Bn Pac","261001","Sitapur","Sitapur","Uttar Pradesh"
"F F T C Indaurabagh","227202","Lucknow","Lucknow","Uttar Pradesh"
"Factory","231311","Mirzapur","Mirzapur","Uttar Pradesh"
"Fahimabad","208001","Kanpur","Kanpur","Uttar Pradesh"
"Faizabad","224001","Faizabad","Faizabad","Uttar Pradesh"
"Faizabad City","224001","Faizabad","Faizabad","Uttar Pradesh"
"Faizabad Kutchery","224001","Faizabad","Faizabad","Uttar Pradesh"
"Faizabad R S","224001","Faizabad","Faizabad","Uttar Pradesh"
"Faizaganj Bazar","244001","Moradabad","Moradabad","Uttar Pradesh"
"Fakahrpur","271902","Bahraich","Bahraich","Uttar Pradesh"
"Fanga Darwara","207502","Farukhabad","Farukhabad","Uttar Pradesh"
"Farash Khana","208001","Kanpur","Kanpur","Uttar Pradesh"
"Faridpur","243503","Bareilly","Faridpur","Uttar Pradesh"
"Farra","281112","Mathura","Mathura","Uttar Pradesh"
"Farrukhabad","209625","Farukhabad","Farukhabad","Uttar Pradesh"
"Farrukhabad R S","209625","Farukhabad","Farukhabad","Uttar Pradesh"
"Fatehabad","283111","Agra","Fatehabad","Uttar Pradesh"
"Fatehegarh","209601","Farukhabad","Farukhabad","Uttar Pradesh"
"Fatehganj","224001","Faizabad","Faizabad","Uttar Pradesh"
"Fatehganj","222132","Jaunpur","Jaunpur","Uttar Pradesh"
"Fatehganj East","243506","Bareilly","Bareilly","Uttar Pradesh"
"Fatehgarh","209601","Farukhabad","Fatehgarh","Uttar Pradesh"
"Fatehgarh","209601","Farukhabad","Fatehgarh","Uttar Pradesh"
"Fatehgarh","209602","Farukhabad","Fatehgarh","Uttar Pradesh"
"Fatehgarh R S","209601","Farukhabad","Farukhabad","Uttar Pradesh"
"Fatehpur","212601","Ambedkar Nagar","Fatehpur","Uttar Pradesh"
"Fatehpur City","212601","Fatehpur","Fatehpur","Uttar Pradesh"
"Fatehpur Court","212601","Fatehpur","Fatehpur","Uttar Pradesh"
"Fatehpur Sikri","283110","Agra","Fatehpur Sikri","Uttar Pradesh"
"Fatehpur Town","212601","Fatehpur","Fatehpur","Uttar Pradesh"
"Fazil Nagar","274401","Deoria","Deoria","Uttar Pradesh"
"Ferozabad","283203","Agra","Agra","Uttar Pradesh"
"Fertilizer Factory","273007","Gorakhpur","Gorakhpur","Uttar Pradesh"
"Filkhana","208001","Kanpur","Kanpur","Uttar Pradesh"
"Firozabad","283203","Firozabad","Firozabad","Uttar Pradesh"
"Firozabad Bazar","283203","Firozabad","Firozabad","Uttar Pradesh"
"Forms Press","202001","Aligarh","Aligarh","Uttar Pradesh"
"Forozabad","283203","Firozabad","Firozabad","Uttar Pradesh"
"Fursatganj","229302","Raibareilly","Raibareilly","Uttar Pradesh"
"G D Karyalaya","221001","Varanasi","Varanasi","Uttar Pradesh"
"G D Road","203131","Bulandshahr","Bulandshahr","Uttar Pradesh"
"G E H","202001","Aligarh","Aligarh","Uttar Pradesh"
"G G Indstris","282002","Agra","Agra","Uttar Pradesh"
"G L Emporium","282001","Agra","Agra","Uttar Pradesh"
"Gabhana","202136","Aligarh","Aligarh","Uttar Pradesh"
"Gadola","204208","Aligarh","Aligarh","Uttar Pradesh"
"Gagaha","273411","Gorakhpur","Gorakhpur","Uttar Pradesh"
"Gahmar","232327","Ghazipur","Ghazipur","Uttar Pradesh"
"Gaighat","277206","Ballia","Ballia","Uttar Pradesh"
"Gaighet","221001","Varanasi","Varanasi","Uttar Pradesh"
"Gaini","243206","Bareilly","Bareilly","Uttar Pradesh"
"Gaisari","271210","Gonda","Gonda","Uttar Pradesh"
"Gajraula","244235","Moradabad","Gajraula","Uttar Pradesh"
"Galasaheed","244001","Moradabad","Moradabad","Uttar Pradesh"
"Gambhirpur","276302","Azamgarh","Azamgarh","Uttar Pradesh"
"Gandhi Chowk","204216","Aligarh","Aligarh","Uttar Pradesh"
"Gandhi Chowk","250611","Meerut","Meerut","Uttar Pradesh"
"Gandhi Colony","251001","Muzaffarnagar","Muzaffarnagar","Uttar Pradesh"
"Gandhi Gram","208007","Kanpur","Kanpur","Uttar Pradesh"
"Gandhi Market","207001","Etwah","Etwah","Uttar Pradesh"
"Gandhi Nagar","282003","Agra","Agra","Uttar Pradesh"
"Gandhi Nagar","272001","Basti","Basti","Uttar Pradesh"
"Gandhi Nagar","244001","Moradabad","Moradabad","Uttar Pradesh"
"Ganesh Ganj","226001","Lucknow","Lucknow","Uttar Pradesh"
"Ganesh Ganj","262122","Pilibhit","Pilibhit","Uttar Pradesh"
"Ganesh Ganj Ind Estate","231002","Mirzapur","Mirzapur","Uttar Pradesh"
"Ganesh Vatika","247667","Saharanpur","Saharanpur","Uttar Pradesh"
"Gangaghat","209861","Unnao","Gangaghat","Uttar Pradesh"
"Gangapur","221302","Varanasi","Gangapur","Uttar Pradesh"
"Gangarampura","251001","Muzaffarnagar","Muzaffarnagar","Uttar Pradesh"
"Gangauli","233222","Ghazipur","Ghazipur","Uttar Pradesh"
"Gangiri","202134","Aligarh","Aligarh","Uttar Pradesh"
"Gangoh","247341","Saharanpur","Gangoh","Uttar Pradesh"
"Gangsara","242415","Etah","Etah","Uttar Pradesh"
"Gangwala","271829","Bahraich","Bahraich","Uttar Pradesh"
"Ganj","207242","Etwah","Etwah","Uttar Pradesh"
"Ganj Bazar","246762","Bijnore","Bijnore","Uttar Pradesh"
"Ganshadepur","233232","Ghazipur","Ghazipur","Uttar Pradesh"
"Garautha","284203","Jhansi","Garautha","Uttar Pradesh"
"Garhamalpur","221709","Ballia","Ballia","Uttar Pradesh"
"Garhi","229407","Pratapgarh","Pratapgarh","Uttar Pradesh"
"Garhis Phatak","284001","Jhansi","Jhansi","Uttar Pradesh"
"Garhmuktehswar","245205","Ghaziabad","Ghaziabad","Uttar Pradesh"
"Garwar","277121","Ballia","Ballia","Uttar Pradesh"
"Garwara","230502","Pratapgarh","Pratapgarh","Uttar Pradesh"
"Garwasi Tola","221001","Varanasi","Varanasi","Uttar Pradesh"
"Gatta Mills","247001","Saharanpur","Saharanpur","Uttar Pradesh"
"Gaudara","271905","Bahraich","Bahraich","Uttar Pradesh"
"Gaudas Buzurg","261606","Kheri","Kheri","Uttar Pradesh"
"Gaur R S","272163","Basti","Basti","Uttar Pradesh"
"Gaura","229204","Raibareilly","Raibareilly","Uttar Pradesh"
"Gaura Jamon","227807","Sultanpur","Sultanpur","Uttar Pradesh"
"Gaura R S","230301","Pratapgarh","Pratapgarh","Uttar Pradesh"
"Gaurabadshahpur","222133","Jaunpur","Jaunpur","Uttar Pradesh"
"Gaurajainagar","274603","Deoria","Deoria","Uttar Pradesh"
"Gauri Bazar","274202","Deoria","Gauri Bazar","Uttar Pradesh"
"Gauriganj","227409","Sultanpur","Sultanpur","Uttar Pradesh"
"Gausganj","241305","Hardoi","Gausganj","Uttar Pradesh"
"Gayatri","281003","Mathura","Mathura","Uttar Pradesh"
"George Town","211002","Allahabad","Allahabad","Uttar Pradesh"
"Ghaipur R S","233001","Ghazipur","Ghazipur","Uttar Pradesh"
"Ghanshyam","242473","Shahjahanpur","Shahjahanpur","Uttar Pradesh"
"Ghanshyampur","222111","Jaunpur","Jaunpur","Uttar Pradesh"
"Ghantaghar","242001","Shahjahanpur","Shahjahanpur","Uttar Pradesh"
"Ghatampur","209206","Kanpur","Ghatampur","Uttar Pradesh"
"Ghaziabad","201001","Ghaziabad","Ghaziabad","Uttar Pradesh"
"Ghaziabad","201011","Ghaziabad","Ghaziabad","Uttar Pradesh"
"Ghaziabad City","201009","Ghaziabad","Ghaziabad","Uttar Pradesh"
"Ghazipur","212621","Ghazipur","Ghazipur","Uttar Pradesh"
"Ghazipur","233001","Ghazipur","Ghazipur","Uttar Pradesh"
"Ghazipur","226010","Lucknow","Ghazipur","Uttar Pradesh"
"Ghazipur City","233001","Ghazipur","Ghazipur","Uttar Pradesh"
"Ghil R S","273151","Gorakhpur","Gorakhpur","Uttar Pradesh"
"Ghiror","205121","Mainpuri","Mainpuri","Uttar Pradesh"
"Ghiya Nagar","212404","Allahabad","Allahabad","Uttar Pradesh"
"Ghorawal","231210","Sonbhadra","Ghorawal","Uttar Pradesh"
"Ghosi","275304","Chitrakoot","Ghosi","Uttar Pradesh"
"Girjapuri Colony","271841","Barabanki","Barabanki","Uttar Pradesh"
"Girraj Bhagh","281503","Mathura","Mathura","Uttar Pradesh"
"Gita Press","273005","Gorakhpur","Gorakhpur","Uttar Pradesh"
"Gita Vatika","273006","Gorakhpur","Gorakhpur","Uttar Pradesh"
"Gohaud","210434","Hamirpur","Hamirpur","Uttar Pradesh"
"Gohawar","246748","Bijnore","Bijnore","Uttar Pradesh"
"Gohna","276403","Azamgarh","Azamgarh","Uttar Pradesh"
"Gokalemarg","226001","Lucknow","Lucknow","Uttar Pradesh"
"Gokul","281303","Mathura","Gokul","Uttar Pradesh"
"Gokulpura","282002","Agra","Agra","Uttar Pradesh"
"Gola","273408","Gorakhpur","Gorakhpur","Uttar Pradesh"
"Gola Bazar","205001","Mainpuri","Gola Bazar","Uttar Pradesh"
"Gola Town","262802","Kheri","Kheri","Uttar Pradesh"
"Golaganj","226001","Lucknow","Lucknow","Uttar Pradesh"
"Golagokarannath","262802","Kheri","Kheri","Uttar Pradesh"
"Golghar","273001","Gorakhpur","Gorakhpur","Uttar Pradesh"
"Gomat","202135","Aligarh","Aligarh","Uttar Pradesh"
"Gomti Nagar","227106","Lucknow","Lucknow","Uttar Pradesh"
"Gonda","202123","Aligarh","Gonda","Uttar Pradesh"
"Gonda","271001","Mau","Gonda","Uttar Pradesh"
"Gonda City","271001","Gonda","Gonda","Uttar Pradesh"
"Gopal Nagar Ind Estate","247001","Saharanpur","Saharanpur","Uttar Pradesh"
"Gopamau","241404","Hardoi","Gopamau","Uttar Pradesh"
"Gopi Nath Bazar","281121","Mathura","Mathura","Uttar Pradesh"
"Gopiganj","221303","Varanasi","Gopiganj","Uttar Pradesh"
"Gorakhnath Mandir","273001","Gorakhpur","Gorakhpur","Uttar Pradesh"
"Gorakhpur","273001","Gorakhpur","Gorakhpur","Uttar Pradesh"
"Gorakhpur","273001","Gorakhpur","Gorakhpur","Uttar Pradesh"
"Gorakhpur","273013","Gorakhpur","Gorakhpur","Uttar Pradesh"
"Gorakhpur Air Force Stn","273002","Gorakhpur","Gorakhpur","Uttar Pradesh"
"Gorakhpur Rly Colony","273001","Gorakhpur","Gorakhpur","Uttar Pradesh"
"Gosaiganj","228119","Sultanpur","Sultanpur","Uttar Pradesh"
"Goshaiinganj","224141","Faizabad","Faizabad","Uttar Pradesh"
"Goshainganj","227125","Lucknow","Lucknow","Uttar Pradesh"
"Goshainganj","227125","Lucknow","Lucknow","Uttar Pradesh"
"Goverdahan","281502","Mathura","Mathura","Uttar Pradesh"
"Govind Nagari","208006","Kanpur","Kanpur","Uttar Pradesh"
"Govind Nagari West","208006","Kanpur","Kanpur","Uttar Pradesh"
"Govindpur","201201","Ghaziabad","Ghaziabad","Uttar Pradesh"
"Gref Centre","247669","Saharanpur","Saharanpur","Uttar Pradesh"
"Gsvm Medical College","208002","Kanpur","Kanpur","Uttar Pradesh"
"Gudari","271801","Bahraich","Bahraich","Uttar Pradesh"
"Gugauli","271211","Gonda","Gonda","Uttar Pradesh"
"Gulabnagar","243001","Bareilly","Bareilly","Uttar Pradesh"
"Gulauthi","245408","Bulandshahr","Bulandshahr","Uttar Pradesh"
"Gulzarganj","222135","Jaunpur","Jaunpur","Uttar Pradesh"
"Gunnaur","202522","Badaun","Gunnaur","Uttar Pradesh"
"Gurbuxganj","229122","Raibareilly","Raibareilly","Uttar Pradesh"
"Gurdwara","226001","Lucknow","Lucknow","Uttar Pradesh"
"Gurkul Sikandrabad","203202","Bulandshahr","Bulandshahr","Uttar Pradesh"
"Gurma","231209","Mirzapur","Mirzapur","Uttar Pradesh"
"Gursahaiganj","209722","Farukhabad","Gursahaiganj","Uttar Pradesh"
"Gursarai","284202","Jhansi","Gursarai","Uttar Pradesh"
"Gurukul","249405","Saharanpur","Saharanpur","Uttar Pradesh"
"Gurukul Narsan","247670","Saharanpur","Saharanpur","Uttar Pradesh"
"Gurukulkangri","249404","Saharanpur","Saharanpur","Uttar Pradesh"
"Gwal Toli","208001","Kanpur","Kanpur","Uttar Pradesh"
"Gyanpur","221304","Sant Ravidas Nagar Bhadohi","Gyanpur","Uttar Pradesh"
"H A D Lucknow","206013","Etwah","Etwah","Uttar Pradesh"
"H C Bench","226001","Lucknow","Lucknow","Uttar Pradesh"
"H E School","226006","Lucknow","Lucknow","Uttar Pradesh"
"H N S Nagar","208005","Kanpur","Kanpur","Uttar Pradesh"
"Haidergarh","227301","Lucknow","Haidergarh","Uttar Pradesh"
"Hainsar Bazar","272165","Basti","Basti","Uttar Pradesh"
"Haldaur","246726","Bijnore","Haldaur","Uttar Pradesh"
"Haldhar Mau","271125","Gonda","Gonda","Uttar Pradesh"
"Haldharpur","221705","Ballia","Ballia","Uttar Pradesh"
"Haldi","277404","Ballia","Ballia","Uttar Pradesh"
"Haliapur","227815","Sultanpur","Sultanpur","Uttar Pradesh"
"Halipura","213113","Fatehpur","Fatehpur","Uttar Pradesh"
"Hallaur","272191","Basti","Basti","Uttar Pradesh"
"Hallaur","229123","Raibareilly","Raibareilly","Uttar Pradesh"
"Hamerganj","230406","Pratapgarh","Pratapgarh","Uttar Pradesh"
"Hamirpur","210301","Hamirpur","Hamirpur","Uttar Pradesh"
"Hamirpur Dist Board","210301","Hamirpur","Hamirpur","Uttar Pradesh"
"Hamirpur Road","208021","Kanpur","Kanpur","Uttar Pradesh"
"Handia","221503","Allahabad","Handia","Uttar Pradesh"
"Handia Tech Institute","221504","Allahabad","Allahabad","Uttar Pradesh"
"Hanswar","224143","Faizabad","Faizabad","Uttar Pradesh"
"Hanuman","221001","Varanasi","Varanasi","Uttar Pradesh"
"Hanumanganj","221505","Allahabad","Allahabad","Uttar Pradesh"
"Hanumanganj","230406","Pratapgarh","Pratapgarh","Uttar Pradesh"
"Hanumangha","221001","Varanasi","Varanasi","Uttar Pradesh"
"Hapur","245101","Ghaziabad","Hapur","Uttar Pradesh"
"Hapur Mandi","245101","Ghaziabad","Ghaziabad","Uttar Pradesh"
"Harakh","225121","Barabanki","Barabanki","Uttar Pradesh"
"Harbansganj","229304","Raibareilly","Raibareilly","Uttar Pradesh"
"Harchandpur","206250","Etwah","Etwah","Uttar Pradesh"
"Harchandpur","229303","Raibareilly","Raibareilly","Uttar Pradesh"
"Hardoi","241001","Hardoi","Hardoi","Uttar Pradesh"
"Hardoi","285131","Jalaun","Hardoi","Uttar Pradesh"
"Hardrukh","285128","Jalaun","Jalaun","Uttar Pradesh"
"Harduaganj","220325","Fatehpur","Harduaganj","Uttar Pradesh"
"Hargaon S M","261121","Sitapur","Sitapur","Uttar Pradesh"
"Harhua","221105","Varanasi","Varanasi","Uttar Pradesh"
"Hari Nagar","209725","Farukhabad","Farukhabad","Uttar Pradesh"
"Hari Parbat","282002","Agra","Agra","Uttar Pradesh"
"Hariharganj","212601","Fatehpur","Fatehpur","Uttar Pradesh"
"Hariharpur","272164","Basti","Hariharpur","Uttar Pradesh"
"Hariharpur Ravi","271828","Gonda","Gonda","Uttar Pradesh"
"Harijan Ashram","211004","Allahabad","Allahabad","Uttar Pradesh"
"Harijinder Nagar","208007","Kanpur","Kanpur","Uttar Pradesh"
"Hariwan","241405","Hardoi","Hardoi","Uttar Pradesh"
"Harmukhpur","201201","Ghaziabad","Ghaziabad","Uttar Pradesh"
"Harpalpur","241402","Hardoi","Hardoi","Uttar Pradesh"
"Harraiya","272135","Basti","Harraiya","Uttar Pradesh"
"Harringtonganj","224208","Faizabad","Faizabad","Uttar Pradesh"
"Hasanganj","209841","Unnao","Unnao","Uttar Pradesh"
"Hasanpur","244241","Jyotiba Phule Nagar","Hasanpur","Uttar Pradesh"
"Hasanpur","227808","Sultanpur","Hasanpur","Uttar Pradesh"
"Hasayan","204212","Aligarh","Hasayan","Uttar Pradesh"
"Hasnain Market","226003","Lucknow","Lucknow","Uttar Pradesh"
"Hassunpur","247111","Saharanpur","Saharanpur","Uttar Pradesh"
"Hassupura","246727","Bijnore","Bijnore","Uttar Pradesh"
"Hastinapur","250404","Meerut","Hastinapur","Uttar Pradesh"
"Haswa","212645","Fatehpur","Fatehpur","Uttar Pradesh"
"Hata","274203","Deoria","Hata","Uttar Pradesh"
"Hathaunda","225405","Barabanki","Barabanki","Uttar Pradesh"
"Hathgaon","212652","Fatehpur","Fatehpur","Uttar Pradesh"
"Hathi Bazar","221405","Varanasi","Varanasi","Uttar Pradesh"
"Hathi Bazar","221408","Varanasi","Varanasi","Uttar Pradesh"
"Hathras","204101","Hathras","Hathras","Uttar Pradesh"
"Hathras City Ind Estate","204101","Hathras","Hathras","Uttar Pradesh"
"Hathras Jn R S","204102","Hathras","Hathras","Uttar Pradesh"
"Hazratpur","283103","Agra","Agra","Uttar Pradesh"
"Hetimpur","274206","Deoria","Deoria","Uttar Pradesh"
"Himkalyan","211003","Allahabad","Allahabad","Uttar Pradesh"
"Hina","226003","Lucknow","Lucknow","Uttar Pradesh"
"Hindi Press","211002","Allahabad","Allahabad","Uttar Pradesh"
"Hindi Sahitya","211003","Allahabad","Allahabad","Uttar Pradesh"
"Hindon Air Field","201004","Ghaziabad","Ghaziabad","Uttar Pradesh"
"Hindon Nagar","201302","Ghaziabad","Ghaziabad","Uttar Pradesh"
"Hospital Road","282003","Agra","Agra","Uttar Pradesh"
"Hotel Clark","282001","Agra","Agra","Uttar Pradesh"
"Husainganj","261125","Sitapur","Sitapur","Uttar Pradesh"
"Hussain Ganj","261125","Sitapur","Sitapur","Uttar Pradesh"
"Hussainabad","226003","Lucknow","Lucknow","Uttar Pradesh"
"Huzurpur","271872","Bahraich","Bahraich","Uttar Pradesh"
"I A F Kheria","282008","Agra","Agra","Uttar Pradesh"
"I I T Kanpur","208016","Kanpur","Kanpur","Uttar Pradesh"
"I I T Siddiqpur","222110","Jaunpur","Jaunpur","Uttar Pradesh"
"I T I Rae Bareli","229010","Raibareilly","Raibareilly","Uttar Pradesh"
"Idgah Colony","282001","Agra","Agra","Uttar Pradesh"
"Iglas","202124","Aligarh","Iglas","Uttar Pradesh"
"Ikauna","271845","Shrawasti","Ikauna","Uttar Pradesh"
"Iltifatganj","224145","Faizabad","Faizabad","Uttar Pradesh"
"Indara","275102","Azamgarh","Azamgarh","Uttar Pradesh"
"Indergarh","209723","Faizabad","Faizabad","Uttar Pradesh"
"Indi Estate","282006","Agra","Agra","Uttar Pradesh"
"Indian Press","211002","Allahabad","Allahabad","Uttar Pradesh"
"Indiapur","224198","Faizabad","Faizabad","Uttar Pradesh"
"Industrial Area","226012","Lucknow","Lucknow","Uttar Pradesh"
"Industrial Est Pratapur","250013","Meerut","Meerut","Uttar Pradesh"
"Industrial Est Varanasi","221106","Varanasi","Varanasi","Uttar Pradesh"
"Industrial Estate Deor","274121","Deoria","Deoria","Uttar Pradesh"
"Industrial Estate Hapur","245102","Ghaziabad","Ghaziabad","Uttar Pradesh"
"Industrial Estate Muzaffa","227801","Sultanpur","Sultanpur","Uttar Pradesh"
"Industrial Labour Colony","282004","Agra","Agra","Uttar Pradesh"
"Industrial Labour Colony","283203","Agra","Agra","Uttar Pradesh"
"Industrial Trainging Institute","206002","Etwah","Etwah","Uttar Pradesh"
"Ingohta","210321","Hamirpur","Hamirpur","Uttar Pradesh"
"Iqbalpur","247668","Saharanpur","Saharanpur","Uttar Pradesh"
"Iradat Nagar","283112","Agra","Agra","Uttar Pradesh"
"Isangar","261502","Kheri","Kheri","Uttar Pradesh"
"Ishwar Gangi","221001","Varanasi","Varanasi","Uttar Pradesh"
"Islam Nagar","202523","Badaun","Badaun","Uttar Pradesh"
"Islamganj","244901","Rampur","Rampur","Uttar Pradesh"
"Itauja","227205","Lucknow","Lucknow","Uttar Pradesh"
"Itaura Buzurg","229401","Mahoba","Mahoba","Uttar Pradesh"
"Itei Rampur","271605","Gonda","Gonda","Uttar Pradesh"
"Itwa","272192","Siddharthnagar","Siddharthnagar","Uttar Pradesh"
"Ityathok","271202","Gonda","Gonda","Uttar Pradesh"
"Izat Nagar","243002","Bareilly","Bareilly","Uttar Pradesh"
"Izatnagar","243122","Bareilly","Bareilly","Uttar Pradesh"
"Jaganair","283115","Agra","Agra","Uttar Pradesh"
"Jagatpur","229402","Raibareilly","Raibareilly","Uttar Pradesh"
"Jagatpur","221314","Varanasi","Varanasi","Uttar Pradesh"
"Jagdishpur","227809","Sultanpur","Sultanpur","Uttar Pradesh"
"Jagdishpur","227817","Sultanpur","Sultanpur","Uttar Pradesh"
"Jagmanpur","285124","Jalaun","Jalaun","Uttar Pradesh"
"Jahangaganj","276131","Azamgarh","Azamgarh","Uttar Pradesh"
"Jahanganj","209739","Farukhabad","Farukhabad","Uttar Pradesh"
"Jahangirabad","261202","Sitapur","Jahangirabad","Uttar Pradesh"
"Jahangirabad Bulandshahr","202394","Bulandshahr","Bulandshahr","Uttar Pradesh"
"Jahangirabad Mandi","202394","Bulandshahr","Bulandshahr","Uttar Pradesh"
"Jahangirabad Raj","225203","Barabanki","Barabanki","Uttar Pradesh"
"Jahangirganj","224147","Faizabad","Faizabad","Uttar Pradesh"
"Jahangirpur","203141","Bulandshahr","Jahangirpur","Uttar Pradesh"
"Jai Prakash","277127","Ballia","Ballia","Uttar Pradesh"
"Jaiganj","202001","Aligarh","Aligarh","Uttar Pradesh"
"Jail Road","261001","Sitapur","Sitapur","Uttar Pradesh"
"Jain Indstiral","201303","Gautam Buddha Nagar","Gautam Buddha Nagar","Uttar Pradesh"
"Jaiprabha Gram","271209","Gonda","Gonda","Uttar Pradesh"
"Jais","229305","Raibareilly","Jais","Uttar Pradesh"
"Jaisinghapur","228141","Sultanpur","Sultanpur","Uttar Pradesh"
"Jait","281402","Mathura","Mathura","Uttar Pradesh"
"Jaithra","207249","Etwah","Etwah","Uttar Pradesh"
"Jaitipur","242302","Shahjahanpur","Shahjahanpur","Uttar Pradesh"
"Jaitpur","210423","Hamirpur","Hamirpur","Uttar Pradesh"
"Jaitpur Agra","283114","Agra","Agra","Uttar Pradesh"
"Jaitpura","221001","Varanasi","Varanasi","Uttar Pradesh"
"Jakhania Ghazipur","275203","Ghazipur","Ghazipur","Uttar Pradesh"
"Jakhaura","284124","Lalitpur","Lalitpur","Uttar Pradesh"
"Jakhloaun","284407","Lalitpur","Lalitpur","Uttar Pradesh"
"Jakhni","221305","Varanasi","Varanasi","Uttar Pradesh"
"Jalalabad","275207","Ghazipur","Jalalabad","Uttar Pradesh"
"Jalalabad","247772","Muzaffarnagar","Jalalabad","Uttar Pradesh"
"Jalalabad Fategarh","209733","Farukhabad","Farukhabad","Uttar Pradesh"
"Jalalabad Shahjahanpur","242221","Shahjahanpur","Shahjahanpur","Uttar Pradesh"
"Jalali Aligarh","202128","Aligarh","Aligarh","Uttar Pradesh"
"Jalalpur","224149","Ambedkar Nagar","Jalalpur","Uttar Pradesh"
"Jalalpur Jaunpur","222136","Jaunpur","Jaunpur","Uttar Pradesh"
"Jalapur","242310","Shahjahanpur","Shahjahanpur","Uttar Pradesh"
"Jalaun","285123","Jalaun","Jalaun","Uttar Pradesh"
"Jalesar R S","281304","Mathura","Mathura","Uttar Pradesh"
"Jalesar Town","207302","Etah","Etah","Uttar Pradesh"
"Jamalpur","222137","Jaunpur","Jaunpur","Uttar Pradesh"
"Jamalpur Mirzapur","275105","Azamgarh","Azamgarh","Uttar Pradesh"
"Jamraon","212654","Fatehpur","Fatehpur","Uttar Pradesh"
"Jamtali","230302","Pratapgarh","Pratapgarh","Uttar Pradesh"
"Jamuwa","231314","Mirzapur","Mirzapur","Uttar Pradesh"
"Janamasthan","281001","Mathura","Mathura","Uttar Pradesh"
"Janaura","224211","Faizabad","Faizabad","Uttar Pradesh"
"Janghai Bazar","212401","Allahabad","Allahabad","Uttar Pradesh"
"Jangiganj","221310","Varanasi","Varanasi","Uttar Pradesh"
"Jani","250501","Meerut","Meerut","Uttar Pradesh"
"Jari Bazar","212106","Allahabad","Allahabad","Uttar Pradesh"
"Jaria","210422","Hamirpur","Hamirpur","Uttar Pradesh"
"Jaroda Pandey","247453","Saharanpur","Saharanpur","Uttar Pradesh"
"Jarwa","271203","Gonda","Gonda","Uttar Pradesh"
"Jarwal","271904","Bahraich","Jarwal","Uttar Pradesh"
"Jarwal Road","271901","Bahraich","Bahraich","Uttar Pradesh"
"Jaspur","244712","Moradabad","Moradabad","Uttar Pradesh"
"Jasra","212107","Allahabad","Allahabad","Uttar Pradesh"
"Jasrana","205125","Firozabad","Jasrana","Uttar Pradesh"
"Jaswantnagar","206254","Etwah","Jaswantnagar","Uttar Pradesh"
"Jaswantnagar Bazar","206254","Etwah","Etwah","Uttar Pradesh"
"Jatepur Colony","273001","Gorakhpur","Gorakhpur","Uttar Pradesh"
"Jatourwa","262724","Kheri","Kheri","Uttar Pradesh"
"Jattari","202137","Aligarh","Aligarh","Uttar Pradesh"
"Jaunpur","222001","Jaunpur","Jaunpur","Uttar Pradesh"
"Jaunpur","222002","Jaunpur","Jaunpur","Uttar Pradesh"
"Jawahar Nagar","208012","Kanpur","Kanpur","Uttar Pradesh"
"Jawahar Nagar","209801","Unnao","Unnao","Uttar Pradesh"
"Jawan","202126","Aligarh","Aligarh","Uttar Pradesh"
"Jawar","204207","Aligarh","Aligarh","Uttar Pradesh"
"Jeonti","205263","Mainpuri","Mainpuri","Uttar Pradesh"
"Jethwara","230129","Pratapgarh","Pratapgarh","Uttar Pradesh"
"Jewan","242404","Kannauj","Kannauj","Uttar Pradesh"
"Jewar","203133","Bulandshahr","Jewar","Uttar Pradesh"
"Jhabrera","247665","Saharanpur","Saharanpur","Uttar Pradesh"
"Jhalu","246728","Bijnore","Jhalu","Uttar Pradesh"
"Jhansi","284001","Jhansi","Jhansi","Uttar Pradesh"
"Jhansi","284001","Jhansi","Jhansi","Uttar Pradesh"
"Jhansi Cantt","284001","Jhansi","Jhansi","Uttar Pradesh"
"Jhansi City","284001","Jhansi","Jhansi","Uttar Pradesh"
"Jhansi City","284002","Jhansi","Jhansi","Uttar Pradesh"
"Jhansi R S","284001","Jhansi","Jhansi","Uttar Pradesh"
"Jhinjhak","209320","Kanpur","Jhinjhak","Uttar Pradesh"
"Jhinjhana","247773","Muzaffarnagar","Jhinjhana","Uttar Pradesh"
"Jhusi","221506","Allahabad","Jhusi","Uttar Pradesh"
"Jiruli","202281","Aligarh","Aligarh","Uttar Pradesh"
"Johns Mill","282004","Agra","Agra","Uttar Pradesh"
"Johri Bazar","282003","Agra","Agra","Uttar Pradesh"
"Joya","244222","Jyotiba Phule Nagar","Joya","Uttar Pradesh"
"Jugraipur","262123","Pilibhit","Pilibhit","Uttar Pradesh"
"Jugsena","281308","Mathura","Mathura","Uttar Pradesh"
"Juhi Colony","208014","Kanpur","Kanpur","Uttar Pradesh"
"Jwalanagar","244901","Rampur","Rampur","Uttar Pradesh"
"Jwalapur","249407","Saharanpur","Saharanpur","Uttar Pradesh"
"Jwalapur Town","249407","Saharanpur","Saharanpur","Uttar Pradesh"
"K G Works","202139","Aligarh","Aligarh","Uttar Pradesh"
"K N I","228118","Sultanpur","Sultanpur","Uttar Pradesh"
"Kabir Chaura","221001","Varanasi","Varanasi","Uttar Pradesh"
"Kabral","210424","Hamirpur","Hamirpur","Uttar Pradesh"
"Kachhauna","241126","Hardoi","Hardoi","Uttar Pradesh"
"Kachla","243636","Badaun","Badaun","Uttar Pradesh"
"Kachuura","204211","Aligarh","Aligarh","Uttar Pradesh"
"Kachwa","221501","Mirzapur","Mirzapur","Uttar Pradesh"
"Kadipur","228145","Sultanpur","Kadipur","Uttar Pradesh"
"Kadori","277107","Ballia","Ballia","Uttar Pradesh"
"Kagarol","283119","Agra","Agra","Uttar Pradesh"
"Kaha Mandi","282002","Agra","Agra","Uttar Pradesh"
"Kailashpuri","271864","Bahraich","Bahraich","Uttar Pradesh"
"Kailiya","285251","Jalaun","Jalaun","Uttar Pradesh"
"Kairana","247774","Muzaffarnagar","Kairana","Uttar Pradesh"
"Kaisarganj","271903","Bahraich","Bahraich","Uttar Pradesh"
"Kaiserganj","250002","Meerut","Meerut","Uttar Pradesh"
"Kaithola","229410","Pratapgarh","Pratapgarh","Uttar Pradesh"
"Kajgaon","222138","Jaunpur","Jaunpur","Uttar Pradesh"
"Kakore","203203","Bulandshahr","Bulandshahr","Uttar Pradesh"
"Kakrala","243637","Badaun","Kakrala","Uttar Pradesh"
"Kala Kankar","229408","Pratapgarh","Pratapgarh","Uttar Pradesh"
"Kalai","202118","Aligarh","Aligarh","Uttar Pradesh"
"Kalan","207122","Etwah","Etwah","Uttar Pradesh"
"Kallooganj","246763","Bijnore","Bijnore","Uttar Pradesh"
"Kallumal Street","208001","Kanpur","Kanpur","Uttar Pradesh"
"Kalmganj","207502","Farukhabad","Farukhabad","Uttar Pradesh"
"Kalpi","285204","Jalaun","Kalpi","Uttar Pradesh"
"Kalwari","272301","Basti","Basti","Uttar Pradesh"
"Kalyani Devi","211003","Allahabad","Allahabad","Uttar Pradesh"
"Kalyanpur","208018","Kanpur","Kanpur","Uttar Pradesh"
"Kamachha","221001","Varanasi","Varanasi","Uttar Pradesh"
"Kamal Mainpur","242228","Shahjahanpur","Shahjahanpur","Uttar Pradesh"
"Kamalganj","209724","Farukhabad","Kamalganj","Uttar Pradesh"
"Kamalpur","232106","Varanasi","Varanasi","Uttar Pradesh"
"Kamasin","210125","Banda","Banda","Uttar Pradesh"
"Kamla Nehru Institute","228124","Sultanpur","Sultanpur","Uttar Pradesh"
"Kanau","204206","Aligarh","Aligarh","Uttar Pradesh"
"Kanchausi Bazar","206246","Etwah","Etwah","Uttar Pradesh"
"Kandhala","247775","Muzaffarnagar","Muzaffarnagar","Uttar Pradesh"
"Kanker Khera","250001","Meerut","Meerut","Uttar Pradesh"
"Kankhal","249408","Saharanpur","Saharanpur","Uttar Pradesh"
"Kannauj","209725","Farukhabad","Kannauj","Uttar Pradesh"
"Kanndhrapur","276135","Azamgarh","Azamgarh","Uttar Pradesh"
"Kanpur","208001","Gautam Buddha Nagar","Kanpur","Uttar Pradesh"
"Kanpur","208023","Gautam Buddha Nagar","Kanpur","Uttar Pradesh"
"Kanpur","209125","Kanpur","Kanpur","Uttar Pradesh"
"Kanpur Cantt","208004","Kanpur","Kanpur","Uttar Pradesh"
"Kanpur Chowk","208001","Kanpur","Kanpur","Uttar Pradesh"
"Kanpur Courts","208001","Kanpur","Kanpur","Uttar Pradesh"
"Kanpur University","208024","Kanpur","Kanpur","Uttar Pradesh"
"Kanpur West","208001","Kanpur","Kanpur","Uttar Pradesh"
"Kanskhat","242225","Shahjahanpur","Shahjahanpur","Uttar Pradesh"
"Kant","242225","Shahjahanpur","Shahjahanpur","Uttar Pradesh"
"Kanth","204104","Moradabad","Kanth","Uttar Pradesh"
"Kanya Gurkul","204101","Aligarh","Aligarh","Uttar Pradesh"
"Kapradih","224205","Faizabad","Faizabad","Uttar Pradesh"
"Kara","212205","Allahabad","Allahabad","Uttar Pradesh"
"Karahiakabazar","229124","Raibareilly","Raibareilly","Uttar Pradesh"
"Karanchipur","277214","Ballia","Ballia","Uttar Pradesh"
"Karanda","233224","Ghazipur","Ghazipur","Uttar Pradesh"
"Karari","212206","Allahabad","Karari","Uttar Pradesh"
"Karchana","212301","Allahabad","Allahabad","Uttar Pradesh"
"Kareek","224219","Faizabad","Faizabad","Uttar Pradesh"
"Kareli","243404","Bareilly","Bareilly","Uttar Pradesh"
"Karhal","205264","Mainpuri","Karhal","Uttar Pradesh"
"Karhalgate","205001","Mainpuri","Mainpuri","Uttar Pradesh"
"Karhan","276402","Azamgarh","Azamgarh","Uttar Pradesh"
"Karimuddinpur","233225","Ghazipur","Ghazipur","Uttar Pradesh"
"Karon","221714","Ballia","Ballia","Uttar Pradesh"
"Karora","203129","Bulandshahr","Bulandshahr","Uttar Pradesh"
"Kartala","207126","Etah","Etah","Uttar Pradesh"
"Karwi R S","201205","Ghaziabad","Ghaziabad","Uttar Pradesh"
"Karwl","201205","Ghaziabad","Ghaziabad","Uttar Pradesh"
"Kaseru Khera","250403","Meerut","Meerut","Uttar Pradesh"
"Kasganj","207123","Etwah","Kasganj","Uttar Pradesh"
"Kashi","221001","Varanasi","Varanasi","Uttar Pradesh"
"Kashi","221002","Varanasi","Varanasi","Uttar Pradesh"
"Kashi R S","221001","Varanasi","Varanasi","Uttar Pradesh"
"Kashipur","244713","Moradabad","Moradabad","Uttar Pradesh"
"Kashipur","244714","Moradabad","Moradabad","Uttar Pradesh"
"Kasia","274402","Kushinagar","Kushinagar","Uttar Pradesh"
"Kasimpur","202127","Chandauli","Chandauli","Uttar Pradesh"
"Kasimpur","202144","Chandauli","Chandauli","Uttar Pradesh"
"Katari","224222","Faizabad","Faizabad","Uttar Pradesh"
"Katarniaghat","271833","Bahraich","Bahraich","Uttar Pradesh"
"Katehri","224151","Faizabad","Faizabad","Uttar Pradesh"
"Katghar","211003","Allahabad","Allahabad","Uttar Pradesh"
"Kath Kulan","274303","Deoria","Deoria","Uttar Pradesh"
"Kathghar","244001","Moradabad","Moradabad","Uttar Pradesh"
"Kathghat","229125","Raibareilly","Raibareilly","Uttar Pradesh"
"Kathiraon","221207","Varanasi","Varanasi","Uttar Pradesh"
"Katna","206252","Etwah","Etwah","Uttar Pradesh"
"Katra","211002","Allahabad","Katra","Uttar Pradesh"
"Katra Bazar","262201","Pilibhit","Pilibhit","Uttar Pradesh"
"Katra Gules Singh","271122","Gonda","Gonda","Uttar Pradesh"
"Katrabazar","271309","Gonda","Gonda","Uttar Pradesh"
"Katramednigari","230131","Raibareilly","Raibareilly","Uttar Pradesh"
"Kattrola","242001","Shahjahanpur","Shahjahanpur","Uttar Pradesh"
"Kauri Ram","273413","Gorakhpur","Gorakhpur","Uttar Pradesh"
"Kauria","271122","Gonda","Gonda","Uttar Pradesh"
"Kauriaganj","202129","Aligarh","Kauriaganj","Uttar Pradesh"
"Kaushlapuri","208012","Kanpur","Kanpur","Uttar Pradesh"
"Kauwapur","271212","Gonda","Gonda","Uttar Pradesh"
"Kavinagar","201002","Ghaziabad","Ghaziabad","Uttar Pradesh"
"Kawakpur","221211","Varanasi","Varanasi","Uttar Pradesh"
"Kayasth","211001","Allahabad","Allahabad","Uttar Pradesh"
"Kayasthwara","203205","Bulandshahr","Bulandshahr","Uttar Pradesh"
"Kazipur","273001","Gorakhpur","Gorakhpur","Uttar Pradesh"
"Kedar Ghat","221001","Varanasi","Varanasi","Uttar Pradesh"
"Keolariya","212410","Allahabad","Allahabad","Uttar Pradesh"
"Kerela Bagh Colony","211003","Allahabad","Allahabad","Uttar Pradesh"
"Ketchery","210001","Banda","Banda","Uttar Pradesh"
"Khadda","273415","Kushinagar","Khadda","Uttar Pradesh"
"Khaekra","201101","Ghaziabad","Ghaziabad","Uttar Pradesh"
"Khaga","212655","Fatehpur","Khaga","Uttar Pradesh"
"Khaimpur","243208","Bareilly","Bareilly","Uttar Pradesh"
"Khair","202138","Aligarh","Khair","Uttar Pradesh"
"Khaira","242303","Shahjahanpur","Shahjahanpur","Uttar Pradesh"
"Khairabad","261131","Sitapur","Khairabad","Uttar Pradesh"
"Khairagarh","283121","Agra","Agra","Uttar Pradesh"
"Khairmandi","202138","Aligarh","Aligarh","Uttar Pradesh"
"Khairnagar","209736","Farukhabad","Farukhabad","Uttar Pradesh"
"Khajni","272212","Basti","Basti","Uttar Pradesh"
"Khajuha","212657","Fatehpur","Fatehpur","Uttar Pradesh"
"Khajurhat","224206","Faizabad","Faizabad","Uttar Pradesh"
"Khajuri","277305","Ballia","Ballia","Uttar Pradesh"
"Khakni Darwaza","272002","Basti","Basti","Uttar Pradesh"
"Khakreru","212656","Fatehpur","Fatehpur","Uttar Pradesh"
"Khalapar","251001","Muzaffarnagar","Muzaffarnagar","Uttar Pradesh"
"Khalapar","247001","Saharanpur","Saharanpur","Uttar Pradesh"
"Khalasi Line","247001","Saharanpur","Saharanpur","Uttar Pradesh"
"Khaley","276205","Azamgarh","Azamgarh","Uttar Pradesh"
"Khalilabad","272175","Sant Kabir Nagar","Khalilabad","Uttar Pradesh"
"Khamaria","221306","Varanasi","Khamaria","Uttar Pradesh"
"Khan","282002","Agra","Agra","Uttar Pradesh"
"Khandasa","224153","Faizabad","Faizabad","Uttar Pradesh"
"Khandwa","221718","Ballia","Ballia","Uttar Pradesh"
"Khangah","243001","Bareilly","Bareilly","Uttar Pradesh"
"Khanna","210504","Hamirpur","Hamirpur","Uttar Pradesh"
"Khanpur","245405","Bulandshahr","Khanpur","Uttar Pradesh"
"Khapra Mahal","208004","Kanpur","Kanpur","Uttar Pradesh"
"Kharagpur","271204","Gonda","Gonda","Uttar Pradesh"
"Khardiha","233233","Ghazipur","Ghazipur","Uttar Pradesh"
"Kharela","210425","Mahoba","Kharela","Uttar Pradesh"
"Kharkhauda","245206","Meerut","Meerut","Uttar Pradesh"
"Kharsara","277302","Ballia","Ballia","Uttar Pradesh"
"Khaspur","224220","Faizabad","Faizabad","Uttar Pradesh"
"Khatauli","251201","Muzaffarnagar","Khatauli","Uttar Pradesh"
"Khatriyan","246701","Bijnore","Bijnore","Uttar Pradesh"
"Khemapur","224157","Faizabad","Faizabad","Uttar Pradesh"
"Kheri","262701","Kheri","Kheri","Uttar Pradesh"
"Kheri Town","262702","Kheri","Kheri","Uttar Pradesh"
"Kherighat","271851","Bahraich","Bahraich","Uttar Pradesh"
"Kherisarai","222139","Jaunpur","Jaunpur","Uttar Pradesh"
"Khimsepur","209743","Farukhabad","Farukhabad","Uttar Pradesh"
"Khiron","229205","Raibareilly","Raibareilly","Uttar Pradesh"
"Khojwa Bazar","221001","Varanasi","Varanasi","Uttar Pradesh"
"Khorapir","243001","Bareilly","Bareilly","Uttar Pradesh"
"Khorasa","271123","Gonda","Gonda","Uttar Pradesh"
"Khudaganj","242305","Shahjahanpur","Khudaganj","Uttar Pradesh"
"Khukhundu","274501","Deoria","Deoria","Uttar Pradesh"
"Khurhand R S","210120","Banda","Banda","Uttar Pradesh"
"Khurja","203131","Bulandshahr","Khurja","Uttar Pradesh"
"Khurja Chowk","203131","Bulandshahr","Bulandshahr","Uttar Pradesh"
"Khurja Jn R S","203132","Bulandshahr","Bulandshahr","Uttar Pradesh"
"Khushipura","284001","Jhansi","Jhansi","Uttar Pradesh"
"Khusroobagh","244901","Rampur","Rampur","Uttar Pradesh"
"Khutahan","223104","Jaunpur","Jaunpur","Uttar Pradesh"
"Khutar","242405","Shahjahanpur","Khutar","Uttar Pradesh"
"Kichhauchha","224155","Faizabad","Faizabad","Uttar Pradesh"
"Kidarnagar","224214","Faizabad","Faizabad","Uttar Pradesh"
"Kidihadapur","221716","Ballia","Ballia","Uttar Pradesh"
"Kidwainagar","208011","Kanpur","Kanpur","Uttar Pradesh"
"Kila","243001","Bareilly","Bareilly","Uttar Pradesh"
"Kila Street","244713","Moradabad","Moradabad","Uttar Pradesh"
"Kirarat","222142","Jaunpur","Jaunpur","Uttar Pradesh"
"Kiratpur","246731","Bijnore","Kiratpur","Uttar Pradesh"
"Kishanganj","230503","Pratapgarh","Pratapgarh","Uttar Pradesh"
"Kishanpur","212658","Fatehpur","Fatehpur","Uttar Pradesh"
"Kishanpura Nagar","250003","Meerut","Meerut","Uttar Pradesh"
"Kishanpurbaral","250623","Meerut","Meerut","Uttar Pradesh"
"Kishni","206302","Etwah","Kishni","Uttar Pradesh"
"Kitaoli","283122","Agra","Agra","Uttar Pradesh"
"Kitchner Lines","250001","Meerut","Meerut","Uttar Pradesh"
"Kithore","250104","Meerut","Meerut","Uttar Pradesh"
"Koils","276142","Azamgarh","Azamgarh","Uttar Pradesh"
"Koirana","221309","Varanasi","Varanasi","Uttar Pradesh"
"Koiripur","222301","Sultanpur","Sultanpur","Uttar Pradesh"
"Konch","285205","Jalaun","Konch","Uttar Pradesh"
"Konch Bazariya","285205","Jalaun","Jalaun","Uttar Pradesh"
"Konhdaur","230401","Pratapgarh","Pratapgarh","Uttar Pradesh"
"Kopaganj","275305","Chitrakoot","Kopaganj","Uttar Pradesh"
"Kopra","285223","Jalaun","Jalaun","Uttar Pradesh"
"Korajahanabad","212659","Fatehpur","Fatehpur","Uttar Pradesh"
"Korantadih","275501","Azamgarh","Azamgarh","Uttar Pradesh"
"Koreon","212306","Allahabad","Allahabad","Uttar Pradesh"
"Kosikalan","281403","Mathura","Mathura","Uttar Pradesh"
"Kote Kalan","241406","Hardoi","Hardoi","Uttar Pradesh"
"Kothi","225119","Barabanki","Barabanki","Uttar Pradesh"
"Kotia Madara","271317","Gonda","Gonda","Uttar Pradesh"
"Kotwari","221722","Ballia","Ballia","Uttar Pradesh"
"Krishna Nagar","203001","Bulandshahr","Bulandshahr","Uttar Pradesh"
"Krishna Nagar","208007","Kanpur","Kanpur","Uttar Pradesh"
"Krishnanagar","211003","Allahabad","Allahabad","Uttar Pradesh"
"Krishnanagar","281004","Mathura","Mathura","Uttar Pradesh"
"Krishnanagar Hmeerut)","250105","Meerut","Meerut","Uttar Pradesh"
"Kshatropara","202280","Aligarh","Aligarh","Uttar Pradesh"
"Kubaripatehra","231309","Mirzapur","Mirzapur","Uttar Pradesh"
"Kuddupur","222104","Jaunpur","Jaunpur","Uttar Pradesh"
"Kugrajpur","242408","Shahjahanpur","Shahjahanpur","Uttar Pradesh"
"Kulphar","210425","Hamirpur","Hamirpur","Uttar Pradesh"
"Kumharanpul","247001","Saharanpur","Saharanpur","Uttar Pradesh"
"Kunda","229406","Pratapgarh","Kunda","Uttar Pradesh"
"Kundannagar","244249","Moradabad","Moradabad","Uttar Pradesh"
"Kundarki","202413","Moradabad","Kundarki","Uttar Pradesh"
"Kundeshwar","233234","Ghazipur","Ghazipur","Uttar Pradesh"
"Kunraghat","273008","Gorakhpur","Gorakhpur","Uttar Pradesh"
"Kunwarpur","243001","Bareilly","Bareilly","Uttar Pradesh"
"Kuraoli","205265","Mainpuri","Kuraoli","Uttar Pradesh"
"Kurara","210505","Hamirpur","Kurara","Uttar Pradesh"
"Kurebhar","228151","Sultanpur","Sultanpur","Uttar Pradesh"
"Kureji","277122","Ballia","Ballia","Uttar Pradesh"
"Kurra","205268","Mainpuri","Mainpuri","Uttar Pradesh"
"Kursi","225302","Barabanki","Barabanki","Uttar Pradesh"
"Kursiakalan","242229","Shahjahanpur","Shahjahanpur","Uttar Pradesh"
"Kurwa Hal","227412","Sultanpur","Sultanpur","Uttar Pradesh"
"Kurwar","228155","Sultanpur","Sultanpur","Uttar Pradesh"
"Kushi","233337","Ghazipur","Ghazipur","Uttar Pradesh"
"Kushinagar","274403","Deoria","Kushinagar","Uttar Pradesh"
"Kushwapur","230145","Pratapgarh","Pratapgarh","Uttar Pradesh"
"Kusmara","206303","Etwah","Kusmara","Uttar Pradesh"
"Kusta Ashram","221102","Varanasi","Varanasi","Uttar Pradesh"
"Kutchery","202001","Aligarh","Aligarh","Uttar Pradesh"
"Kutchery","211002","Allahabad","Allahabad","Uttar Pradesh"
"Kutchery","243601","Badaun","Badaun","Uttar Pradesh"
"Kutchery","243001","Bareilly","Bareilly","Uttar Pradesh"
"Kutchery","272001","Basti","Basti","Uttar Pradesh"
"Kutchery","203001","Bulandshahr","Bulandshahr","Uttar Pradesh"
"Kutchery","274001","Deoria","Deoria","Uttar Pradesh"
"Kutchery","206001","Etwah","Etwah","Uttar Pradesh"
"Kutchery","273001","Gorakhpur","Gorakhpur","Uttar Pradesh"
"Kutchery","222002","Jaunpur","Jaunpur","Uttar Pradesh"
"Kutchery","284001","Jhansi","Jhansi","Uttar Pradesh"
"Kutchery","244001","Moradabad","Moradabad","Uttar Pradesh"
"Kutchery","251001","Muzaffarnagar","Muzaffarnagar","Uttar Pradesh"
"Kutchery","262001","Pilibhit","Pilibhit","Uttar Pradesh"
"Kutchery","229001","Raibareilly","Raibareilly","Uttar Pradesh"
"Kutchery","247001","Saharanpur","Saharanpur","Uttar Pradesh"
"Kutchery","242001","Shahjahanpur","Shahjahanpur","Uttar Pradesh"
"Kutchery","221002","Varanasi","Varanasi","Uttar Pradesh"
"Kutchery R R C","209601","Farukhabad","Farukhabad","Uttar Pradesh"
"Kutchey","261001","Sitapur","Sitapur","Uttar Pradesh"
"Kuthond","285125","Jalaun","Jalaun","Uttar Pradesh"
"Kutirchakey","222146","Jaunpur","Jaunpur","Uttar Pradesh"
"Labaria","202001","Aligarh","Aligarh","Uttar Pradesh"
"Labour Camp","273009","Gorakhpur","Gorakhpur","Uttar Pradesh"
"Labour Colony","204101","Aligarh","Aligarh","Uttar Pradesh"
"Labour Colony","211008","Allahabad","Allahabad","Uttar Pradesh"
"Labour Colony","205001","Mainpuri","Mainpuri","Uttar Pradesh"
"Labour Colony","247001","Saharanpur","Saharanpur","Uttar Pradesh"
"Laghucha","262721","Kheri","Kheri","Uttar Pradesh"
"Laharpur","261135","Sitapur","Laharpur","Uttar Pradesh"
"Lahartara","221002","Varanasi","Varanasi","Uttar Pradesh"
"Laipat Kunj","282002","Agra","Agra","Uttar Pradesh"
"Lakeview C P O","284125","Lalitpur","Lalitpur","Uttar Pradesh"
"Lakhaoti","245407","Bulandshahr","Bulandshahr","Uttar Pradesh"
"Lakhi Gate","247001","Saharanpur","Saharanpur","Uttar Pradesh"
"Lakhimpur Kheri","262701","Kheri","Kheri","Uttar Pradesh"
"Lakhna","206127","Etwah","Lakhna","Uttar Pradesh"
"Lal Darwaza","281001","Mathura","Mathura","Uttar Pradesh"
"Lal Ghat","276136","Azamgarh","Azamgarh","Uttar Pradesh"
"Lal Kurti Bazar","284001","Jhansi","Jhansi","Uttar Pradesh"
"Lal Road","274505","Deoria","Deoria","Uttar Pradesh"
"Lal Sarai","209625","Farukhabad","Farukhabad","Uttar Pradesh"
"Lalauli","212661","Fatehpur","Fatehpur","Uttar Pradesh"
"Lalbagh","226001","Lucknow","Lucknow","Uttar Pradesh"
"Laldigi","231002","Mirzapur","Mirzapur","Uttar Pradesh"
"Lalganj","276202","Azamgarh","Lalganj","Uttar Pradesh"
"Lalganj","277216","Ballia","Lalganj","Uttar Pradesh"
"Lalganj","231211","Mirzapur","Lalganj","Uttar Pradesh"
"Lalganj","229206","Raibareilly","Lalganj","Uttar Pradesh"
"Lalganj","230132","Raibareilly","Lalganj","Uttar Pradesh"
"Lalgopalganj","229413","Allahabad","Allahabad","Uttar Pradesh"
"Lali Bari","282002","Agra","Agra","Uttar Pradesh"
"Lalitpur","284403","Lalitpur","Lalitpur","Uttar Pradesh"
"Lalkurti Bazar","250001","Meerut","Meerut","Uttar Pradesh"
"Lambhua","222302","Sultanpur","Sultanpur","Uttar Pradesh"
"Landhaura","247664","Saharanpur","Saharanpur","Uttar Pradesh"
"Landhaura Town","247664","Saharanpur","Saharanpur","Uttar Pradesh"
"Lanka","221005","Varanasi","Varanasi","Uttar Pradesh"
"Lansdowne Cantt","274502","Deoria","Deoria","Uttar Pradesh"
"Lar","274502","Deoria","Lar","Uttar Pradesh"
"Laroon","224223","Faizabad","Faizabad","Uttar Pradesh"
"Latipura","281503","Mathura","Mathura","Uttar Pradesh"
"Lawar","250222","Meerut","Meerut","Uttar Pradesh"
"Laxa","221001","Varanasi","Varanasi","Uttar Pradesh"
"Laxmanpur","230130","Pratapgarh","Pratapgarh","Uttar Pradesh"
"Laxmiganj","274306","Deoria","Deoria","Uttar Pradesh"
"Laxmipur","242311","Shahjahanpur","Shahjahanpur","Uttar Pradesh"
"Lbrahimpattri","221720","Ballia","Ballia","Uttar Pradesh"
"Leader Press","211001","Allahabad","Allahabad","Uttar Pradesh"
"Leader Road","211001","Allahabad","Allahabad","Uttar Pradesh"
"Leorua","222148","Jaunpur","Jaunpur","Uttar Pradesh"
"Lhaksar","247663","Saharanpur","Saharanpur","Uttar Pradesh"
"Lindsayganj","209625","Farukhabad","Farukhabad","Uttar Pradesh"
"Lisarigate","250002","Meerut","Meerut","Uttar Pradesh"
"Loco Colony","228001","Sultanpur","Sultanpur","Uttar Pradesh"
"Loco Workshop","273001","Gorakhpur","Gorakhpur","Uttar Pradesh"
"Locomotive","226001","Lucknow","Lucknow","Uttar Pradesh"
"Lodha","202140","Aligarh","Aligarh","Uttar Pradesh"
"Lohar Bagh","261001","Sitapur","Sitapur","Uttar Pradesh"
"Lohari","247111","Saharanpur","Saharanpur","Uttar Pradesh"
"Lohia Head","262301","Pilibhit","Pilibhit","Uttar Pradesh"
"Lol Bazar","281121","Mathura","Mathura","Uttar Pradesh"
"Loni","201102","Ghaziabad","Loni","Uttar Pradesh"
"Lorasi","271321","Gonda","Gonda","Uttar Pradesh"
"Losta","221107","Varanasi","Varanasi","Uttar Pradesh"
"Lucknow","226001","Lucknow","Lucknow","Uttar Pradesh"
"Lucknow","226020","Lucknow","Lucknow","Uttar Pradesh"
"Lucknow Chowk","226003","Lucknow","Lucknow","Uttar Pradesh"
"Luhsan","202171","Aligarh","Aligarh","Uttar Pradesh"
"M G Marg","211001","Allahabad","Allahabad","Uttar Pradesh"
"M L B College","284128","Jhansi","Jhansi","Uttar Pradesh"
"M L N Engg College","211004","Allahabad","Allahabad","Uttar Pradesh"
"Macandrewganj","230001","Pratapgarh","Pratapgarh","Uttar Pradesh"
"Machhlishahar","222143","Jaunpur","Jaunpur","Uttar Pradesh"
"Machhra","250106","Meerut","Meerut","Uttar Pradesh"
"Machrehta","261405","Sitapur","Sitapur","Uttar Pradesh"
"Madan Mohan Engg College","273010","Gorakhpur","Gorakhpur","Uttar Pradesh"
"Madanpur","274205","Deoria","Deoria","Uttar Pradesh"
"Madanpura","221001","Varanasi","Varanasi","Uttar Pradesh"
"Madar","202001","Aligarh","Aligarh","Uttar Pradesh"
"Madaripur","285130","Jalaun","Jalaun","Uttar Pradesh"
"Madarsa Sadar","245101","Ghaziabad","Ghaziabad","Uttar Pradesh"
"Madhi Nath Road","243001","Bareilly","Bareilly","Uttar Pradesh"
"Madhoganj","241302","Hardoi","Madhoganj","Uttar Pradesh"
"Madhoganj","205141","Mainpuri","Madhoganj","Uttar Pradesh"
"Madhoganj","230403","Pratapgarh","Madhoganj","Uttar Pradesh"
"Madhogarh","285126","Jalaun","Madhogarh","Uttar Pradesh"
"Madhuban","221603","Chitrakoot","Chitrakoot","Uttar Pradesh"
"Madhubeni","277215","Ballia","Ballia","Uttar Pradesh"
"Maghar","272173","Basti","Maghar","Uttar Pradesh"
"Mahaban","281305","Mathura","Mahaban","Uttar Pradesh"
"Mahabirganj","202001","Aligarh","Aligarh","Uttar Pradesh"
"Mahamandal","221001","Varanasi","Varanasi","Uttar Pradesh"
"Mahanagar","226006","Lucknow","Lucknow","Uttar Pradesh"
"Maharaiganj","273303","Gorakhpur","Gorakhpur","Uttar Pradesh"
"Maharaj Ganj","221314","Varanasi","Varanasi","Uttar Pradesh"
"Maharajganj","276137","Azamgarh","Azamgarh","Uttar Pradesh"
"Maharajganj","222145","Jaunpur","Jaunpur","Uttar Pradesh"
"Maharajganj","229128","Raibareilly","Raibareilly","Uttar Pradesh"
"Maharajnagar","262701","Kheri","Kheri","Uttar Pradesh"
"Maharanj","222303","Sultanpur","Sultanpur","Uttar Pradesh"
"Maharishi Nagar","201304","Ghaziabad","Ghaziabad","Uttar Pradesh"
"Maharoni","284405","Lalitpur","Lalitpur","Uttar Pradesh"
"Mahavidyalaya","249405","Saharanpur","Saharanpur","Uttar Pradesh"
"Maheshganj","229415","Pratapgarh","Pratapgarh","Uttar Pradesh"
"Mahewa","285211","Jalaun","Jalaun","Uttar Pradesh"
"Mahewganj","261506","Kheri","Kheri","Uttar Pradesh"
"Mahgaon","212213","Allahabad","Allahabad","Uttar Pradesh"
"Mahila","211001","Allahabad","Allahabad","Uttar Pradesh"
"Mahmmorganj","221010","Varanasi","Varanasi","Uttar Pradesh"
"Mahmoodabad","261203","Sitapur","Sitapur","Uttar Pradesh"
"Mahmoodpur","228141","Sultanpur","Sultanpur","Uttar Pradesh"
"Mahoba","210427","Mahoba","Mahoba","Uttar Pradesh"
"Maholi","261141","Sitapur","Maholi","Uttar Pradesh"
"Mahsi","271824","Bahraich","Bahraich","Uttar Pradesh"
"Mahson","272124","Basti","Basti","Uttar Pradesh"
"Mahul","223225","Azamgarh","Azamgarh","Uttar Pradesh"
"Mahuli","272172","Basti","Basti","Uttar Pradesh"
"Mahuwaria","231001","Mirzapur","Mirzapur","Uttar Pradesh"
"Maigalganj","261505","Kheri","Kheri","Uttar Pradesh"
"Mailani","262803","Kheri","Mailani","Uttar Pradesh"
"Mainpur","233235","Ghazipur","Ghazipur","Uttar Pradesh"
"Mainpuri","205001","Mainpuri","Mainpuri","Uttar Pradesh"
"Mainpuri City","205001","Mainpuri","Mainpuri","Uttar Pradesh"
"Mainpuri Gate","283203","Agra","Agra","Uttar Pradesh"
"Majarganj","229128","Raibareilly","Raibareilly","Uttar Pradesh"
"Majhauli Raj","274506","Deoria","Majhauli Raj","Uttar Pradesh"
"Majhauwa","277403","Ballia","Ballia","Uttar Pradesh"
"Majhawan","209207","Kanpur","Kanpur","Uttar Pradesh"
"Majhgawan","243304","Bareilly","Bareilly","Uttar Pradesh"
"Majhgawan","210428","Hamirpur","Hamirpur","Uttar Pradesh"
"Majhola","262302","Pilibhit","Pilibhit","Uttar Pradesh"
"Majhole","202416","Moradabad","Moradabad","Uttar Pradesh"
"Majruddinpur","224207","Faizabad","Faizabad","Uttar Pradesh"
"Makhanpur","205145","Mainpuri","Mainpuri","Uttar Pradesh"
"Makrahi","224224","Faizabad","Faizabad","Uttar Pradesh"
"Makrandnagar","209726","Farukhabad","Farukhabad","Uttar Pradesh"
"Malaka","211001","Kaushambi","Kaushambi","Uttar Pradesh"
"Malaknagar","201005","Ghaziabad","Ghaziabad","Uttar Pradesh"
"Malhausi","206130","Etwah","Etwah","Uttar Pradesh"
"Malihabad","227111","Lucknow","Malihabad","Uttar Pradesh"
"Malikma","229130","Raibareilly","Raibareilly","Uttar Pradesh"
"Malinpura","233310","Ghazipur","Ghazipur","Uttar Pradesh"
"Malipur","224159","Faizabad","Faizabad","Uttar Pradesh"
"Mall","227115","Lucknow","Lucknow","Uttar Pradesh"
"Mallanwa","230133","Pratapgarh","Pratapgarh","Uttar Pradesh"
"Mallawan","241303","Hardoi","Mallawan","Uttar Pradesh"
"Mallawan","229416","Pratapgarh","Mallawan","Uttar Pradesh"
"Malookpur","243001","Bareilly","Bareilly","Uttar Pradesh"
"Malviya Nagar","221005","Varanasi","Varanasi","Uttar Pradesh"
"Malviyanagar","202282","Aligarh","Aligarh","Uttar Pradesh"
"Malwa","212664","Fatehpur","Fatehpur","Uttar Pradesh"
"Manaknagar","226011","Lucknow","Lucknow","Uttar Pradesh"
"Manauri","212208","Allahabad","Allahabad","Uttar Pradesh"
"Manauri Air Force","212212","Allahabad","Allahabad","Uttar Pradesh"
"Mandaudih","221103","Varanasi","Varanasi","Uttar Pradesh"
"Mandawar","246721","Bijnore","Mandawar","Uttar Pradesh"
"Mandha","233236","Ghazipur","Ghazipur","Uttar Pradesh"
"Mandhata","230402","Pratapgarh","Pratapgarh","Uttar Pradesh"
"Mandi","283101","Agra","Agra","Uttar Pradesh"
"Mandi","204101","Aligarh","Aligarh","Uttar Pradesh"
"Mandi","246761","Bijnore","Bijnore","Uttar Pradesh"
"Mandi","250601","Meerut","Meerut","Uttar Pradesh"
"Mandir","273003","Gorakhpur","Gorakhpur","Uttar Pradesh"
"Mandir","221001","Varanasi","Varanasi","Uttar Pradesh"
"Mandir Mahewa","206128","Etwah","Etwah","Uttar Pradesh"
"Mangalore Town","247656","Saharanpur","Saharanpur","Uttar Pradesh"
"Mangarh","229417","Pratapgarh","Pratapgarh","Uttar Pradesh"
"Mango Road","243001","Bareilly","Bareilly","Uttar Pradesh"
"Mangrahia Bazar","261001","Sitapur","Sitapur","Uttar Pradesh"
"Mani Kalan","222113","Jaunpur","Jaunpur","Uttar Pradesh"
"Manihar","233309","Ghazipur","Ghazipur","Uttar Pradesh"
"Manik Chowk","202001","Aligarh","Aligarh","Uttar Pradesh"
"Manikpur","210208","Banda","Manikpur","Uttar Pradesh"
"Manikpur","229407","Pratapgarh","Manikpur","Uttar Pradesh"
"Manjhama","207504","Farukhabad","Farukhabad","Uttar Pradesh"
"Manjhampur","212207","Kaushambi","Kaushambi","Uttar Pradesh"
"Mankapur Bazar","271302","Gonda","Gonda","Uttar Pradesh"
"Manlar","277207","Ballia","Ballia","Uttar Pradesh"
"Manpur","261145","Sitapur","Sitapur","Uttar Pradesh"
"Mansoornagar","226003","Lucknow","Lucknow","Uttar Pradesh"
"Mansurpur","251203","Muzaffarnagar","Muzaffarnagar","Uttar Pradesh"
"Mant","281202","Mathura","Mathura","Uttar Pradesh"
"Maraura","284404","Lalitpur","Lalitpur","Uttar Pradesh"
"Mardah","233226","Ghazipur","Ghazipur","Uttar Pradesh"
"Marehra","207401","Etwah","Marehra","Uttar Pradesh"
"Margava","285243","Jalaun","Jalaun","Uttar Pradesh"
"Mariahu","222161","Jaunpur","Mariahu","Uttar Pradesh"
"Marihana","231310","Mirzapur","Mirzapur","Uttar Pradesh"
"Markeenganj","233001","Ghazipur","Ghazipur","Uttar Pradesh"
"Markundi","231209","Mirzapur","Mirzapur","Uttar Pradesh"
"Marwariganj","243001","Bareilly","Bareilly","Uttar Pradesh"
"Maryadpur","221602","Chitrakoot","Chitrakoot","Uttar Pradesh"
"Masauli","225204","Barabanki","Barabanki","Uttar Pradesh"
"Masjid Domni","243001","Bareilly","Bareilly","Uttar Pradesh"
"Maskanwa R S","271305","Gonda","Gonda","Uttar Pradesh"
"Mata Kund","221001","Varanasi","Varanasi","Uttar Pradesh"
"Matera","271882","Bahraich","Bahraich","Uttar Pradesh"
"Mathia Devi","209625","Farukhabad","Farukhabad","Uttar Pradesh"
"Mathra Cantt","281002","Mathura","Mathura","Uttar Pradesh"
"Mathura","204101","Aligarh","Mathura","Uttar Pradesh"
"Mathura","261204","Balrampur","Mathura","Uttar Pradesh"
"Mathura","281001","Mathura","Mathura","Uttar Pradesh"
"Mathura","281002","Mathura","Mathura","Uttar Pradesh"
"Mathura","281005","Mathura","Mathura","Uttar Pradesh"
"Mathura","281006","Mathura","Mathura","Uttar Pradesh"
"Mathura Bazar","271861","Gonda","Gonda","Uttar Pradesh"
"Mathura Chowk","281001","Mathura","Mathura","Uttar Pradesh"
"Mathura Jn R S","281002","Mathura","Mathura","Uttar Pradesh"
"Mau Nath","275101","Azamgarh","Azamgarh","Uttar Pradesh"
"Mau R S","275101","Azamgarh","Azamgarh","Uttar Pradesh"
"Mau Town","275101","Azamgarh","Azamgarh","Uttar Pradesh"
"Mau-Aima","212501","Allahabad","Allahabad","Uttar Pradesh"
"Mauchibu","210209","Banda","Banda","Uttar Pradesh"
"Mauhar","212665","Fatehpur","Fatehpur","Uttar Pradesh"
"Maulekhal","244711","Moradabad","Moradabad","Uttar Pradesh"
"Maulviganj","226001","Lucknow","Lucknow","Uttar Pradesh"
"Mauranipur","284204","Jhansi","Mauranipur","Uttar Pradesh"
"Maurawan","209821","Unnao","Maurawan","Uttar Pradesh"
"Mauzam Pur","242314","Shahjahanpur","Shahjahanpur","Uttar Pradesh"
"Mauzampur","242307","Shahjahanpur","Shahjahanpur","Uttar Pradesh"
"Mawal","225406","Barabanki","Barabanki","Uttar Pradesh"
"Mawana","250401","Meerut","Mawana","Uttar Pradesh"
"Mawana Factory","250402","Meerut","Meerut","Uttar Pradesh"
"Mawana Mandi","250401","Meerut","Meerut","Uttar Pradesh"
"Maya","224161","Faizabad","Faizabad","Uttar Pradesh"
"Medical Coll Meerut","250102","Meerut","Meerut","Uttar Pradesh"
"Medical College","282002","Agra","Agra","Uttar Pradesh"
"Medical Coollege","226003","Lucknow","Lucknow","Uttar Pradesh"
"Medrak","202151","Aligarh","Aligarh","Uttar Pradesh"
"Meerut","255006","Meerut","Meerut","Uttar Pradesh"
"Meerut","250001","Meerut","Meerut","Uttar Pradesh"
"Meerut","250001","Meerut","Meerut","Uttar Pradesh"
"Meerut 4","250004","Meerut","Meerut","Uttar Pradesh"
"Meerut City","250002","Meerut","Meerut","Uttar Pradesh"
"Meerut Kty","250001","Meerut","Meerut","Uttar Pradesh"
"Meerut Road","201003","Ghaziabad","Ghaziabad","Uttar Pradesh"
"Meerut Tehsil","250002","Meerut","Meerut","Uttar Pradesh"
"Meerut University","250001","Meerut","Meerut","Uttar Pradesh"
"Meerut University","250005","Meerut","Meerut","Uttar Pradesh"
"Meghchapar","247002","Saharanpur","Saharanpur","Uttar Pradesh"
"Meharuagala","224167","Faizabad","Faizabad","Uttar Pradesh"
"Mehatajpur","276203","Azamgarh","Azamgarh","Uttar Pradesh"
"Mehdawal","272171","Sant Kabir Nagar","Mehdawal","Uttar Pradesh"
"Mehnagar","276204","Azamgarh","Mehnagar","Uttar Pradesh"
"Meja","212302","Allahabad","Allahabad","Uttar Pradesh"
"Meja Road","212303","Allahabad","Allahabad","Uttar Pradesh"
"Mejar Ganj","229128","Raibareilly","Raibareilly","Uttar Pradesh"
"Melainagar","247673","Saharanpur","Saharanpur","Uttar Pradesh"
"Meru","204105","Aligarh","Aligarh","Uttar Pradesh"
"Mestonganj","244901","Rampur","Rampur","Uttar Pradesh"
"Mihinpurwa","271855","Bahraich","Bahraich","Uttar Pradesh"
"Mijhaura","224152","Faizabad","Faizabad","Uttar Pradesh"
"Milak","243701","Rampur","Milak","Uttar Pradesh"
"Military Hospital","226002","Lucknow","Lucknow","Uttar Pradesh"
"Milkipur","224164","Chandauli","Chandauli","Uttar Pradesh"
"Milkipur","242308","Chandauli","Chandauli","Uttar Pradesh"
"Mirad Pur","242415","Shahjahanpur","Shahjahanpur","Uttar Pradesh"
"Miranpur Katra","242301","Shahjahanpur","Shahjahanpur","Uttar Pradesh"
"Mirechi","207125","Etwah","Etwah","Uttar Pradesh"
"Mirganj","243504","Bareilly","Mirganj","Uttar Pradesh"
"Mirganj","222165","Jaunpur","Mirganj","Uttar Pradesh"
"Mirmau","225407","Barabanki","Barabanki","Uttar Pradesh"
"Mirnapur","251315","Muzaffarnagar","Muzaffarnagar","Uttar Pradesh"
"Mirpur Cantt","208004","Kanpur","Kanpur","Uttar Pradesh"
"Mirza Murad","221307","Varanasi","Varanasi","Uttar Pradesh"
"Mirzapur","231001","Mirzapur","Mirzapur","Uttar Pradesh"
"Mirzapur","242223","Shahjahanpur","Shahjahanpur","Uttar Pradesh"
"Mirzapur Chowk","231002","Mirzapur","Mirzapur","Uttar Pradesh"
"Mirzapur City","231002","Mirzapur","Mirzapur","Uttar Pradesh"
"Misra","284001","Jhansi","Jhansi","Uttar Pradesh"
"Misra","226016","Lucknow","Lucknow","Uttar Pradesh"
"Misrikh","261401","Sitapur","Sitapur","Uttar Pradesh"
"Mission Hospital","243001","Bareilly","Bareilly","Uttar Pradesh"
"Mitauli","262727","Kheri","Kheri","Uttar Pradesh"
"Mittoopur","224166","Faizabad","Faizabad","Uttar Pradesh"
"Model Town","201009","Ghaziabad","Ghaziabad","Uttar Pradesh"
"Modi Gram","229215","Raibareilly","Raibareilly","Uttar Pradesh"
"Modinagar","201204","Ghaziabad","Modinagar","Uttar Pradesh"
"Modipuram","250110","Meerut","Meerut","Uttar Pradesh"
"Moghalsarai","232101","Varanasi","Varanasi","Uttar Pradesh"
"Mohaddipur","273001","Gorakhpur","Gorakhpur","Uttar Pradesh"
"Mohammadabad","276403","Chandauli","Mohammadabad","Uttar Pradesh"
"Mohammadabad","206451","Etwah","Mohammadabad","Uttar Pradesh"
"Mohammadabad","233227","Ghazipur","Mohammadabad","Uttar Pradesh"
"Mohammadi","262804","Kheri","Mohammadi","Uttar Pradesh"
"Mohammadpur","276205","Azamgarh","Azamgarh","Uttar Pradesh"
"Mohammadpur","271407","Gonda","Gonda","Uttar Pradesh"
"Mohan","209851","Unnao","Mohan","Uttar Pradesh"
"Mohan Lalganj","227305","Lucknow","Lucknow","Uttar Pradesh"
"Mohan Nagar","201007","Ghaziabad","Ghaziabad","Uttar Pradesh"
"Mohiuddin","223103","Jaunpur","Jaunpur","Uttar Pradesh"
"Mohiuddinpur","201205","Ghaziabad","Mohiuddinpur","Uttar Pradesh"
"Mondh","221406","Varanasi","Varanasi","Uttar Pradesh"
"Moradabad","244001","Moradabad","Moradabad","Uttar Pradesh"
"Moradabad","244001","Moradabad","Moradabad","Uttar Pradesh"
"Moradabad","241502","Unnao","Moradabad","Uttar Pradesh"
"Moradabad City","244001","Moradabad","Moradabad","Uttar Pradesh"
"Moradabad R S","244001","Moradabad","Moradabad","Uttar Pradesh"
"Morna","251316","Muzaffarnagar","Muzaffarnagar","Uttar Pradesh"
"Moth","284303","Jhansi","Moth","Uttar Pradesh"
"Moti Katra","282003","Agra","Agra","Uttar Pradesh"
"Motiganj","271301","Gonda","Gonda","Uttar Pradesh"
"Motijheel","208002","Kanpur","Kanpur","Uttar Pradesh"
"Motinagar","224201","Faizabad","Faizabad","Uttar Pradesh"
"Mubarakh Pur","233301","Ghazipur","Ghazipur","Uttar Pradesh"
"Mubarakpur","276404","Azamgarh","Mubarakpur","Uttar Pradesh"
"Muftiganj","222170","Jaunpur","Jaunpur","Uttar Pradesh"
"Muir Mills","208001","Kanpur","Kanpur","Uttar Pradesh"
"Mukhdoom Nagar","224221","Faizabad","Faizabad","Uttar Pradesh"
"Mukundnagar","201009","Ghaziabad","Ghaziabad","Uttar Pradesh"
"Mumukhashram","242226","Shahjahanpur","Shahjahanpur","Uttar Pradesh"
"Muncipal Board","244901","Rampur","Rampur","Uttar Pradesh"
"Munderwa","272178","Basti","Basti","Uttar Pradesh"
"Mundha","244926","Moradabad","Moradabad","Uttar Pradesh"
"Mungrabadshahpur","222202","Jaunpur","Jaunpur","Uttar Pradesh"
"Municipal Board","243001","Bareilly","Bareilly","Uttar Pradesh"
"Municipal Board","284001","Jhansi","Jhansi","Uttar Pradesh"
"Munshipurwa","208011","Kanpur","Kanpur","Uttar Pradesh"
"Munsiganj","229128","Raibareilly","Raibareilly","Uttar Pradesh"
"Muradganj","206129","Etwah","Etwah","Uttar Pradesh"
"Muradnagar","201206","Ghaziabad","Muradnagar","Uttar Pradesh"
"Muradnagar Town","201206","Ghaziabad","Ghaziabad","Uttar Pradesh"
"Murai-Ka-Bagh","229207","Raibareilly","Raibareilly","Uttar Pradesh"
"Mursan","204213","Aligarh","Mursan","Uttar Pradesh"
"Musafirkhana","227813","Sultanpur","Musafirkhana","Uttar Pradesh"
"Musanagar","209208","Kanpur","Kanpur","Uttar Pradesh"
"Muskira","210506","Hamirpur","Hamirpur","Uttar Pradesh"
"Muslim University","202001","Aligarh","Aligarh","Uttar Pradesh"
"Mustafabad","229404","Raibareilly","Raibareilly","Uttar Pradesh"
"Mustafabad","221115","Varanasi","Varanasi","Uttar Pradesh"
"Muthiganj","211003","Allahabad","Allahabad","Uttar Pradesh"
"Muwsi Ganj","229405","Raibareilly","Raibareilly","Uttar Pradesh"
"Muzafarabad","247129","Saharanpur","Saharanpur","Uttar Pradesh"
"Muzaffar","282002","Agra","Agra","Uttar Pradesh"
"Muzaffarganj","231002","Mirzapur","Mirzapur","Uttar Pradesh"
"Muzaffarnagar","251001","Muzaffarnagar","Muzaffarnagar","Uttar Pradesh"
"Muzaffarnagar","251001","Muzaffarnagar","Muzaffarnagar","Uttar Pradesh"
"Muzaffarnagar City","251002","Muzaffarnagar","Muzaffarnagar","Uttar Pradesh"
"N S I Kanpur","208017","Kanpur","Kanpur","Uttar Pradesh"
"N S Sugar Mills","233311","Ghazipur","Ghazipur","Uttar Pradesh"
"N V Colony","282005","Agra","Agra","Uttar Pradesh"
"Na P P","202389","Bulandshahr","Bulandshahr","Uttar Pradesh"
"Nabiganj","205266","Mainpuri","Mainpuri","Uttar Pradesh"
"Nadan Mahal Road","226004","Lucknow","Lucknow","Uttar Pradesh"
"Nadeli","243201","Bareilly","Bareilly","Uttar Pradesh"
"Nadesar","221002","Varanasi","Varanasi","Uttar Pradesh"
"Nadigaon","285206","Jalaun","Nadigaon","Uttar Pradesh"
"Nadirli Co","250002","Meerut","Meerut","Uttar Pradesh"
"Nadwa","226007","Lucknow","Lucknow","Uttar Pradesh"
"Nagal","246732","Bijnore","Bijnore","Uttar Pradesh"
"Nagal","247551","Saharanpur","Saharanpur","Uttar Pradesh"
"Nagar","277127","Ballia","Ballia","Uttar Pradesh"
"Nagar Bazar","272302","Basti","Basti","Uttar Pradesh"
"Nagar Lucknow","226016","Lucknow","Lucknow","Uttar Pradesh"
"Nagina","246762","Bijnore","Nagina","Uttar Pradesh"
"Nagina Bazar","246762","Bijnore","Bijnore","Uttar Pradesh"
"Nagra","221711","Ballia","Ballia","Uttar Pradesh"
"Nagram","227308","Lucknow","Nagram","Uttar Pradesh"
"Nahil","242409","Shahjahanpur","Shahjahanpur","Uttar Pradesh"
"Nahwal","212304","Allahabad","Allahabad","Uttar Pradesh"
"Nai Basti","284001","Jhansi","Jhansi","Uttar Pradesh"
"Nai Basti","262701","Kheri","Kheri","Uttar Pradesh"
"Nai Basti","244001","Moradabad","Moradabad","Uttar Pradesh"
"Nai Basti","261001","Sitapur","Sitapur","Uttar Pradesh"
"Nai Bazar","274001","Deoria","Nai Bazar","Uttar Pradesh"
"Nai Bazar","221409","Varanasi","Nai Bazar","Uttar Pradesh"
"Nai Mandi","250611","Meerut","Meerut","Uttar Pradesh"
"Nai-Ki-Nandi","282002","Agra","Agra","Uttar Pradesh"
"Naini Industrial","211008","Allahabad","Allahabad","Uttar Pradesh"
"Najibabad","246763","Bijnore","Najibabad","Uttar Pradesh"
"Najibabad R S","246763","Bijnore","Bijnore","Uttar Pradesh"
"Najmandi","204215","Aligarh","Aligarh","Uttar Pradesh"
"Nakatia Nala","243123","Bareilly","Bareilly","Uttar Pradesh"
"Nakur","247342","Saharanpur","Nakur","Uttar Pradesh"
"Nalvia Kunj","282002","Agra","Agra","Uttar Pradesh"
"Namner","282001","Agra","Agra","Uttar Pradesh"
"Nanauta","247452","Saharanpur","Nanauta","Uttar Pradesh"
"Nandganj","233302","Ghazipur","Ghazipur","Uttar Pradesh"
"Nanpara","271865","Bahraich","Nanpara","Uttar Pradesh"
"Nanpara Bazar","271801","Bahraich","Bahraich","Uttar Pradesh"
"Napler Road","208004","Kanpur","Kanpur","Uttar Pradesh"
"Naraini","210129","Banda","Naraini","Uttar Pradesh"
"Narainpur","231305","Mirzapur","Mirzapur","Uttar Pradesh"
"Narauli","202414","Moradabad","Narauli","Uttar Pradesh"
"Narayanpur","277213","Ballia","Ballia","Uttar Pradesh"
"Narhat","284406","Lalitpur","Lalitpur","Uttar Pradesh"
"Narhi","277502","Ballia","Ballia","Uttar Pradesh"
"Narora","202389","Bulandshahr","Bulandshahr","Uttar Pradesh"
"Narora","202397","Bulandshahr","Bulandshahr","Uttar Pradesh"
"Narwal","209401","Kanpur","Kanpur","Uttar Pradesh"
"Nasirabad","229307","Raibareilly","Raibareilly","Uttar Pradesh"
"National Herald","226001","Lucknow","Lucknow","Uttar Pradesh"
"Nau Pawa","222109","Jaunpur","Jaunpur","Uttar Pradesh"
"Naubasta","208021","Kanpur","Kanpur","Uttar Pradesh"
"Naubasta","226003","Lucknow","Lucknow","Uttar Pradesh"
"Naugarh","272203","Siddharthnagar","Siddharthnagar","Uttar Pradesh"
"Naujhil","281203","Mathura","Mathura","Uttar Pradesh"
"Nauli","232338","Ghazipur","Ghazipur","Uttar Pradesh"
"Naurahya","222128","Jaunpur","Jaunpur","Uttar Pradesh"
"Naurangabad","202001","Aligarh","Aligarh","Uttar Pradesh"
"Nautanwa Bazar","273164","Gorakhpur","Gorakhpur","Uttar Pradesh"
"Navanagar","221717","Ballia","Ballia","Uttar Pradesh"
"Navin Market","208001","Kanpur","Kanpur","Uttar Pradesh"
"Navin Nagar","208025","Kanpur","Kanpur","Uttar Pradesh"
"Nawabganj","262406","Bareilly","Nawabganj","Uttar Pradesh"
"Nawabganj","207501","Farukhabad","Nawabganj","Uttar Pradesh"
"Nawabganj","271303","Gonda","Nawabganj","Uttar Pradesh"
"Nawabganj","208002","Kanpur","Nawabganj","Uttar Pradesh"
"Nawabganj","209859","Unnao","Nawabganj","Uttar Pradesh"
"Nawabganj Sugar Factory","271304","Gonda","Gonda","Uttar Pradesh"
"Nawabpura","244001","Moradabad","Moradabad","Uttar Pradesh"
"Nawtha Hans","242416","Shahjahanpur","Shahjahanpur","Uttar Pradesh"
"Naya Chowk","221001","Varanasi","Varanasi","Uttar Pradesh"
"Naya Gaon","226001","Lucknow","Lucknow","Uttar Pradesh"
"Nayaganj","204101","Aligarh","Aligarh","Uttar Pradesh"
"Nayaganj","208001","Kanpur","Kanpur","Uttar Pradesh"
"Nd Bn","226014","Lucknow","Lucknow","Uttar Pradesh"
"Nehru Road","209625","Farukhabad","Farukhabad","Uttar Pradesh"
"Nehru Road","250611","Meerut","Meerut","Uttar Pradesh"
"Nehrunagar","211003","Allahabad","Allahabad","Uttar Pradesh"
"Nehur Market","247001","Saharanpur","Saharanpur","Uttar Pradesh"
"Neil Lines","226002","Lucknow","Lucknow","Uttar Pradesh"
"Nekpur","243001","Bareilly","Bareilly","Uttar Pradesh"
"Nelsar","271401","Gonda","Gonda","Uttar Pradesh"
"Neoli","207402","Etwah","Etwah","Uttar Pradesh"
"Neorila","262305","Pilibhit","Pilibhit","Uttar Pradesh"
"New Bairhana","211003","Allahabad","Allahabad","Uttar Pradesh"
"New Civil Lines","243001","Bareilly","Bareilly","Uttar Pradesh"
"New Civil Lines","208002","Kanpur","Kanpur","Uttar Pradesh"
"New Colony","202144","Aligarh","Aligarh","Uttar Pradesh"
"New Colony","226006","Lucknow","Lucknow","Uttar Pradesh"
"New Ganeshganj","226001","Lucknow","Lucknow","Uttar Pradesh"
"New Hyderabad","226007","Lucknow","Lucknow","Uttar Pradesh"
"New Labour Colony","226004","Lucknow","Lucknow","Uttar Pradesh"
"New Mandi","251001","Muzaffarnagar","Muzaffarnagar","Uttar Pradesh"
"New P A C Lines","208015","Kanpur","Kanpur","Uttar Pradesh"
"New Railway Model Colony","243124","Bareilly","Bareilly","Uttar Pradesh"
"Nhagwatiganj","271201","Gonda","Gonda","Uttar Pradesh"
"Niazia","243001","Bareilly","Bareilly","Uttar Pradesh"
"Nichlaul","273304","Mahrajganj","Nichlaul","Uttar Pradesh"
"Nidhauli","207122","Etwah","Etwah","Uttar Pradesh"
"Nighasin","262903","Kheri","Kheri","Uttar Pradesh"
"Nigohan","227309","Lucknow","Lucknow","Uttar Pradesh"
"Nigohi","242407","Shahjahanpur","Shahjahanpur","Uttar Pradesh"
"Nigohi","242407","Shahjahanpur","Shahjahanpur","Uttar Pradesh"
"Nihasta","229208","Raibareilly","Raibareilly","Uttar Pradesh"
"Nihtaur","246733","Bijnore","Bijnore","Uttar Pradesh"
"Nimkarori","205302","Mainpuri","Mainpuri","Uttar Pradesh"
"Nimsar","261402","Sitapur","Sitapur","Uttar Pradesh"
"Niralanagar","226007","Lucknow","Lucknow","Uttar Pradesh"
"Nishatganj","226007","Lucknow","Lucknow","Uttar Pradesh"
"Niyamatabad","232117","Chandauli","Chandauli","Uttar Pradesh"
"Nizamabad","276206","Azamgarh","Nizamabad","Uttar Pradesh"
"Noida Complex","201301","Gautam Buddha Nagar","Gautam Buddha Nagar","Uttar Pradesh"
"Nonahara","233303","Ghazipur","Ghazipur","Uttar Pradesh"
"Nornhas Exchange","208004","Kanpur","Kanpur","Uttar Pradesh"
"Nowgaon","244251","Moradabad","Moradabad","Uttar Pradesh"
"Nowgarh","232111","Varanasi","Varanasi","Uttar Pradesh"
"Nurpur","246734","Bijnore","Bijnore","Uttar Pradesh"
"Obra","231219","Mirzapur","Obra","Uttar Pradesh"
"Obra Thermal","231219","Mirzapur","Mirzapur","Uttar Pradesh"
"Oel","262725","Kheri","Kheri","Uttar Pradesh"
"Oil Mills Industrial Esta","208012","Kanpur","Kanpur","Uttar Pradesh"
"Old City","243001","Bareilly","Bareilly","Uttar Pradesh"
"Orai","285001","Jalaun","Orai","Uttar Pradesh"
"Orai Kutcher","285001","Jalaun","Jalaun","Uttar Pradesh"
"Orai R S","285001","Jalaun","Jalaun","Uttar Pradesh"
"Orai Town","285001","Jalaun","Jalaun","Uttar Pradesh"
"Orchha Gate","284001","Jhansi","Jhansi","Uttar Pradesh"
"Oriyadeeh","230134","Pratapgarh","Pratapgarh","Uttar Pradesh"
"Ozh","221308","Varanasi","Varanasi","Uttar Pradesh"
"P A C","244001","Moradabad","Moradabad","Uttar Pradesh"
"P A C","221108","Varanasi","Varanasi","Uttar Pradesh"
"P A C Ramnagar","221008","Varanasi","Varanasi","Uttar Pradesh"
"Pac","261001","Sitapur","Sitapur","Uttar Pradesh"
"Pac Lucknow","226014","Lucknow","Lucknow","Uttar Pradesh"
"Pacchim","222303","Sultanpur","Sultanpur","Uttar Pradesh"
"Pachhim","212214","Allahabad","Allahabad","Uttar Pradesh"
"Pachpera","244001","Moradabad","Moradabad","Uttar Pradesh"
"Pachperwa","271206","Gonda","Pachperwa","Uttar Pradesh"
"Padrauna","274304","Balrampur","Padrauna","Uttar Pradesh"
"Pahari","210206","Banda","Banda","Uttar Pradesh"
"Paharpur","230140","Pratapgarh","Pratapgarh","Uttar Pradesh"
"Pahasu","202396","Bulandshahr","Pahasu","Uttar Pradesh"
"Pahewa","233312","Ghazipur","Ghazipur","Uttar Pradesh"
"Pahitipur","224168","Faizabad","Faizabad","Uttar Pradesh"
"Pahu","229209","Raibareilly","Raibareilly","Uttar Pradesh"
"Paikauli Bazar","224216","Faizabad","Faizabad","Uttar Pradesh"
"Paikulia","272181","Basti","Basti","Uttar Pradesh"
"Pailani","210126","Banda","Banda","Uttar Pradesh"
"Paina","274604","Deoria","Deoria","Uttar Pradesh"
"Paina Bujrag","242101","Shahjahanpur","Shahjahanpur","Uttar Pradesh"
"Pakbara","244102","Moradabad","Moradabad","Uttar Pradesh"
"Pali","241123","Hardoi","Pali","Uttar Pradesh"
"Pali Razapur","202150","Aligarh","Aligarh","Uttar Pradesh"
"Pallia","262902","Kheri","Kheri","Uttar Pradesh"
"Paltan Bazar","230001","Pratapgarh","Pratapgarh","Uttar Pradesh"
"Pandan","277307","Ballia","Ballia","Uttar Pradesh"
"Pandaribad","226001","Lucknow","Lucknow","Uttar Pradesh"
"Pande Bazar","272002","Basti","Basti","Uttar Pradesh"
"Panki Power House","208020","Kanpur","Kanpur","Uttar Pradesh"
"Panninagar","203145","Bulandshahr","Bulandshahr","Uttar Pradesh"
"Panwari","210429","Hamirpur","Hamirpur","Uttar Pradesh"
"Paper Mill","247001","Saharanpur","Saharanpur","Uttar Pradesh"
"Parachute","282001","Agra","Agra","Uttar Pradesh"
"Parasadipur","229129","Raibareilly","Raibareilly","Uttar Pradesh"
"Paraspur","271310","Gonda","Gonda","Uttar Pradesh"
"Parasrampur","272120","Basti","Basti","Uttar Pradesh"
"Parham","205130","Aligarh","Aligarh","Uttar Pradesh"
"Pariar","205142","Mainpuri","Mainpuri","Uttar Pradesh"
"Parikshitigarh","250406","Meerut","Meerut","Uttar Pradesh"
"Pariyawan","229419","Pratapgarh","Pratapgarh","Uttar Pradesh"
"Parsipur","221402","Varanasi","Varanasi","Uttar Pradesh"
"Partappur","274703","Deoria","Deoria","Uttar Pradesh"
"Partawal Bazar","273301","Gorakhpur","Gorakhpur","Uttar Pradesh"
"Pasara","222172","Jaunpur","Jaunpur","Uttar Pradesh"
"Paska","271318","Gonda","Gonda","Uttar Pradesh"
"Patelpuri","250001","Meerut","Meerut","Uttar Pradesh"
"Pathak","221001","Varanasi","Varanasi","Uttar Pradesh"
"Patherdewa","274404","Deoria","Deoria","Uttar Pradesh"
"Pathshala","211001","Allahabad","Allahabad","Uttar Pradesh"
"Patiali","207243","Etwah","Etwah","Uttar Pradesh"
"Patiali Saraj","243601","Badaun","Badaun","Uttar Pradesh"
"Patna","271834","Bahraich","Bahraich","Uttar Pradesh"
"Patranga R S","225401","Barabanki","Barabanki","Uttar Pradesh"
"Patti","230135","Pratapgarh","Patti","Uttar Pradesh"
"Patti Narendra","223102","Jaunpur","Jaunpur","Uttar Pradesh"
"Pawayan","242401","Shahjahanpur","Shahjahanpur","Uttar Pradesh"
"Payagpur","271871","Shrawasti","Shrawasti","Uttar Pradesh"
"Peernagar","233001","Ghazipur","Ghazipur","Uttar Pradesh"
"Peppeganj","273165","Gorakhpur","Gorakhpur","Uttar Pradesh"
"Phaphamau","211013","Allahabad","Allahabad","Uttar Pradesh"
"Phaphaund","206247","Etwah","Etwah","Uttar Pradesh"
"Phariha","205147","Mainpuri","Mainpuri","Uttar Pradesh"
"Pharmacy","284001","Jhansi","Jhansi","Uttar Pradesh"
"Phephna","277503","Ballia","Ballia","Uttar Pradesh"
"Phuli","232340","Ghazipur","Ghazipur","Uttar Pradesh"
"Phullati Bazar","282002","Agra","Agra","Uttar Pradesh"
"Phulpur","212402","Allahabad","Phulpur","Uttar Pradesh"
"Phulpur","276304","Azamgarh","Phulpur","Uttar Pradesh"
"Phulpur","221205","Varanasi","Phulpur","Uttar Pradesh"
"Phulpur Town","276304","Azamgarh","Azamgarh","Uttar Pradesh"
"Piariya","285232","Jalaun","Jalaun","Uttar Pradesh"
"Pihani","241406","Hardoi","Pihani","Uttar Pradesh"
"Pilibhit","262001","Pilibhit","Pilibhit","Uttar Pradesh"
"Pilibhit","262001","Pilibhit","Pilibhit","Uttar Pradesh"
"Pilibhit Chowk","262001","Pilibhit","Pilibhit","Uttar Pradesh"
"Pilibhit City","262001","Pilibhit","Pilibhit","Uttar Pradesh"
"Pilkhana","202120","Aligarh","Pilkhana","Uttar Pradesh"
"Pilkhuwa","245304","Ghaziabad","Pilkhuwa","Uttar Pradesh"
"Pilkhuwa New Market","245304","Ghaziabad","Ghaziabad","Uttar Pradesh"
"Pilkichha","223107","Jaunpur","Jaunpur","Uttar Pradesh"
"Pinahat","283123","Agra","Pinahat","Uttar Pradesh"
"Pindara","227815","Sultanpur","Sultanpur","Uttar Pradesh"
"Pindari","285222","Jalaun","Jalaun","Uttar Pradesh"
"Pindi","274508","Deoria","Deoria","Uttar Pradesh"
"Pindra","221206","Varanasi","Varanasi","Uttar Pradesh"
"Pipalsana R S","244402","Moradabad","Moradabad","Uttar Pradesh"
"Pipraula","242230","Shahjahanpur","Shahjahanpur","Uttar Pradesh"
"Pisawah","202155","Aligarh","Aligarh","Uttar Pradesh"
"Pisawan","261151","Sitapur","Sitapur","Uttar Pradesh"
"Pisnaharia","221002","Varanasi","Varanasi","Uttar Pradesh"
"Piuraich","273152","Gorakhpur","Gorakhpur","Uttar Pradesh"
"Police Training Centre","244001","Moradabad","Moradabad","Uttar Pradesh"
"Polytechnic","202001","Aligarh","Aligarh","Uttar Pradesh"
"Pora","204205","Aligarh","Aligarh","Uttar Pradesh"
"Prasadpur","242417","Shahjahanpur","Shahjahanpur","Uttar Pradesh"
"Pratap Press","208001","Kanpur","Kanpur","Uttar Pradesh"
"Pratapgarh","230001","Pratapgarh","Pratapgarh","Uttar Pradesh"
"Pratapgarh City","230002","Pratapgarh","Pratapgarh City","Uttar Pradesh"
"Prayag","211001","Allahabad","Allahabad","Uttar Pradesh"
"Prayag","211002","Allahabad","Allahabad","Uttar Pradesh"
"Prayag Street","211002","Allahabad","Allahabad","Uttar Pradesh"
"Premnagar","243001","Bareilly","Bareilly","Uttar Pradesh"
"Prempuri","250002","Meerut","Meerut","Uttar Pradesh"
"Prempuri","251001","Muzaffarnagar","Muzaffarnagar","Uttar Pradesh"
"Printhiganj","230303","Pratapgarh","Pratapgarh","Uttar Pradesh"
"Public Service Commission","211001","Allahabad","Allahabad","Uttar Pradesh"
"Pukhrayan","209111","Kanpur","Pukhrayan","Uttar Pradesh"
"Pukhta Sarai","222001","Jaunpur","Jaunpur","Uttar Pradesh"
"Punjab","250001","Meerut","Meerut","Uttar Pradesh"
"Pura","224171","Faizabad","Faizabad","Uttar Pradesh"
"Puranganj","244901","Rampur","Rampur","Uttar Pradesh"
"Purani Basti","272002","Basti","Basti","Uttar Pradesh"
"Puranpur","262122","Pilibhit","Puranpur","Uttar Pradesh"
"Purdilpur","204214","Aligarh","Aligarh","Uttar Pradesh"
"Pure Shiv Dayal","271319","Gonda","Gonda","Uttar Pradesh"
"Purkazi","251317","Muzaffarnagar","Muzaffarnagar","Uttar Pradesh"
"Purpandey","229215","Raibareilly","Raibareilly","Uttar Pradesh"
"Purshotamnagar","211001","Allahabad","Allahabad","Uttar Pradesh"
"Purwa","209825","Unnao","Purwa","Uttar Pradesh"
"Pushpnagar","222226","Jaunpur","Jaunpur","Uttar Pradesh"
"Putlighar","231002","Mirzapur","Mirzapur","Uttar Pradesh"
"Qadrabad","246751","Bijnore","Bijnore","Uttar Pradesh"
"Qandhari Bazar","224001","Faizabad","Faizabad","Uttar Pradesh"
"Qanoongopura Station Rd","271801","Bahraich","Bahraich","Uttar Pradesh"
"Qutub Sher","247001","Saharanpur","Saharanpur","Uttar Pradesh"
"R A Bazar","250001","Meerut","Meerut","Uttar Pradesh"
"R B Katra","221001","Varanasi","Varanasi","Uttar Pradesh"
"R G Cotton Mills","226005","Lucknow","Lucknow","Uttar Pradesh"
"R N Area","244001","Moradabad","Moradabad","Uttar Pradesh"
"R P Lines","226007","Lucknow","Lucknow","Uttar Pradesh"
"R R Firozabad","283203","Firozabad","Firozabad","Uttar Pradesh"
"R S","250001","Meerut","Meerut","Uttar Pradesh"
"R S Press","243001","Bareilly","Bareilly","Uttar Pradesh"
"R T S Sitapur","261001","Sitapur","Sitapur","Uttar Pradesh"
"Radauh Station Road","225411","Barabanki","Barabanki","Uttar Pradesh"
"Radhakund","281504","Mathura","Radhakund","Uttar Pradesh"
"Rae Bareli","229001","Raibareilly","Rae Bareli","Uttar Pradesh"
"Rae Bareli","229001","Raibareilly","Rae Bareli","Uttar Pradesh"
"Rae Bareli Bus Stand","229001","Raibareilly","Raibareilly","Uttar Pradesh"
"Rafiabad Kalan","242227","Shahjahanpur","Shahjahanpur","Uttar Pradesh"
"Ragaul","210507","Hamirpur","Hamirpur","Uttar Pradesh"
"Rahimbad","227116","Lucknow","Lucknow","Uttar Pradesh"
"Rahta","244255","Moradabad","Moradabad","Uttar Pradesh"
"Rai","227806","Sultanpur","Sultanpur","Uttar Pradesh"
"Railganj","208024","Kanpur","Kanpur","Uttar Pradesh"
"Railway Colony","273012","Gorakhpur","Gorakhpur","Uttar Pradesh"
"Railway Colony","232101","Varanasi","Varanasi","Uttar Pradesh"
"Railway Road","207502","Farukhabad","Farukhabad","Uttar Pradesh"
"Railway Road","250002","Meerut","Meerut","Uttar Pradesh"
"Raise","247671","Saharanpur","Saharanpur","Uttar Pradesh"
"Raitapur","242418","Shahjahanpur","Shahjahanpur","Uttar Pradesh"
"Raithur","285133","Jalaun","Jalaun","Uttar Pradesh"
"Raja Bazar","226003","Lucknow","Lucknow","Uttar Pradesh"
"Raja Dheraj Bazar","281001","Mathura","Mathura","Uttar Pradesh"
"Raja Mandi","282002","Agra","Agra","Uttar Pradesh"
"Raja Saheb","261205","Sitapur","Sitapur","Uttar Pradesh"
"Raja Talab","221311","Varanasi","Varanasi","Uttar Pradesh"
"Rajabazar","273415","Gorakhpur","Gorakhpur","Uttar Pradesh"
"Rajahi Camp","273011","Gorakhpur","Gorakhpur","Uttar Pradesh"
"Raja-Ka-Rampur","207244","Etwah","Etwah","Uttar Pradesh"
"Raja-Ka-Sahaspur","202415","Moradabad","Moradabad","Uttar Pradesh"
"Raja-Ka-Tejpur","246735","Bijnore","Bijnore","Uttar Pradesh"
"Rajaki Bazaria","205001","Mainpuri","Mainpuri","Uttar Pradesh"
"Rajapur","282002","Agra","Rajapur","Uttar Pradesh"
"Rajapur","211002","Allahabad","Rajapur","Uttar Pradesh"
"Rajapur","210205","Banda","Rajapur","Uttar Pradesh"
"Rajeshultanpur","224175","Faizabad","Faizabad","Uttar Pradesh"
"Rajgarh","262701","Kheri","Kheri","Uttar Pradesh"
"Rajghat","273001","Gorakhpur","Gorakhpur","Uttar Pradesh"
"Rajjabpur","244236","Moradabad","Moradabad","Uttar Pradesh"
"Rajpur","277218","Ballia","Ballia","Uttar Pradesh"
"Rajpur","209115","Kanpur","Kanpur","Uttar Pradesh"
"Rajpur","231215","Mirzapur","Mirzapur","Uttar Pradesh"
"Rajpura","202527","Badaun","Badaun","Uttar Pradesh"
"Rakabaganj","282001","Agra","Agra","Uttar Pradesh"
"Ram Dayalganj","222105","Jaunpur","Jaunpur","Uttar Pradesh"
"Ram Krishna Nagar","208012","Kanpur","Kanpur","Uttar Pradesh"
"Ram Lila Ground","250002","Meerut","Meerut","Uttar Pradesh"
"Ram Sagar","226016","Lucknow","Lucknow","Uttar Pradesh"
"Ramapura","221001","Varanasi","Varanasi","Uttar Pradesh"
"Ramatpur","242231","Shahjahanpur","Shahjahanpur","Uttar Pradesh"
"Rambagar","225205","Barabanki","Barabanki","Uttar Pradesh"
"Rambagar","244715","Moradabad","Moradabad","Uttar Pradesh"
"Rambagh","208012","Kanpur","Kanpur","Uttar Pradesh"
"Ramganj","228159","Sultanpur","Sultanpur","Uttar Pradesh"
"Ramgarh","231213","Mirzapur","Mirzapur","Uttar Pradesh"
"Ramgarh","232107","Varanasi","Varanasi","Uttar Pradesh"
"Ramghat Road","202001","Aligarh","Aligarh","Uttar Pradesh"
"Ramkola","274305","Deoria","Ramkola","Uttar Pradesh"
"Ramkot","224123","Faizabad","Faizabad","Uttar Pradesh"
"Ramlila Ground","250004","Meerut","Meerut","Uttar Pradesh"
"Ramlila Road","206003","Etwah","Etwah","Uttar Pradesh"
"Ramnagar","243303","Bareilly","Ramnagar","Uttar Pradesh"
"Ramnagar","224181","Faizabad","Ramnagar","Uttar Pradesh"
"Ramnagar","201009","Ghaziabad","Ramnagar","Uttar Pradesh"
"Ramnagar","250002","Meerut","Ramnagar","Uttar Pradesh"
"Ramnagar","247667","Saharanpur","Ramnagar","Uttar Pradesh"
"Ramnagar","221008","Varanasi","Ramnagar","Uttar Pradesh"
"Ramnagar With Marwa","222103","Jaunpur","Jaunpur","Uttar Pradesh"
"Rampu","247451","Saharanpur","Saharanpur","Uttar Pradesh"
"Rampur","274405","Deoria","Rampur","Uttar Pradesh"
"Rampur","233223","Ghazipur","Rampur","Uttar Pradesh"
"Rampur","222203","Jaunpur","Rampur","Uttar Pradesh"
"Rampur","244901","Rampur","Rampur","Uttar Pradesh"
"Rampur","244901","Rampur","Rampur","Uttar Pradesh"
"Rampur","261204","Sitapur","Rampur","Uttar Pradesh"
"Rampur Bhagan","224203","Faizabad","Faizabad","Uttar Pradesh"
"Rampur Chowk","244901","Rampur","Rampur","Uttar Pradesh"
"Rampur City","244901","Rampur","Rampur","Uttar Pradesh"
"Rampur Sectt","244901","Rampur","Rampur","Uttar Pradesh"
"Rampura","285127","Jalaun","Rampura","Uttar Pradesh"
"Rampurwa","271826","Bahraich","Bahraich","Uttar Pradesh"
"Ramsanehi Ghat","225409","Barabanki","Barabanki","Uttar Pradesh"
"Rani Bazar","247001","Saharanpur","Saharanpur","Uttar Pradesh"
"Raniganj","230304","Pratapgarh","Pratapgarh","Uttar Pradesh"
"Raniganj","227816","Sultanpur","Sultanpur","Uttar Pradesh"
"Raniganj Bazar","277208","Ballia","Ballia","Uttar Pradesh"
"Raniki Sarai","276207","Azamgarh","Azamgarh","Uttar Pradesh"
"Ranipur","211002","Allahabad","Ranipur","Uttar Pradesh"
"Ranipur","284205","Jhansi","Ranipur","Uttar Pradesh"
"Rasalganj","202001","Aligarh","Aligarh","Uttar Pradesh"
"Rasmandal","222001","Jaunpur","Jaunpur","Uttar Pradesh"
"Rasoolabad","241503","Unnao","Unnao","Uttar Pradesh"
"Rasra","221712","Ballia","Rasra","Uttar Pradesh"
"Rasta Town","221712","Ballia","Ballia","Uttar Pradesh"
"Rasulabad","224172","Faizabad","Rasulabad","Uttar Pradesh"
"Rasulabad","209306","Kanpur","Rasulabad","Uttar Pradesh"
"Rasulpur","250502","Meerut","Meerut","Uttar Pradesh"
"Ratanpura","221706","Ballia","Ballia","Uttar Pradesh"
"Ratapur Chauraha","229216","Raibareilly","Raibareilly","Uttar Pradesh"
"Rath Kot Bazar","210431","Hamirpur","Hamirpur","Uttar Pradesh"
"Ratsar","277123","Ballia","Ballia","Uttar Pradesh"
"Raunahi","224182","Faizabad","Faizabad","Uttar Pradesh"
"Raunapur","276122","Azamgarh","Azamgarh","Uttar Pradesh"
"Rawatpara","282003","Agra","Agra","Uttar Pradesh"
"Rawatpur","208019","Kanpur","Kanpur","Uttar Pradesh"
"Raya","281204","Mathura","Raya","Uttar Pradesh"
"Record Cmp","224001","Faizabad","Faizabad","Uttar Pradesh"
"Refinary","281005","Mathura","Mathura","Uttar Pradesh"
"Refinary Nagar","281006","Mathura","Mathura","Uttar Pradesh"
"Regiment Centre","250001","Meerut","Meerut","Uttar Pradesh"
"Regimental Centre","282001","Agra","Agra","Uttar Pradesh"
"Rehta Bazar","271306","Gonda","Gonda","Uttar Pradesh"
"Renukot","231217","Mirzapur","Mirzapur","Uttar Pradesh"
"Renusara","231218","Mirzapur","Mirzapur","Uttar Pradesh"
"Reosa","261205","Sitapur","Sitapur","Uttar Pradesh"
"Reoti","277209","Ballia","Reoti","Uttar Pradesh"
"Reotipur","232328","Ghazipur","Ghazipur","Uttar Pradesh"
"Rishikesh Vidyapith","249409","Saharanpur","Saharanpur","Uttar Pradesh"
"Risia","271875","Bahraich","Bahraich","Uttar Pradesh"
"Roberts Ganj","231216","Mirzapur","Mirzapur","Uttar Pradesh"
"Roberts Line","281002","Mathura","Mathura","Uttar Pradesh"
"Rohana Mills","251202","Muzaffarnagar","Muzaffarnagar","Uttar Pradesh"
"Rookee Cantt","247667","Saharanpur","Saharanpur","Uttar Pradesh"
"Rookee City","247667","Saharanpur","Saharanpur","Uttar Pradesh"
"Roorkee","247667","Saharanpur","Saharanpur","Uttar Pradesh"
"Roorkee University","247672","Saharanpur","Saharanpur","Uttar Pradesh"
"Rosa","242406","Shahjahanpur","Shahjahanpur","Uttar Pradesh"
"Rosa R S","242306","Shahjahanpur","Shahjahanpur","Uttar Pradesh"
"Rudar Nagar","272151","Basti","Basti","Uttar Pradesh"
"Rudian","202524","Badaun","Badaun","Uttar Pradesh"
"Rudrapur","274204","Deoria","Rudrapur","Uttar Pradesh"
"Rudrapur","242315","Shahjahanpur","Rudrapur","Uttar Pradesh"
"Rupradih","271127","Gonda","Gonda","Uttar Pradesh"
"Rura","209303","Kanpur","Rura","Uttar Pradesh"
"Ruruganj","206249","Etwah","Etwah","Uttar Pradesh"
"S I Area","226004","Lucknow","Lucknow","Uttar Pradesh"
"S N College","209801","Unnao","Unnao","Uttar Pradesh"
"S R G Degree College Dobh","222149","Jaunpur","Jaunpur","Uttar Pradesh"
"Saadat Nagar","241407","Hardoi","Hardoi","Uttar Pradesh"
"Saadatganj","225206","Barabanki","Barabanki","Uttar Pradesh"
"Saadatganj","226003","Lucknow","Lucknow","Uttar Pradesh"
"Sabum Godam","250002","Meerut","Meerut","Uttar Pradesh"
"Sadabad","281306","Hathras","Sadabad","Uttar Pradesh"
"Sadalpura","232120","Varanasi","Varanasi","Uttar Pradesh"
"Sadar Bazar","282001","Agra","Agra","Uttar Pradesh"
"Sadar Bazar","243001","Bareilly","Bareilly","Uttar Pradesh"
"Sadar Bazar","224001","Faizabad","Faizabad","Uttar Pradesh"
"Sadar Bazar","209206","Kanpur","Kanpur","Uttar Pradesh"
"Sadar Bazar","281002","Mathura","Mathura","Uttar Pradesh"
"Sadar Bazar","250001","Meerut","Meerut","Uttar Pradesh"
"Sadar Bazar Station Road","230001","Pratapgarh","Pratapgarh","Uttar Pradesh"
"Sadar Bhatti","282003","Agra","Agra","Uttar Pradesh"
"Sadar Nagar","273202","Gorakhpur","Gorakhpur","Uttar Pradesh"
"Sadat","275204","Ghazipur","Sadat","Uttar Pradesh"
"Sadiabad","275205","Ghazipur","Ghazipur","Uttar Pradesh"
"Sadiabad","275205","Ghazipur","Ghazipur","Uttar Pradesh"
"Sadullanagar","271307","Gonda","Gonda","Uttar Pradesh"
"Safdarganj","225412","Barabanki","Barabanki","Uttar Pradesh"
"Safipur","241504","Unnao","Safipur","Uttar Pradesh"
"Sagarpali","277506","Ballia","Ballia","Uttar Pradesh"
"Sagra","230136","Pratapgarh","Pratapgarh","Uttar Pradesh"
"Sagri","276138","Azamgarh","Azamgarh","Uttar Pradesh"
"Sahab Ganj","232118","Varanasi","Varanasi","Uttar Pradesh"
"Sahamatganj","243001","Bareilly","Bareilly","Uttar Pradesh"
"Sahanpur","246749","Bijnore","Sahanpur","Uttar Pradesh"
"Sahar","206248","Etwah","Etwah","Uttar Pradesh"
"Saharanpur","247001","Saharanpur","Saharanpur","Uttar Pradesh"
"Saharanpur","247001","Saharanpur","Saharanpur","Uttar Pradesh"
"Saharanpur City","247001","Saharanpur","Saharanpur","Uttar Pradesh"
"Sahaspur","246745","Bijnore","Sahaspur","Uttar Pradesh"
"Sahaswan","243638","Badaun","Sahaswan","Uttar Pradesh"
"Sahatwar","277211","Ballia","Sahatwar","Uttar Pradesh"
"Sahawar","207245","Etwah","Sahawar","Uttar Pradesh"
"Sahbaj Nagar","242102","Shahjahanpur","Shahjahanpur","Uttar Pradesh"
"Sahebganj","224001","Faizabad","Faizabad","Uttar Pradesh"
"Sahebganj","273001","Gorakhpur","Gorakhpur","Uttar Pradesh"
"Sahebganj","230137","Pratapgarh","Pratapgarh","Uttar Pradesh"
"Sahid Gaon","232119","Varanasi","Varanasi","Uttar Pradesh"
"Sahjanwa","272209","Basti","Sahjanwa","Uttar Pradesh"
"Sahpau","281307","Mathura","Mathura","Uttar Pradesh"
"Sahson","221507","Allahabad","Allahabad","Uttar Pradesh"
"Sahupuri","221009","Chandauli","Chandauli","Uttar Pradesh"
"Saidabad","221508","Allahabad","Allahabad","Uttar Pradesh"
"Saidpur","202525","Badaun","Saidpur","Uttar Pradesh"
"Saidpur","245411","Bulandshahr","Saidpur","Uttar Pradesh"
"Saifabad","230138","Pratapgarh","Pratapgarh","Uttar Pradesh"
"Sainyar","284001","Jhansi","Jhansi","Uttar Pradesh"
"Saiyan","283124","Agra","Agra","Uttar Pradesh"
"Sajiwan","207001","Etwah","Etwah","Uttar Pradesh"
"Sakaldiha","232108","Varanasi","Varanasi","Uttar Pradesh"
"Sakaldiha Bazar","232109","Varanasi","Varanasi","Uttar Pradesh"
"Saket","207121","Etwah","Etwah","Uttar Pradesh"
"Saket","250001","Meerut","Meerut","Uttar Pradesh"
"Sakhaoti Tanda","250223","Meerut","Meerut","Uttar Pradesh"
"Sakhari Nagar","203150","Bulandshahr","Bulandshahr","Uttar Pradesh"
"Sakkardaha","229403","Raibareilly","Raibareilly","Uttar Pradesh"
"Saktinagar","231222","Mirzapur","Mirzapur","Uttar Pradesh"
"Salempur","274509","Deoria","Salempur","Uttar Pradesh"
"Salon","229127","Raibareilly","Salon","Uttar Pradesh"
"Saltawa","272190","Basti","Basti","Uttar Pradesh"
"Samachar","209725","Farukhabad","Farukhabad","Uttar Pradesh"
"Sambhal","244302","Moradabad","Sambhal","Uttar Pradesh"
"Sammelan","211003","Allahabad","Allahabad","Uttar Pradesh"
"Sampurnanagar","262904","Kheri","Kheri","Uttar Pradesh"
"Samthar","284304","Jhansi","Samthar","Uttar Pradesh"
"Sanauli","271407","Gonda","Gonda","Uttar Pradesh"
"Sancharka","281001","Mathura","Mathura","Uttar Pradesh"
"Sandi","241403","Hardoi","Sandi","Uttar Pradesh"
"Sandila","241204","Hardoi","Sandila","Uttar Pradesh"
"Sangipur","230139","Pratapgarh","Pratapgarh","Uttar Pradesh"
"Sangramgarh","230141","Pratapgarh","Pratapgarh","Uttar Pradesh"
"Sanjarpur","223227","Azamgarh","Azamgarh","Uttar Pradesh"
"Sankat Mochan","281001","Mathura","Mathura","Uttar Pradesh"
"Sankata Devi","262701","Kheri","Kheri","Uttar Pradesh"
"Sansarpur","230305","Pratapgarh","Pratapgarh","Uttar Pradesh"
"Sanskrit University","221001","Varanasi","Varanasi","Uttar Pradesh"
"Sant Ravidas Marg","211003","Allahabad","Allahabad","Uttar Pradesh"
"Sanwarh","221721","Ballia","Ballia","Uttar Pradesh"
"Sapar Bazar","247001","Saharanpur","Saharanpur","Uttar Pradesh"
"Sarafa Bazar","250002","Meerut","Meerut","Uttar Pradesh"
"Sarai","245409","Bulandshahr","Bulandshahr","Uttar Pradesh"
"Sarai","223103","Jaunpur","Jaunpur","Uttar Pradesh"
"Sarai Aghat","205301","Farukhabad","Farukhabad","Uttar Pradesh"
"Sarai Akil","212216","Allahabad","Allahabad","Uttar Pradesh"
"Sarai Harkhoo","222141","Jaunpur","Jaunpur","Uttar Pradesh"
"Sarai Khirni","202001","Aligarh","Aligarh","Uttar Pradesh"
"Sarai Khwaja","222112","Jaunpur","Jaunpur","Uttar Pradesh"
"Sarai Kutub","202001","Aligarh","Aligarh","Uttar Pradesh"
"Sarai Mali Khan","226003","Lucknow","Lucknow","Uttar Pradesh"
"Sarai Mawrez","212403","Allahabad","Allahabad","Uttar Pradesh"
"Sarai Mir","276305","Azamgarh","Sarai Mir","Uttar Pradesh"
"Sarai Miran","209727","Farukhabad","Farukhabad","Uttar Pradesh"
"Sarai Tarin","244303","Moradabad","Moradabad","Uttar Pradesh"
"Saraj","202001","Aligarh","Aligarh","Uttar Pradesh"
"Saralyan","261205","Sitapur","Sitapur","Uttar Pradesh"
"Sardaha","276139","Azamgarh","Azamgarh","Uttar Pradesh"
"Sardhana Chowk","250342","Meerut","Meerut","Uttar Pradesh"
"Sarent","229212","Raibareilly","Raibareilly","Uttar Pradesh"
"Sarfaraz","226004","Lucknow","Lucknow","Uttar Pradesh"
"Sarila State","210432","Hamirpur","Hamirpur","Uttar Pradesh"
"Sarira","212214","Allahabad","Allahabad","Uttar Pradesh"
"Sarnath","221007","Varanasi","Varanasi","Uttar Pradesh"
"Sarni Gate","202001","Aligarh","Aligarh","Uttar Pradesh"
"Sarojini Nagar","226008","Lucknow","Lucknow","Uttar Pradesh"
"Sarpata Bara","223106","Jaunpur","Jaunpur","Uttar Pradesh"
"Sarsa","212305","Allahabad","Allahabad","Uttar Pradesh"
"Sarsaul","209402","Kanpur","Kanpur","Uttar Pradesh"
"Sarsawa","247232","Saharanpur","Saharanpur","Uttar Pradesh"
"Sarurpur","250344","Meerut","Meerut","Uttar Pradesh"
"Sarurpur Kalan","250619","Meerut","Meerut","Uttar Pradesh"
"Sarvodainagar Lucknow 15","226015","Lucknow","Lucknow","Uttar Pradesh"
"Sarvoday Nagar","208005","Kanpur","Kanpur","Uttar Pradesh"
"Sarwa Sewa Sangh","221001","Varanasi","Varanasi","Uttar Pradesh"
"Sarwan Khera","209121","Kanpur","Kanpur","Uttar Pradesh"
"Sasni","204216","Hathras","Sasni","Uttar Pradesh"
"Sathini","202146","Aligarh","Aligarh","Uttar Pradesh"
"Satoh","285224","Jalaun","Jalaun","Uttar Pradesh"
"Satramganj","232333","Ghazipur","Ghazipur","Uttar Pradesh"
"Satrikh","225122","Barabanki","Satrikh","Uttar Pradesh"
"Satyanagar","229001","Raibareilly","Raibareilly","Uttar Pradesh"
"Satyawadi","206001","Etwah","Etwah","Uttar Pradesh"
"Saurikh","209728","Farukhabad","Saurikh","Uttar Pradesh"
"Sayedpur","233304","Ghazipur","Ghazipur","Uttar Pradesh"
"Sayedpur Bazar","233304","Ghazipur","Ghazipur","Uttar Pradesh"
"Sayedraja","232110","Varanasi","Varanasi","Uttar Pradesh"
"Schendi","209304","Kanpur","Kanpur","Uttar Pradesh"
"Secretariat","211001","Allahabad","Allahabad","Uttar Pradesh"
"Secretariat","226001","Lucknow","Lucknow","Uttar Pradesh"
"Sector 5","242312","Shahjahanpur","Shahjahanpur","Uttar Pradesh"
"Semrauta","229126","Raibareilly","Raibareilly","Uttar Pradesh"
"Semri","229211","Raibareilly","Raibareilly","Uttar Pradesh"
"Semri Jamalpur","275307","Azamgarh","Azamgarh","Uttar Pradesh"
"Senthal","262407","Bareilly","Bareilly","Uttar Pradesh"
"Seohara","246746","Bijnore","Seohara","Uttar Pradesh"
"Seohara R S","246746","Bijnore","Bijnore","Uttar Pradesh"
"Seorahi","274406","Deoria","Deoria","Uttar Pradesh"
"Seramau South","242413","Shahjahanpur","Shahjahanpur","Uttar Pradesh"
"Seventh Bn","261001","Sitapur","Sitapur","Uttar Pradesh"
"Sewaith","212503","Allahabad","Allahabad","Uttar Pradesh"
"Sewapuri","221403","Varanasi","Varanasi","Uttar Pradesh"
"Sewara","262907","Kheri","Kheri","Uttar Pradesh"
"Shahabad","241124","Hardoi","Shahabad","Uttar Pradesh"
"Shahabad","244922","Rampur","Shahabad","Uttar Pradesh"
"Shahazadpur","212215","Allahabad","Allahabad","Uttar Pradesh"
"Shahdana Colony","243001","Bareilly","Bareilly","Uttar Pradesh"
"Shahgah","227411","Sultanpur","Sultanpur","Uttar Pradesh"
"Shahganj","282002","Agra","Shahganj","Uttar Pradesh"
"Shahganj","224184","Faizabad","Shahganj","Uttar Pradesh"
"Shahganj","223101","Jaunpur","Shahganj","Uttar Pradesh"
"Shahganj S Mill","223101","Jaunpur","Jaunpur","Uttar Pradesh"
"Shahgon","229311","Raibareilly","Raibareilly","Uttar Pradesh"
"Shahi","243505","Bareilly","Shahi","Uttar Pradesh"
"Shahi Chabutra","244221","Moradabad","Moradabad","Uttar Pradesh"
"Shahjahanpur","242001","Shahjahanpur","Shahjahanpur","Uttar Pradesh"
"Shahjahanpur","242001","Shahjahanpur","Shahjahanpur","Uttar Pradesh"
"Shahjahanpur Chowk","242001","Shahjahanpur","Shahjahanpur","Uttar Pradesh"
"Shahjahanpur City","242001","Shahjahanpur","Shahjahanpur","Uttar Pradesh"
"Shahjahanpur R S","242001","Shahjahanpur","Shahjahanpur","Uttar Pradesh"
"Shahpur","251318","Muzaffarnagar","Shahpur","Uttar Pradesh"
"Shahpur Khitab","242309","Shahjahanpur","Shahjahanpur","Uttar Pradesh"
"Shahzadpur","224122","Faizabad","Faizabad","Uttar Pradesh"
"Shaminagar","247667","Saharanpur","Saharanpur","Uttar Pradesh"
"Shamli","247776","Muzaffarnagar","Shamli","Uttar Pradesh"
"Shamli Mandi","247776","Muzaffarnagar","Muzaffarnagar","Uttar Pradesh"
"Shamli Road","247776","Muzaffarnagar","Muzaffarnagar","Uttar Pradesh"
"Shamli S Mill","247776","Muzaffarnagar","Muzaffarnagar","Uttar Pradesh"
"Shamshabad","283125","Agra","Agra","Uttar Pradesh"
"Shamshabad","207503","Farukhabad","Farukhabad","Uttar Pradesh"
"Shankargarh","212108","Allahabad","Shankargarh","Uttar Pradesh"
"Shardanagar","262726","Kheri","Kheri","Uttar Pradesh"
"Shardhana","250342","Meerut","Meerut","Uttar Pradesh"
"Shargarh","243509","Bareilly","Bareilly","Uttar Pradesh"
"Sheetla","226106","Lucknow","Lucknow","Uttar Pradesh"
"Sheipatnagar","272206","Basti","Basti","Uttar Pradesh"
"Sheogarh","229308","Raibareilly","Raibareilly","Uttar Pradesh"
"Sheoli","209204","Kanpur","Kanpur","Uttar Pradesh"
"Sheopra","271207","Gonda","Gonda","Uttar Pradesh"
"Sheopur","221003","Varanasi","Varanasi","Uttar Pradesh"
"Sheorajpur","209205","Kanpur","Kanpur","Uttar Pradesh"
"Sheoratanganj","227802","Sultanpur","Sultanpur","Uttar Pradesh"
"Shergarh","281404","Jyotiba Phule Nagar","Shergarh","Uttar Pradesh"
"Sherkot","246747","Bijnore","Sherkot","Uttar Pradesh"
"Shewans","208010","Kanpur","Kanpur","Uttar Pradesh"
"Shia Lines","226002","Lucknow","Lucknow","Uttar Pradesh"
"Shibli Academy","276001","Azamgarh","Azamgarh","Uttar Pradesh"
"Shikarpur","202395","Bulandshahr","Shikarpur","Uttar Pradesh"
"Shikohabad","205135","Mainpuri","Shikohabad","Uttar Pradesh"
"Shikohabad R S","205141","Firozabad","Firozabad","Uttar Pradesh"
"Shikshak","202001","Aligarh","Aligarh","Uttar Pradesh"
"Shiraz","282001","Agra","Agra","Uttar Pradesh"
"Shitlaganj","230142","Pratapgarh","Pratapgarh","Uttar Pradesh"
"Shivaji Marg","243001","Bareilly","Bareilly","Uttar Pradesh"
"Shivaji Marg","226001","Lucknow","Lucknow","Uttar Pradesh"
"Shivala","221001","Varanasi","Varanasi","Uttar Pradesh"
"Shivpal","224218","Ambedkar Nagar","Ambedkar Nagar","Uttar Pradesh"
"Shivpur","271880","Bahraich","Bahraich","Uttar Pradesh"
"Shivpury","250001","Meerut","Meerut","Uttar Pradesh"
"Shoe Market","282003","Agra","Agra","Uttar Pradesh"
"Shohawal R S","224188","Faizabad","Faizabad","Uttar Pradesh"
"Shopur","273412","Gorakhpur","Gorakhpur","Uttar Pradesh"
"Shukul-Ka-Bazar","227811","Sultanpur","Sultanpur","Uttar Pradesh"
"Shyamganj","243001","Bareilly","Bareilly","Uttar Pradesh"
"Sidhari","276001","Azamgarh","Azamgarh","Uttar Pradesh"
"Sidhaul","261303","Sitapur","Sitapur","Uttar Pradesh"
"Sidhaur","225413","Barabanki","Barabanki","Uttar Pradesh"
"Sidhi Sagar","284403","Lalitpur","Lalitpur","Uttar Pradesh"
"Sighaura","221208","Varanasi","Varanasi","Uttar Pradesh"
"Sigra","221002","Varanasi","Varanasi","Uttar Pradesh"
"Sikanderpur","277303","Ballia","Sikanderpur","Uttar Pradesh"
"Sikanderpur","224186","Faizabad","Sikanderpur","Uttar Pradesh"
"Sikanderpur","209729","Farukhabad","Sikanderpur","Uttar Pradesh"
"Sikandra","212109","Allahabad","Sikandra","Uttar Pradesh"
"Sikandrabad","203205","Bulandshahr","Sikandrabad","Uttar Pradesh"
"Sikandrabad","262805","Kheri","Sikandrabad","Uttar Pradesh"
"Sikandrarao","204215","Hathras","Hathras","Uttar Pradesh"
"Sikh Regiment Centre","250001","Meerut","Meerut","Uttar Pradesh"
"Sikhar","231306","Mirzapur","Mirzapur","Uttar Pradesh"
"Sikrara","221131","Varanasi","Varanasi","Uttar Pradesh"
"Silhuya","242421","Shahjahanpur","Shahjahanpur","Uttar Pradesh"
"Simbhaoli","245207","Ghaziabad","Ghaziabad","Uttar Pradesh"
"Sindhauli","242103","Shahjahanpur","Shahjahanpur","Uttar Pradesh"
"Singhai","262905","Kheri","Kheri","Uttar Pradesh"
"Singhnapar","261136","Sitapur","Sitapur","Uttar Pradesh"
"Singhramau","222175","Jaunpur","Jaunpur","Uttar Pradesh"
"Sipri Bazar","284001","Jhansi","Jhansi","Uttar Pradesh"
"Sipri Bazar","284003","Jhansi","Jhansi","Uttar Pradesh"
"Sirathu","212217","Kaushambi","Sirathu","Uttar Pradesh"
"Sirhpura","207246","Etwah","Etwah","Uttar Pradesh"
"Sirsaganj","205151","Mainpuri","Sirsaganj","Uttar Pradesh"
"Sirsi","244301","Moradabad","Sirsi","Uttar Pradesh"
"Sisamau","208012","Kanpur","Kanpur","Uttar Pradesh"
"Sisauli","251319","Muzaffarnagar","Sisauli","Uttar Pradesh"
"Siswabazar","273153","Gorakhpur","Gorakhpur","Uttar Pradesh"
"Sitapur","261001","Sitapur","Sitapur","Uttar Pradesh"
"Sitapur","261001","Sitapur","Sitapur","Uttar Pradesh"
"Sitapur City","261001","Sitapur","Sitapur","Uttar Pradesh"
"Sitapur Old Town","261001","Sitapur","Sitapur","Uttar Pradesh"
"Siyana","245412","Bulandshahr","Bulandshahr","Uttar Pradesh"
"Snh Road","283203","Agra","Agra","Uttar Pradesh"
"Sobatia Bagh","211006","Allahabad","Allahabad","Uttar Pradesh"
"Soetha Kalan","223105","Jaunpur","Jaunpur","Uttar Pradesh"
"Sohaon","277504","Ballia","Ballia","Uttar Pradesh"
"Sohratgarh","272205","Basti","Basti","Uttar Pradesh"
"Somaiyanagar","225123","Barabanki","Barabanki","Uttar Pradesh"
"Somna","202143","Aligarh","Aligarh","Uttar Pradesh"
"Sonai","281206","Mathura","Mathura","Uttar Pradesh"
"Sonkh","281123","Mathura","Mathura","Uttar Pradesh"
"Sonwa","271822","Bahraich","Bahraich","Uttar Pradesh"
"Sonwani","277212","Ballia","Ballia","Uttar Pradesh"
"Soot Bazar","284204","Jhansi","Jhansi","Uttar Pradesh"
"Soran","207403","Etwah","Etwah","Uttar Pradesh"
"Soraon","212502","Allahabad","Allahabad","Uttar Pradesh"
"Sotha","243601","Badaun","Badaun","Uttar Pradesh"
"Srawasti","271213","Gonda","Gonda","Uttar Pradesh"
"Srdhana Road","250001","Meerut","Meerut","Uttar Pradesh"
"Sri Banke Behariji","281121","Mathura","Mathura","Uttar Pradesh"
"Sri Datta Ganj","271607","Gonda","Gonda","Uttar Pradesh"
"Srinagar","271603","Gonda","Gonda","Uttar Pradesh"
"Srinagar","210433","Hamirpur","Hamirpur","Uttar Pradesh"
"Station Rd","244231","Moradabad","Moradabad","Uttar Pradesh"
"Station Road","244001","Moradabad","Moradabad","Uttar Pradesh"
"Structuralaini","210101","Banda","Banda","Uttar Pradesh"
"Suar","244924","Rampur","Suar","Uttar Pradesh"
"Subedarganj","211001","Allahabad","Allahabad","Uttar Pradesh"
"Subeha","227302","Barabanki","Barabanki","Uttar Pradesh"
"Subhas Market","243001","Bareilly","Bareilly","Uttar Pradesh"
"Subhash Road","203131","Bulandshahr","Bulandshahr","Uttar Pradesh"
"Subhashganj","284001","Jhansi","Jhansi","Uttar Pradesh"
"Subhashnagar","211002","Allahabad","Allahabad","Uttar Pradesh"
"Subhashnagar","243001","Bareilly","Bareilly","Uttar Pradesh"
"Suddar R S","274001","Deoria","Deoria","Uttar Pradesh"
"Sugar Mill","244714","Moradabad","Moradabad","Uttar Pradesh"
"Sugar Mills","246761","Bijnore","Bijnore","Uttar Pradesh"
"Suhksa","230306","Pratapgarh","Pratapgarh","Uttar Pradesh"
"Sujauli","271832","Bahraich","Bahraich","Uttar Pradesh"
"Sukh","281001","Mathura","Mathura","Uttar Pradesh"
"Sukhpura","277304","Ballia","Ballia","Uttar Pradesh"
"Sukrauli","274207","Deoria","Deoria","Uttar Pradesh"
"Sulemsaraj","211001","Allahabad","Allahabad","Uttar Pradesh"
"Sultanganj","205267","Mainpuri","Mainpuri","Uttar Pradesh"
"Sultanpur","262125","Pilibhit","Sultanpur","Uttar Pradesh"
"Sultanpur","228001","Sultanpur","Sultanpur","Uttar Pradesh"
"Sultanpur","228001","Sultanpur","Sultanpur","Uttar Pradesh"
"Sultanpur City","228001","Sultanpur","Sultanpur","Uttar Pradesh"
"Sultanpur Civil Lines","228001","Sultanpur","Sultanpur","Uttar Pradesh"
"Sultanpura","282001","Agra","Agra","Uttar Pradesh"
"Sumer Pur","210502","Hamirpur","Hamirpur","Uttar Pradesh"
"Sumersagar","273001","Gorakhpur","Gorakhpur","Uttar Pradesh"
"Sunara Bujurg","242410","Shahjahanpur","Shahjahanpur","Uttar Pradesh"
"Sunderbagh","226001","Lucknow","Lucknow","Uttar Pradesh"
"Suraj Kund","250001","Meerut","Meerut","Uttar Pradesh"
"Surajpur","275306","Azamgarh","Azamgarh","Uttar Pradesh"
"Suratganj","225304","Barabanki","Barabanki","Uttar Pradesh"
"Suri","228141","Sultanpur","Sultanpur","Uttar Pradesh"
"Surir","281205","Mathura","Mathura","Uttar Pradesh"
"Suriyawan","221404","Varanasi","Suriyawan","Uttar Pradesh"
"Swadeshi","208003","Kanpur","Kanpur","Uttar Pradesh"
"Swami Narain","271320","Gonda","Gonda","Uttar Pradesh"
"Swaroopnagar","208002","Kanpur","Kanpur","Uttar Pradesh"
"T D College","222001","Jaunpur","Jaunpur","Uttar Pradesh"
"T M Icha","243127","Bareilly","Bareilly","Uttar Pradesh"
"T R M M","202001","Aligarh","Aligarh","Uttar Pradesh"
"Tagore Town","211002","Allahabad","Allahabad","Uttar Pradesh"
"Tajganj","282001","Agra","Agra","Uttar Pradesh"
"Tajpur Dehma","233228","Ghazipur","Ghazipur","Uttar Pradesh"
"Tajpur Manjha","232341","Ghazipur","Ghazipur","Uttar Pradesh"
"Takmil-Ul-Tib","226003","Lucknow","Lucknow","Uttar Pradesh"
"Talbehat","234126","Ghazipur","Talbehat","Uttar Pradesh"
"Talgaon","261207","Sitapur","Sitapur","Uttar Pradesh"
"Talgram","209731","Farukhabad","Talgram","Uttar Pradesh"
"Tambaur","261208","Sitapur","Sitapur","Uttar Pradesh"
"Tamkohi","274407","Deoria","Deoria","Uttar Pradesh"
"Tanda","224190","Ambedkar Nagar","Tanda","Uttar Pradesh"
"Tanda","244925","Rampur","Tanda","Uttar Pradesh"
"Tanda Kalan","221115","Chandauli","Chandauli","Uttar Pradesh"
"Tannery","208010","Kanpur","Kanpur","Uttar Pradesh"
"Tapo Bhumi","281003","Mathura","Mathura","Uttar Pradesh"
"Tappal","202165","Aligarh","Aligarh","Uttar Pradesh"
"Tarabganj","271403","Gonda","Gonda","Uttar Pradesh"
"Taraiya Sujan","274409","Deoria","Deoria","Uttar Pradesh"
"Tarighat","232332","Ghazipur","Ghazipur","Uttar Pradesh"
"Tarkulwa","274408","Deoria","Deoria","Uttar Pradesh"
"Tarwa","276123","Azamgarh","Azamgarh","Uttar Pradesh"
"Tawakalpur Nagar","228161","Sultanpur","Sultanpur","Uttar Pradesh"
"Tehri Rani","272207","Basti","Basti","Uttar Pradesh"
"Tehsil","203001","Bulandshahr","Bulandshahr","Uttar Pradesh"
"Tehsil Fatehpur","225305","Barabanki","Barabanki","Uttar Pradesh"
"Tehsil Rampur","244901","Rampur","Rampur","Uttar Pradesh"
"Teleagargh","224141","Faizabad","Faizabad","Uttar Pradesh"
"Terhi","276141","Mahrajganj","Mahrajganj","Uttar Pradesh"
"Tetri Bazar","272207","Basti","Tetri Bazar","Uttar Pradesh"
"Thakdewri","221719","Ballia","Ballia","Uttar Pradesh"
"Thakurdwara","244601","Moradabad","Thakurdwara","Uttar Pradesh"
"Thakurganj","226003","Lucknow","Lucknow","Uttar Pradesh"
"Thana Bhawan","247777","Muzaffarnagar","Thana Bhawan","Uttar Pradesh"
"Thapar Nagar","250001","Meerut","Meerut","Uttar Pradesh"
"Thathia","209734","Farukhabad","Farukhabad","Uttar Pradesh"
"Thekma","276303","Azamgarh","Azamgarh","Uttar Pradesh"
"Thiry Second Bn","226014","Lucknow","Lucknow","Uttar Pradesh"
"Thora","203155","Bulandshahr","Bulandshahr","Uttar Pradesh"
"Thuthibari","273305","Gorakhpur","Gorakhpur","Uttar Pradesh"
"Tiarg","232342","Ghazipur","Ghazipur","Uttar Pradesh"
"Tikaitnagar","225415","Barabanki","Barabanki","Uttar Pradesh"
"Tikari","250625","Meerut","Meerut","Uttar Pradesh"
"Tikonia","262906","Kheri","Kheri","Uttar Pradesh"
"Tilhapur","212218","Kaushambi","Kaushambi","Uttar Pradesh"
"Tilhar","242307","Shahjahanpur","Tilhar","Uttar Pradesh"
"Tiloi","229309","Raibareilly","Raibareilly","Uttar Pradesh"
"Tiloknagar","206122","Etwah","Etwah","Uttar Pradesh"
"Tindauli","205119","Mainpuri","Mainpuri","Uttar Pradesh"
"Tindwari","210128","Banda","Tindwari","Uttar Pradesh"
"Tirathraj","211003","Allahabad","Allahabad","Uttar Pradesh"
"Tirron","247343","Saharanpur","Saharanpur","Uttar Pradesh"
"Tirwa","209732","Kannauj","Kannauj","Uttar Pradesh"
"Tkari","224195","Faizabad","Faizabad","Uttar Pradesh"
"Topkhana Bazar","226002","Lucknow","Lucknow","Uttar Pradesh"
"Town Hall","205262","Mainpuri","Mainpuri","Uttar Pradesh"
"Town Hall","244001","Moradabad","Moradabad","Uttar Pradesh"
"Town Hall","229001","Raibareilly","Raibareilly","Uttar Pradesh"
"Township","202389","Bulandshahr","Bulandshahr","Uttar Pradesh"
"Transportnagar","208023","Kanpur","Kanpur","Uttar Pradesh"
"Trilochan","222102","Jaunpur","Jaunpur","Uttar Pradesh"
"Trivediganj","227131","Lucknow","Lucknow","Uttar Pradesh"
"Triveni","210101","Banda","Banda","Uttar Pradesh"
"Tulsipur","271208","Gonda","Tulsipur","Uttar Pradesh"
"Tundla","283204","Firozabad","Tundla","Uttar Pradesh"
"Turkmanpur","273001","Gorakhpur","Gorakhpur","Uttar Pradesh"
"Turra","231221","Mirzapur","Mirzapur","Uttar Pradesh"
"U I C Mills","226006","Lucknow","Lucknow","Uttar Pradesh"
"U P Govt Camp Post Office","227132","Lucknow","Lucknow","Uttar Pradesh"
"Udairajganj","272204","Basti","Basti","Uttar Pradesh"
"Udi","206131","Etwah","Etwah","Uttar Pradesh"
"Udyognagar","282007","Agra","Agra","Uttar Pradesh"
"Udyognagar","208022","Kanpur","Kanpur","Uttar Pradesh"
"Ujhani","243639","Badaun","Ujhani","Uttar Pradesh"
"Ujhari","244242","Moradabad","Ujhari","Uttar Pradesh"
"Umarda","209738","Farukhabad","Farukhabad","Uttar Pradesh"
"Umarpur","222001","Jaunpur","Jaunpur","Uttar Pradesh"
"Umrapur","271405","Gonda","Gonda","Uttar Pradesh"
"Umri","285129","Jalaun","Umri","Uttar Pradesh"
"Un","247778","Muzaffarnagar","Un","Uttar Pradesh"
"Unchagaon","202398","Bulandshahr","Bulandshahr","Uttar Pradesh"
"University","273001","Gorakhpur","Gorakhpur","Uttar Pradesh"
"Unnao","209801","Unnao","Unnao","Uttar Pradesh"
"Unwal","273406","Gorakhpur","Gorakhpur","Uttar Pradesh"
"Upperkot","202001","Aligarh","Aligarh","Uttar Pradesh"
"Urdu Bazar","273001","Gorakhpur","Gorakhpur","Uttar Pradesh"
"Urwa Bazar","273407","Gorakhpur","Gorakhpur","Uttar Pradesh"
"Usargoan","285233","Jalaun","Jalaun","Uttar Pradesh"
"Usawan","243621","Badaun","Usawan","Uttar Pradesh"
"Usehat","243641","Badaun","Usehat","Uttar Pradesh"
"Uska Bazar","272208","Basti","Basti","Uttar Pradesh"
"Usmanpur","225120","Barabanki","Barabanki","Uttar Pradesh"
"Utraula","271604","Balrampur","Utraula","Uttar Pradesh"
"Utraula Road","271001","Gonda","Gonda","Uttar Pradesh"
"Varanasi","221001","Varanasi","Varanasi","Uttar Pradesh"
"Varanasi","221002","Varanasi","Varanasi","Uttar Pradesh"
"Varanasi","221003","Varanasi","Varanasi","Uttar Pradesh"
"Varanasi Cantt","221002","Varanasi","Varanasi","Uttar Pradesh"
"Varanasi City","221001","Varanasi","Varanasi","Uttar Pradesh"
"Varanasi Hindu Universiy","221005","Varanasi","Varanasi","Uttar Pradesh"
"Veterinary College","281002","Mathura","Mathura","Uttar Pradesh"
"Victoria Ganj","226004","Lucknow","Lucknow","Uttar Pradesh"
"Victoria Park","250001","Meerut","Meerut","Uttar Pradesh"
"Vidya Bhawan","277213","Ballia","Ballia","Uttar Pradesh"
"Vidyapith","211001","Allahabad","Allahabad","Uttar Pradesh"
"Vidyapith","221002","Varanasi","Varanasi","Uttar Pradesh"
"Vijai Laxminagar","261001","Sitapur","Sitapur","Uttar Pradesh"
"Vijainagar","208005","Kanpur","Kanpur","Uttar Pradesh"
"Vishnupuri","202001","Aligarh","Aligarh","Uttar Pradesh"
"Vishwanath","221001","Varanasi","Varanasi","Uttar Pradesh"
"Vishwanathganj","230404","Pratapgarh","Pratapgarh","Uttar Pradesh"
"Vivekanand Marg","211003","Allahabad","Allahabad","Uttar Pradesh"
"Vrindaban","281121","Mathura","Mathura","Uttar Pradesh"
"Walidpur","276405","Chitrakoot","Chitrakoot","Uttar Pradesh"
"Walipur","227812","Sultanpur","Sultanpur","Uttar Pradesh"
"Walterganj","272182","Basti","Basti","Uttar Pradesh"
"Wazirganj","202526","Badaun","Wazirganj","Uttar Pradesh"
"Wazirganj","271124","Gonda","Wazirganj","Uttar Pradesh"
"Wazirganj","226001","Lucknow","Wazirganj","Uttar Pradesh"
"Wazirpura","282003","Agra","Agra","Uttar Pradesh"
"Welleslyganj","231001","Mirzapur","Mirzapur","Uttar Pradesh"
"Workshop","282001","Agra","Agra","Uttar Pradesh"
"Workshop","226001","Lucknow","Lucknow","Uttar Pradesh"
"Wyndhamganj","232221","Mirzapur","Mirzapur","Uttar Pradesh"
"Xxiv B Pac","244001","Moradabad","Moradabad","Uttar Pradesh"
"Yahiaganj","226003","Lucknow","Lucknow","Uttar Pradesh"
"Yamuna Bridge","282006","Agra","Agra","Uttar Pradesh"
"Yamuna Kinara","282004","Agra","Agra","Uttar Pradesh"
"Yusufpur","233227","Ghazipur","Ghazipur","Uttar Pradesh"
"Zafrabad","222180","Jaunpur","Jaunpur","Uttar Pradesh"
"Zaidpur","225414","Barabanki","Zaidpur","Uttar Pradesh"
"Zamania","232329","Ghazipur","Zamania","Uttar Pradesh"
"Zamania R S","232331","Ghazipur","Ghazipur","Uttar Pradesh"
"Zangipur","233305","Ghazipur","Ghazipur","Uttar Pradesh"
"Zarda","226003","Lucknow","Lucknow","Uttar Pradesh"
"Abbot Mount","262525","Pithoragarh","Pithoragarh","Uttaranchal"
"Adheriya Khal","246188","Pauri Garhwal","Adheriya Khal","Uttaranchal"
"Adibadri","246440","Chamoli","Adibadri","Uttaranchal"
"Agar","262534","Pithoragarh","Pithoragarh","Uttaranchal"
"Agustmuni","246421","Chamoli","Agustmuni","Uttaranchal"
"Aincholi","262530","Pithoragarh","Pithoragarh","Uttaranchal"
"Ajabpur","248121","Dehradun","Dehradun","Uttaranchal"
"Almora Ho.","263601","Almora","Almora","Uttaranchal"
"Almora Ho.","263601","Almora","Almora","Uttaranchal"
"Almora Ho.","263601","Almora","Almora","Uttaranchal"
"Asgoli","263654","Almora","Almora","Uttaranchal"
"Askote","262543","Pithoragarh","Pithoragarh","Uttaranchal"
"Bachhuwaban","246488","Chamoli","Gopeshwar","Uttaranchal"
"Badabey","262574","Pithoragarh","Pithoragarh","Uttaranchal"
"Badrinath","246422","Chamoli","Badrinath","Uttaranchal"
"Bageshwar","263642","Almora","Bageshwar","Uttaranchal"
"Bageshwar","263642","Bageshwar","Bageshwar","Uttaranchal"
"Bagwali Pockher","263621","Almora","Almora","Uttaranchal"
"Baijnath","263641","Almora","Almora","Uttaranchal"
"Baijraq","246275","Pauri Garhwal","Pauri","Uttaranchal"
"Balawala","248161","Dehradun","Dehradun","Uttaranchal"
"Baluwakote","262576","Pithoragarh","Pithoragarh","Uttaranchal"
"Bampa","246423","Chamoli","Gopeshwar","Uttaranchal"
"Bansbazar","262555","Pithoragarh","Pithoragarh","Uttaranchal"
"Barabey","262574","Pithoragarh","Pithoragarh","Uttaranchal"
"Barakote","262527","Pithoragarh","Pithoragarh","Uttaranchal"
"Barautha","248124","Dehradun","Dehradun","Uttaranchal"
"Barechhina","263624","Almora","Almora","Uttaranchal"
"Bariowganj","248122","Dehradun","Dehradun","Uttaranchal"
"Bazpur","262401","Nainital","Nainital","Uttaranchal"
"Bering","262531","Pithoragarh","Pithoragarh","Uttaranchal"
"Betalght","263134","Nainital","Nainital","Uttaranchal"
"Bhagtola","263689","Almora","Almora","Uttaranchal"
"Bhainsori","263684","Almora","Almora","Uttaranchal"
"Bhaniawala","248144","Dehradun","Dehradun","Uttaranchal"
"Bhanoli","263687","Almora","Almora","Uttaranchal"
"Bharari","263679","Almora","Almora","Uttaranchal"
"Bharkatiya","262520","Pithoragarh","Pithoragarh","Uttaranchal"
"Bhatrojkhan","263646","Almora","Almora","Uttaranchal"
"Bhikiasain","263667","Almora","Almora","Uttaranchal"
"Bhimtal","263136","Nainital","Bhimtal","Uttaranchal"
"Bhirgukhal","246121","Pauri Garhwal","Bhirgukhal","Uttaranchal"
"Bhiri","246419","Chamoli","Gopeshwar","Uttaranchal"
"Bhogpur","248143","Dehradun","Dehradun","Uttaranchal"
"Bhotia Parao","263142","Nainital","Nainital","Uttaranchal"
"Bhowali","263132","Nainital","Bhowali","Uttaranchal"
"Bhowali Sanatorium","263131","Nainital","Bhowali","Uttaranchal"
"Billori","263630","Almora","Almora","Uttaranchal"
"Bironkhal","246276","Pauri Garhwal","Pauri","Uttaranchal"
"Bughani","246185","Nainital","Nainital","Uttaranchal"
"Burket","249141","Uttarkashi","Uttarkashi","Uttaranchal"
"Chakisain","246130","Pauri Garhwal","Chakisain","Uttaranchal"
"Chakrata Kailana","248123","Dehradun","Chakrata","Uttaranchal"
"Chamoli","246424","Chamoli","Chamoli","Uttaranchal"
"Champawat","262523","Champawat","Champawat","Uttaranchal"
"Chandni","262310","Nainital","Nainital","Uttaranchal"
"Chandrapuri","246425","Chamoli","Gopeshwar","Uttaranchal"
"Chanoda","263628","Almora","Almora","Uttaranchal"
"Chaubaltia","263651","Almora","Almora","Uttaranchal"
"Chaunallia","263680","Almora","Almora","Uttaranchal"
"Chelusain","246122","Pauri Garhwal","Chelusain","Uttaranchal"
"Chhinka","246426","Chamoli","Gopeshwar","Uttaranchal"
"Chibroo","248164","Dehradun","Dehradun","Uttaranchal"
"Chila Colony","249132","Pauri Garhwal","Pauri","Uttaranchal"
"Chilianaula","263647","Almora","Almora","Uttaranchal"
"Chimyali Saur","249156","Uttarkashi","Uttarkashi","Uttaranchal"
"Chipalghat","246123","Pauri Garhwal","Chipalghat","Uttaranchal"
"Chopra","246495","Chamoli","Gopeshwar","Uttaranchal"
"Clement Town","248002","Dehradun","Dehradun","Uttaranchal"
"Dabri","246189","Pauri Garhwal","Pauri","Uttaranchal"
"Dairy Farm","263149","Nainital","Nainital","Uttaranchal"
"Dakpathar","248125","Dehradun","Dehradun","Uttaranchal"
"Dangoli","263635","Almora","Almora","Uttaranchal"
"Dania","263622","Almora","Almora","Uttaranchal"
"Dasaithal","262573","Pithoragarh","Pithoragarh","Uttaranchal"
"Daula","263660","Almora","Almora","Uttaranchal"
"Daulaghat","263665","Almora","Almora","Uttaranchal"
"Debai","246427","Chamoli","Gopeshwar","Uttaranchal"
"Deghat","263659","Almora","Almora","Uttaranchal"
"Degree College","262502","Pithoragarh","Pithoragarh","Uttaranchal"
"Dehal Chauri","246125","Pauri Garhwal","Dehal Chauri","Uttaranchal"
"Dehradun Cantt Ho.","248003","Dehradun","Dehradun","Uttaranchal"
"Dehradun Cantt Ho.","248003","Dehradun","Dehradun","Uttaranchal"
"Dehradun Cantt Ho.","248003","Dehradun","Dehradun","Uttaranchal"
"Dehradun Cantt Ho.","248003","Dehradun","Dehradun","Uttaranchal"
"Dehradun Ho.","248001","Dehradun","Dehradun","Uttaranchal"
"Dehradun Ho.","248001","Dehradun","Dehradun","Uttaranchal"
"Dehradun Ho.","248001","Dehradun","Dehradun","Uttaranchal"
"Dehradun Ho.","248001","Dehradun","Dehradun","Uttaranchal"
"Dehradun Ho.","248001","Dehradun","Dehradun","Uttaranchal"
"Dehradun Ho.","248001","Dehradun","Dehradun","Uttaranchal"
"Dehradun Ho.","248001","Dehradun","Dehradun","Uttaranchal"
"Dehradun Ho.","248001","Dehradun","Dehradun","Uttaranchal"
"Dehradun Ho.","248001","Dehradun","Dehradun","Uttaranchal"
"Dehradun Ho.","248001","Dehradun","Dehradun","Uttaranchal"
"Dehradun Ho.","248001","Dehradun","Dehradun","Uttaranchal"
"Dehradun Ho.","248001","Dehradun","Dehradun","Uttaranchal"
"Dehradun Ho.","248001","Dehradun","Dehradun","Uttaranchal"
"Dehradun Ho.","248001","Dehradun","Dehradun","Uttaranchal"
"Dehradun Ho.","248001","Dehradun","Dehradun","Uttaranchal"
"Dehradun Ho.","248001","Dehradun","Dehradun","Uttaranchal"
"Dehradun Ho.","248001","Dehradun","Dehradun","Uttaranchal"
"Dehradun Ho.","248001","Dehradun","Dehradun","Uttaranchal"
"Dehradun Ho.","248001","Dehradun","Dehradun","Uttaranchal"
"Deoli Khet","263664","Almora","Almora","Uttaranchal"
"Dev Rajkhal","246126","Pauri Garhwal","Dev Rajkhal","Uttaranchal"
"Devidhura","262580","Pithoragarh","Devidhura","Uttaranchal"
"Devprayag","246186","Tehri Garhwal","Devprayag","Uttaranchal"
"Dewthal","262542","Pithoragarh","Pithoragarh","Uttaranchal"
"Dhakrani","248147","Dehradun","Dehradun","Uttaranchal"
"Dhamus","263685","Almora","Almora","Uttaranchal"
"Dhar Chula","262545","Pithoragarh","Pithoragarh","Uttaranchal"
"Dharamgarh","262571","Pithoragarh","Pithoragarh","Uttaranchal"
"Dharasoo","249134","Uttarkashi","Dharasoo","Uttaranchal"
"Dharasu","249134","Uttarkashi","Uttarkashi","Uttaranchal"
"Dhauladevi","263683","Almora","Almora","Uttaranchal"
"Dhaulchnina","263681","Almora","Almora","Uttaranchal"
"Dhumakot","246277","Pauri Garhwal","Pauri","Uttaranchal"
"Didihat","262551","Pithoragarh","Didihat","Uttaranchal"
"Dineshpur","263160","Nainital","Dineshpur","Uttaranchal"
"Dingoli Khal","246280","Pauri Garhwal","Pauri","Uttaranchal"
"Dofar","263634","Almora","Almora","Uttaranchal"
"Doiwala","248140","Dehradun","Doiwala","Uttaranchal"
"Dugadd","246127","Pauri Garhwal","Dugadd","Uttaranchal"
"Dukharkhal","246129","Pauri Garhwal","Dukharkhal","Uttaranchal"
"Dunda","249151","Uttarkashi","Uttarkashi","Uttaranchal"
"Dunda","249151","Uttarkashi","Uttarkashi","Uttaranchal"
"Dwarahat","263653","Almora","Dwarahat","Uttaranchal"
"Dwarikhal","246128","Pauri Garhwal","Dwarikhal","Uttaranchal"
"Ekeshwar","246131","Pauri Garhwal","Ekeshwar","Uttaranchal"
"Gadarpur","263152","Nainital","Gadarpur","Uttaranchal"
"Gagri Gode","263688","Almora","Almora","Uttaranchal"
"Gairsain","246428","Chamoli","Gairsain","Uttaranchal"
"Ganai","263656","Almora","Almora","Uttaranchal"
"Ganai Deoli","263677","Almora","Almora","Uttaranchal"
"Ganai Gangoli","262532","Pithoragarh","Pithoragarh","Uttaranchal"
"Gangolihat","262522","Pithoragarh","Pithoragarh","Uttaranchal"
"Garampani","263135","Nainital","Nainital","Uttaranchal"
"Garbyang","262546","Pithoragarh","Pithoragarh","Uttaranchal"
"Gauchar","246429","Chamoli","Gauchar","Uttaranchal"
"Gauri Kund","246476","Chamoli","Gopeshwar","Uttaranchal"
"Geonla","249152","Uttarkashi","Uttarkashi","Uttaranchal"
"Geonla","249152","Uttarkashi","Uttarkashi","Uttaranchal"
"Ghanghora","248141","Dehradun","Dehradun","Uttaranchal"
"Ghat","246435","Chamoli","Gopeshwar","Uttaranchal"
"Ghingartola","263610","Almora","Almora","Uttaranchal"
"Gholtir","246438","Chamoli","Gopeshwar","Uttaranchal"
"Ghorakhal","263127","Nainital","Nainital","Uttaranchal"
"Gokulnagar","263147","Nainital","Gokulnagar","Uttaranchal"
"Gopeswar Ho.","246401","Chamoli","Gopeshwar","Uttaranchal"
"Gular Bhoj","262408","Nainital","Nainital","Uttaranchal"
"Guptakashi","246439","Chamoli","Guptakashi","Uttaranchal"
"Gurna","262529","Pithoragarh","Pithoragarh","Uttaranchal"
"Gwaldam","246441","Chamoli","Gwaldam","Uttaranchal"
"Haldi","263146","Nainital","Nainital","Uttaranchal"
"Haldwani Ho.","263139","Nainital","Haldwani","Uttaranchal"
"Haldwani Ho.","263139","Nainital","Haldwani","Uttaranchal"
"Haldwani Ho.","263139","Nainital","Haldwani","Uttaranchal"
"Harrawalla","248160","Dehradun","Dehradun","Uttaranchal"
"Hawal Bagh","263636","Almora","Almora","Uttaranchal"
"Herbertpur","248142","Dehradun","Herbertpur","Uttaranchal"
"I.I.P. Dehradun","248005","Dehradun","Dehradun","Uttaranchal"
"I.P.E. Dehradun","248195","Dehradun","Dehradun","Uttaranchal"
"Jageshwar","263682","Almora","Almora","Uttaranchal"
"Jailhari Khal","246193","Pauri Garhwal","Pauri","Uttaranchal"
"Jainti","263626","Almora","Almora","Uttaranchal"
"Jakhani","246442","Chamoli","Jakhani","Uttaranchal"
"Jalali","263662","Almora","Almora","Uttaranchal"
"Jalna","263625","Almora","Almora","Uttaranchal"
"Jaspur","264712","Nainital","Jaspur","Uttaranchal"
"Jaulijibi","262544","Pithoragarh","Pithoragarh","Uttaranchal"
"Jeolikot","263127","Nainital","Nainital","Uttaranchal"
"Jharipani","248152","Dehradun","Dehradun","Uttaranchal"
"Jhuaghat","262526","Pithoragarh","Pithoragarh","Uttaranchal"
"Joshimath","246443","Chamoli","Joshimath","Uttaranchal"
"Kafra","263675","Almora","Almora","Uttaranchal"
"Kaladhungi","263140","Nainital","Kaladhungi","Uttaranchal"
"Kalagarh","246142","Pauri Garhwal","Kalagarh","Uttaranchal"
"Kalagarh","246142","Pauri Garhwal","Kalagarh","Uttaranchal"
"Kalaghati","246192","Pauri Garhwal","Pauri","Uttaranchal"
"Kaljikhal","246113","Pauri Garhwal","Kaljikhal","Uttaranchal"
"Kalsi","248528","Dehradun","Dehradun","Uttaranchal"
"Kalsi Gate","248159","Dehradun","Dehradun","Uttaranchal"
"Kameri Devi","263640","Almora","Almora","Uttaranchal"
"Kanali Chhina","265441","Pithoragarh","Pithoragarh","Uttaranchal"
"Kanda","263631","Almora","Almora","Uttaranchal"
"Kanda Khal","246144","Pauri Garhwal","Kanda Khal","Uttaranchal"
"Kanskhet","246146","Pauri Garhwal","Kanskhet","Uttaranchal"
"Kapkote","263632","Almora","Almora","Uttaranchal"
"Kapkote","263632","Bageshwar","Bageshwar","Uttaranchal"
"Karan Prayag","246444","Chamoli","Karan Prayag","Uttaranchal"
"Kashipur","244713","Nainital","Kashipur","Uttaranchal"
"Kashipur","244713","Udham Singh Nagar","Kashipur","Uttaranchal"
"Kathiatali","263126","Nainital","Nainital","Uttaranchal"
"Kausani","263630","Almora","Kausani","Uttaranchal"
"Kausani Estate","263629","Almora","Kausani","Uttaranchal"
"Kedar Khal","246456","Chamoli","Gopeshwar","Uttaranchal"
"Khatima","262308","Nainital","Khatima","Uttaranchal"
"Khatima","262308","Udham Singh Nagar","Khatima","Uttaranchal"
"Kheti Khan","262528","Pithoragarh","Pithoragarh","Uttaranchal"
"Khirshn","246147","Pauri Garhwal","Khirshn","Uttaranchal"
"Kichha","263148","Nainital","Kichha","Uttaranchal"
"Kolaghar","248201","Dehradun","Dehradun","Uttaranchal"
"Koragarh","248201","Dehradun","Dehradun","Uttaranchal"
"Korwa","248119","Dehradun","Dehradun","Uttaranchal"
"Kosi","263643","Almora","Almora","Uttaranchal"
"Kot","246148","Pauri Garhwal","Pauri","Uttaranchal"
"Kota Bagh","263159","Nainital","Nainital","Uttaranchal"
"Kotdwar","246149","Pauri Garhwal","Kotdwar","Uttaranchal"
"Kotdwara","246149","Pauri Garhwal","Kotdwara","Uttaranchal"
"Kotdwara Rly St","246149","Pauri Garhwal","Kotdwara","Uttaranchal"
"Koti","248165","Dehradun","Dehradun","Uttaranchal"
"Koti Punarwas Chhatra","248202","Dehradun","Dehradun","Uttaranchal"
"Kuthal","248148","Dehradun","Dehradun","Uttaranchal"
"Lalkua","262402","Nainital","Nainital","Uttaranchal"
"Lamgara","263670","Almora","Almora","Uttaranchal"
"Langasu","246446","Chamoli","Gopeshwar","Uttaranchal"
"Lansdowne Ho.","246155","Pauri Garhwal","Lansdowne","Uttaranchal"
"Lawali","246149","Pauri Garhwal","Pauri","Uttaranchal"
"Laxman Jhula","249302","Pauri Garhwal","Pauri","Uttaranchal"
"Lohaghat","262524","Champawat","Lohaghat","Uttaranchal"
"Lohia Head","262301","Nainital","Nainital","Uttaranchal"
"Mahebawalla","248110","Dehradun","Dehradun","Uttaranchal"
"Mahidanda","249195","Uttarkashi","Uttarkashi","Uttaranchal"
"Maikoti","246448","Rudra Prayag","Rudra Prayag","Uttaranchal"
"Maithana","246458","Chamoli","Maithana","Uttaranchal"
"Majkhali","263652","Almora","Almora","Uttaranchal"
"Majra","248171","Dehradun","Dehradun","Uttaranchal"
"Malari","246447","Chamoli","Gopeshwar","Uttaranchal"
"Manan","263638","Almora","Almora","Uttaranchal"
"Manauri Dam Colony","249194","Uttarkashi","Uttarkashi","Uttaranchal"
"Manora Peak","263129","Nainital","Nainital","Uttaranchal"
"Masi","263658","Almora","Almora","Uttaranchal"
"Matela","263665","Almora","Almora","Uttaranchal"
"Mathurawala","248115","Dehradun","Dehradun","Uttaranchal"
"Maulekhal","244711","Almora","Almora","Uttaranchal"
"Mawadhar","246163","Pauri Garhwal","Mawadhar","Uttaranchal"
"Mehal Chunri","246431","Chamoli","Gopeshwar","Uttaranchal"
"Merthi","262550","Pithoragarh","Pithoragarh","Uttaranchal"
"Mukteswaram","263138","Nainital","Nainital","Uttaranchal"
"Munakote","262519","Pithoragarh","Pithoragarh","Uttaranchal"
"Munsiari","262554","Pithoragarh","Munsiari","Uttaranchal"
"Mussoorie","248179","Dehradun","Mussoorie","Uttaranchal"
"Mussoorie","248179","Dehradun","Mussoorie","Uttaranchal"
"Mussoorie","248179","Dehradun","Mussoorie","Uttaranchal"
"Mussoorie","248179","Dehradun","Mussoorie","Uttaranchal"
"Muwani","262572","Pithoragarh","Pithoragarh","Uttaranchal"
"N.S.Ashram","263158","Nainital","Nainital","Uttaranchal"
"Nainidada","246161","Pauri Garhwal","Nainidada","Uttaranchal"
"Nainital Ho.","263001","Nainital","Nainital","Uttaranchal"
"Naithana","246175","Pauri Garhwal","Naithana","Uttaranchal"
"Najibabad Road","246149","Pauri Garhwal","Kotdwara","Uttaranchal"
"Nakote","262561","Pithoragarh","Pithoragarh","Uttaranchal"
"Nalgaon","246453","Chamoli","Gopeshwar","Uttaranchal"
"Nanakmatta","262311","Nainital","Nainital","Uttaranchal"
"Nand Prayag","246449","Chamoli","Nand Prayag","Uttaranchal"
"Narain Bazar","246455","Chamoli","Gopeshwar","Uttaranchal"
"Naugaon","249171","Uttarkashi","Uttarkashi","Uttaranchal"
"Naugaon","249171","Uttarkashi","Uttarkashi","Uttaranchal"
"Naugaon Khal","246162","Pauri Garhwal","Naugaon Khal","Uttaranchal"
"Nauli","246452","Chamoli","Gopeshwar","Uttaranchal"
"Nauti","246487","Chamoli","Gopeshwar","Uttaranchal"
"Nehrugram","248008","Dehradun","Dehradun","Uttaranchal"
"New Forest","248006","Dehradun","Dehradun","Uttaranchal"
"Okhimath","246469","Chamoli","Okhimath","Uttaranchal"
"Okhul Kanda","263157","Nainital","Nainital","Uttaranchal"
"Pabua","246164","Pauri Garhwal","Pabua","Uttaranchal"
"Padampur","246191","Pauri Garhwal","Kotdwar","Uttaranchal"
"Paidul","246165","Pauri Garhwal","Paidul","Uttaranchal"
"Palla Bazar","246470","Chamoli","Gopeshwar","Uttaranchal"
"Pangu","262547","Pithoragarh","Pithoragarh","Uttaranchal"
"Pankhu","262533","Pithoragarh","Pithoragarh","Uttaranchal"
"Pant Nagar","263145","Nainital","Pant Nagar","Uttaranchal"
"Panuvanoula","263623","Almora","Almora","Uttaranchal"
"Parsundakhal","246166","Pauri Garhwal","Parsundakhal","Uttaranchal"
"Pashulok","248203","Dehradun","Dehradun","Uttaranchal"
"Patia","263669","Almora","Almora","Uttaranchal"
"Pattisain","246167","Pauri Garhwal","Pattisain","Uttaranchal"
"Patwa Banger","263128","Nainital","Nainital","Uttaranchal"
"Paukhal","246168","Pauri Garhwal","Paukhal","Uttaranchal"
"Pauri Ho","246001","Pauri Garhwal","Pauri","Uttaranchal"
"Phata","246471","Chamoli","Gopeshwar","Uttaranchal"
"Pikhi","279181","Uttarkashi","Uttarkashi","Uttaranchal"
"Pilkholi","263671","Almora","Almora","Uttaranchal"
"Pipalkoti","246472","Chamoli","Pipalkoti","Uttaranchal"
"Pithoragarh Ho.","262501","Pithoragarh","Pithoragarh","Uttaranchal"
"Pithoragarh Ho.","262501","Pithoragarh","Pithoragarh","Uttaranchal"
"Pokhari Nagnath","246473","Chamoli","Gopeshwar","Uttaranchal"
"Porhra","246169","Pauri Garhwal","Porhra","Uttaranchal"
"Prem Nagar","248007","Dehradun","Dehradun","Uttaranchal"
"Purola","249185","Uttarkashi","Uttarkashi","Uttaranchal"
"Purola","249185","Uttarkashi","Uttarkashi","Uttaranchal"
"Quitee","262575","Pithoragarh","Pithoragarh","Uttaranchal"
"R.C. Rudarpur","263154","Nainital","Rudrapur","Uttaranchal"
"R.T.C. Mempur","244716","Nainital","Nainital","Uttaranchal"
"Raipur Ordinance Factory","248008","Dehradun","Raipur","Uttaranchal"
"Raiwala","249205","Dehradun","Raiwala","Uttaranchal"
"Rajpur","248009","Dehradun","Dehradun","Uttaranchal"
"Rajpur","248009","Dehradun","Dehradun","Uttaranchal"
"Ram Nagar","244715","Nainital","Ram Nagar","Uttaranchal"
"Ramgarh","263137","Nainital","Ramgarh","Uttaranchal"
"Ranikhet Ho.","263645","Almora","Almora","Uttaranchal"
"Ranikhet Sadar Bazar","263648","Almora","Almora","Uttaranchal"
"Raniphool Devi","248145","Dehradun","Dehradun","Uttaranchal"
"Ranjhawala","248116","Dehradun","Dehradun","Uttaranchal"
"Rikhani Khal","246170","Pauri Garhwal","Rikhani Khal","Uttaranchal"
"Rishikesh","249201","Dehradun","Rishikesh","Uttaranchal"
"Rithakhal","246132","Pauri Garhwal","Rithakhal","Uttaranchal"
"Roorkee","247667","Hardwar","Roorkee","Uttaranchal"
"Roorkee Cantt","247667","Hardwar","Roorkee","Uttaranchal"
"Roorkee City","247667","Hardwar","Roorkee","Uttaranchal"
"Rudra Prayag","246171","Pauri Garhwal","Rudra Prayag","Uttaranchal"
"Rudra Prayag","246171","Rudra Prayag","Rudra Prayag","Uttaranchal"
"Rudrapur","263153","Nainital","Rudrapur","Uttaranchal"
"S.N. Temple","249204","Dehradun","Dehradun","Uttaranchal"
"Sahaspur","248197","Dehradun","Dehradun","Uttaranchal"
"Sahastradhra","248102","Dehradun","Dehradun","Uttaranchal"
"Sahiya","248196","Dehradun","Dehradun","Uttaranchal"
"Sai Camp","262403","Nainital","Nainital","Uttaranchal"
"Satpuri","246172","Pauri Garhwal","Satpuri","Uttaranchal"
"Sattal","263155","Nainital","Nainital","Uttaranchal"
"Shakti Farm","263151","Nainital","Nainital","Uttaranchal"
"Sharma","263633","Almora","Almora","Uttaranchal"
"Shittakhet","263678","Almora","Almora","Uttaranchal"
"Sillogl","246173","Pauri Garhwal","Sillogl","Uttaranchal"
"Simadwar","248146","Dehradun","Dehradun","Uttaranchal"
"Simli","246474","Chamoli","Gopeshwar","Uttaranchal"
"Sinora","263676","Almora","Almora","Uttaranchal"
"Sittarganj","261405","Nainital","Bughani","Uttaranchal"
"Sonla","246450","Chamoli","Gopeshwar","Uttaranchal"
"Srinagar","246174","Pauri Garhwal","Srinagar","Uttaranchal"
"Sugar Factory Nadehi","244717","Nainital","Nainital","Uttaranchal"
"Sugar Mill Kashipur","244714","Nainital","Nainital","Uttaranchal"
"Sultanpur","262125","Nainital","Sittarganj","Uttaranchal"
"Swargasharm","249304","Pauri Garhwal","Pauri","Uttaranchal"
"Syalde","263661","Almora","Almora","Uttaranchal"
"Syunsi Nagar","246278","Pauri Garhwal","Pauri","Uttaranchal"
"Takula","263628","Almora","Almora","Uttaranchal"
"Tallitul","263002","Nainital","Nainital","Uttaranchal"
"Tallitul","263002","Nainital","Nainital","Uttaranchal"
"Talwari","246482","Chamoli","Gopeshwar","Uttaranchal"
"Tanakpur","262309","Champawat","Champawat","Uttaranchal"
"Tarikhet","263663","Almora","Almora","Uttaranchal"
"Tejam","262553","Pithoragarh","Pithoragarh","Uttaranchal"
"Thal","262552","Pithoragarh","Pithoragarh","Uttaranchal"
"Thalisain","246285","Pauri Garhwal","Pauri","Uttaranchal"
"Tharali","246481","Chamoli","Gopeshwar","Uttaranchal"
"Tilwara","246475","Rudra Prayag","Rudra Prayag","Uttaranchal"
"Toli","246176","Pauri Garhwal","Toli","Uttaranchal"
"Topowan","246485","Chamoli","Topowan","Uttaranchal"
"Tuini","248199","Dehradun","Dehradun","Uttaranchal"
"Uprani","263686","Almora","Almora","Uttaranchal"
"Uttarkashi","249193","Uttarkashi","Uttarkashi","Uttaranchal"
"Vedikhal","246177","Pauri Garhwal","Vedikhal","Uttaranchal"
"Vidhya Peeth","246437","Chamoli","Gopeshwar","Uttaranchal"
"Vikas Nagar","248191","Dehradun","Vikas Nagar","Uttaranchal"
"Virbhadra","249202","Dehradun","Dehradun","Uttaranchal"
"Wadda","262521","Pithoragarh","Pithoragarh","Uttaranchal"
"Yamkeshwar","246281","Pauri Garhwal","Pauri","Uttaranchal"
"A B V Township Durgapur","713206","Bardhaman","Bardhaman","West Bengal"
"A P Bagdogra","734421","Darjeeling","Darjiling","West Bengal"
"A Road","711106","Howrah","Howrah","West Bengal"
"Abhoy Guha Road","711204","Howrah","kolkata","West Bengal"
"Abinash Choudhury Lane","700046","Calcutta","Kolkata","West Bengal"
"Abinashpur","731121","Birbhum","Suri","West Bengal"
"Achipur","743301","South 24 Parganas","Barast","West Bengal"
"Adarpara","735101","Jalpaiguri","Jalpaiguri","West Bengal"
"Adconagar","712121","Hooghly","Chinsurah","West Bengal"
"Adra","723121","Purulia","Adra","West Bengal"
"Adrahati","713428","Bardhaman","Bardhaman","West Bengal"
"Agarpara","743177","North 24 Parganas","Alipore","West Bengal"
"Agra Harish Chandrapura","732153","Malda","English Bazar","West Bengal"
"Agricultural Firm","713101","Bardhaman","Bardhaman","West Bengal"
"Ahirah","742234","Murshidabad","Berhampore","West Bengal"
"Ahiritola","700005","Calcutta","Kolkata","West Bengal"
"Ahmedpur","731201","Birbhum","Suri","West Bengal"
"Aiho","732121","Malda","Aiho","West Bengal"
"Ajhapur","713401","Bardhaman","Bardhaman","West Bengal"
"Akalpoush","713157","Bardhaman","Bardhaman","West Bengal"
"Akui","722201","Bankura","Bankura","West Bengal"
"Alam Bazar","700035","North 24 Parganas","Alipore","West Bengal"
"Alam Bazar","700035","North 24 Parganas","Alipore","West Bengal"
"Alam Bazar","700035","North 24 Parganas","Alipore","West Bengal"
"Alam Bazar","700035","North 24 Parganas","Alipore","West Bengal"
"Alambazar","700035","Calcutta","Kolkata","West Bengal"
"Algarah","734314","Darjeeling","Darjiling","West Bengal"
"Alipore Bodyguard Line","700027","Calcutta","Kolkata","West Bengal"
"Alipore Civil Court","700027","Calcutta","Kolkata","West Bengal"
"Alipore District Board","700027","Calcutta","Kolkata","West Bengal"
"Alipore H O","700027","Calcutta","Kolkata","West Bengal"
"Alipore Store Yard","700027","Calcutta","Kolkata","West Bengal"
"Alipurduar","736121","Jalpaiguri","Alipurduar","West Bengal"
"Alipurduar Court","736122","Jalpaiguri","Jalpaiguri","West Bengal"
"Alipurduar New Town","736121","Jalpaiguri","Jalpaiguri","West Bengal"
"Amadpur","713154","Bardhaman","Bardhaman","West Bengal"
"Amarargarh","713155","Bardhaman","Bardhaman","West Bengal"
"Amarasota","713358","Bardhaman","Bardhaman","West Bengal"
"Amarshi","721454","Midnapur","Medinipur","West Bengal"
"Ambari Bagan","735201","Jalpaiguri","Jalpaiguri","West Bengal"
"Amghata","741318","Nadiad","Krishnagar","West Bengal"
"Amin Bazar","741101","Hooghly","Chinsurah","West Bengal"
"Amiyanarayanpur","741186","Nadiad","Krishnagar","West Bengal"
"Amladehi","713331","Bardhaman","Bardhaman","West Bengal"
"Amlagora","721121","Bankura","Bankura","West Bengal"
"Amlagord","721121","Midnapur","Medinipur","West Bengal"
"Amravati","713214","Medinipur","Medinipur","West Bengal"
"Amrita Bazar","700003","Calcutta","Kolkata","West Bengal"
"Amrity","732208","Malda","English Bazar","West Bengal"
"Amta","711401","Howrah","Howrah","West Bengal"
"Amtala","742121","Murshidabad","Amtala","West Bengal"
"Ananda Bazar Patrika","700001","Calcutta","Kolkata","West Bengal"
"Anandapur","721122","Bankura","Bankura","West Bengal"
"Anantapur","711301","Howrah","Howrah","West Bengal"
"Anara Rs","723126","Purulia","Puruliya","West Bengal"
"Andal","713321","Bardhaman","Bardhaman","West Bengal"
"Andal South Bazar","713321","Bardhaman","Bardhaman","West Bengal"
"Andharia","721519","Midnapur","Medinipur","West Bengal"
"Andi","742168","Murshidabad","Berhampore","West Bengal"
"Andul Mauri","711302","Howrah","Howrah","West Bengal"
"Andul Road","711103","Howrah","Howrah","West Bengal"
"Angadpur","713215","Bardhaman","Bardhaman","West Bengal"
"Anishmall","741253","Nadiad","Krishnagar","West Bengal"
"Antpar","712424","Hooghly","Chinsurah","West Bengal"
"Anulia","741255","Nadiad","Krishnagar","West Bengal"
"Aradanga","732214","Malda","English Bazar","West Bengal"
"Arambagh Court","712601","Hooghly","Chinsurah","West Bengal"
"Arambagh H O","712601","Hooghly","Chinsurah","West Bengal"
"Aranghata","741501","Nadiad","Krishnagar","West Bengal"
"Arangiklarana","721642","Midnapur","Medinipur","West Bengal"
"Arapur","732143","Malda","English Bazar","West Bengal"
"Arbelia","743402","North 24 Parganas","Alipore","West Bengal"
"Archana","700007","Calcutta","Kolkata","West Bengal"
"Archarya Jagadish","700020","Calcutta","Kolkata","West Bengal"
"Argoal","721456","Midnapur","Medinipur","West Bengal"
"Ariadaha","700057","South 24 Parganas","24 Parganas","West Bengal"
"Ariadaha","700057","North 24 Parganas","Alipore","West Bengal"
"Arjuni","721164","Midnapur","Medinipur","West Bengal"
"Arjunpur Bdn","713402","Bardhaman","Bardhaman","West Bengal"
"Arkhali Amdanga","743221","North 24 Parganas","Alipore","West Bengal"
"Arpara","741195","Nadiad","Krishnagar","West Bengal"
"Arrah","723166","Purulia","Puruliya","West Bengal"
"Arsha","723216","Purulia","Puruliya","West Bengal"
"Aruar","713121","Bardhaman","Bardhaman","West Bengal"
"Arunpur","742231","Murshidabad","Berhampore","West Bengal"
"Asachia","741194","Nadiad","Krishnagar","West Bengal"
"Asan Nagar","741161","Nadiad","Krishnagar","West Bengal"
"Asansol Bazar","713301","Bardhaman","Bardhaman","West Bengal"
"Asansol Court","713304","Bardhaman","Bardhaman","West Bengal"
"Asansol H O","713301","Bardhaman","Bardhaman","West Bengal"
"Ashok Nagar","743222","North 24 Parganas","Alipore","West Bengal"
"Ashok Nagar","743222","North 24 Parganas","Alipore","West Bengal"
"Ashokegarh","700035","Calcutta","Kolkata","West Bengal"
"Athpur","743128","North 24 Parganas","Alipore","West Bengal"
"Atuhatpara","713130","Bardhaman","Bardhaman","West Bengal"
"Aurangabad","742201","Murshidabad","Aurangabad","West Bengal"
"Aushgram","713156","Bardhaman","Bardhaman","West Bengal"
"Ayemanawabpur","712155","Hooghly","Chinsurah","West Bengal"
"Azimganj","742122","Murshidabad","Berhampore","West Bengal"
"Badartala","700044","Calcutta","Kolkata","West Bengal"
"Badartala","743413","North 24 Parganas","Alipore","West Bengal"
"Badartala","700044","South 24 Parganas","Barast","West Bengal"
"Badenganj","712122","Hooghly","Chinsurah","West Bengal"
"Badkulla","741121","Nadiad","Krishnagar","West Bengal"
"Badu","743202","North 24 Parganas","Alipore","West Bengal"
"Baduria","743401","North 24 Parganas","Baduria","West Bengal"
"Bagchi","741122","Nadiad","Krishnagar","West Bengal"
"Bagdah","743232","North 24 Parganas","Alipore","West Bengal"
"Bagdanga","742138","Murshidabad","Berhampore","West Bengal"
"Bagdogra","734422","Darjeeling","Darjiling","West Bengal"
"Bagdogra Air Port","734421","Darjeeling","Darjiling","West Bengal"
"Bagdola","731253","Birbhum","Suri","West Bengal"
"Bagdowara","731304","Birbhum","Suri","West Bengal"
"Bagh Bazar","700003","Calcutta","Kolkata","West Bengal"
"Bagh Mandi","723152","Purulia","Puruliya","West Bengal"
"Bagha Jain","700086","South 24 Parganas","Barast","West Bengal"
"Bagha Jatin","700086","South 24 Parganas","24 Parganas","West Bengal"
"Bagnan","711303","Howrah","Bagnan","West Bengal"
"Bagnapara","713501","Bardhaman","Bardhaman","West Bengal"
"Bagrakote","734501","Darjeeling","Darjiling","West Bengal"
"Bagri Krishnagar","721123","Midnapur","Medinipur","West Bengal"
"Baguiati Super Market","700059","Calcutta","Kolkata","West Bengal"
"Bagula","741502","Nadiad","Krishnagar","West Bengal"
"Bahadurpur","741183","Nadiad","Krishnagar","West Bengal"
"Bahin","733157","West Dinajpur","West Dinajpur","West Bengal"
"Bahiri","731240","Birbhum","Suri","West Bengal"
"Bahula","713322","Bardhaman","Bahula","West Bengal"
"Baidvabati","712222","Hooghly","Chinsurah","West Bengal"
"Baidyanathpur","731136","Birbhum","Suri","West Bengal"
"Baidyapur","713122","Bardhaman","Bardhaman","West Bengal"
"Baishnab Nagar","732210","Malda","English Bazar","West Bengal"
"Baishnabchak","721158","Bankura","Bankura","West Bengal"
"Baishnali Chak","721158","Midnapur","Medinipur","West Bengal"
"Baisnabpara Bazar","711102","Howrah","Howrah","West Bengal"
"Baita Bazar","721421","Midnapur","Medinipur","West Bengal"
"Bajepratappur","713101","Bardhaman","Bardhaman","West Bengal"
"Bakery Road","700022","Calcutta","Kolkata","West Bengal"
"Bakrahat","743377","South 24 Parganas","Barast","West Bengal"
"Bakreswar","731134","Birbhum","Suri","West Bengal"
"Bakshaduar","736130","Jalpaiguri","Jalpaiguri","West Bengal"
"Bakshirhat","736131","Coochbehar","Koch Bihar","West Bengal"
"Bakta","713431","Bardhaman","Bardhaman","West Bengal"
"Bakultala","711109","Howrah","Canning - II","West Bengal"
"Bakultala","743608","South 24 Parganas","Barast","West Bengal"
"Balagarh","712501","Hooghly","Chinsurah","West Bengal"
"Balairhat","736132","Coochbehar","Koch Bihar","West Bengal"
"Balakdih","723128","Purulia","Puruliya","West Bengal"
"Balaram Dharma Sopan","743121","North 24 Parganas","Alipore","West Bengal"
"Baliadanga","741187","Nadiad","Krishnagar","West Bengal"
"Baliadanga Faridpur","741166","Nadiad","Krishnagar","West Bengal"
"Balichak","721124","Midnapur","Balichak","West Bengal"
"Balidangri","721139","Bankura","Bankura","West Bengal"
"Balidiwanganj","712616","Hooghly","Chinsurah","West Bengal"
"Baligeria","721125","Midnapur","Medinipur","West Bengal"
"Balighai","721442","Midnapur","Medinipur","West Bengal"
"Balishai","721423","Midnapur","Medinipur","West Bengal"
"Ballavpur","713323","Bardhaman","Ballavpur","West Bengal"
"Bally","711201","Howrah","Bally","West Bengal"
"Bally Gosamipara Road","711201","Howrah","Howrah","West Bengal"
"Ballygunge","700019","Calcutta","Kolkata","West Bengal"
"Ballygunge R S","700019","Calcutta","Kolkata","West Bengal"
"Ballygunge Science College","700019","Calcutta","Kolkata","West Bengal"
"Balpahari","721501","Midnapur","Medinipur","West Bengal"
"Baltikuri","711402","Howrah","Howrah","West Bengal"
"Balurghat Ho.","733101","West Dinajpur","West Dinajpur","West Bengal"
"Balurghat Ho.","733101","West Dinajpur","West Dinajpur","West Bengal"
"Balurghat Ho.","733101","West Dinajpur","West Dinajpur","West Bengal"
"Balurghat Ho.","733101","West Dinajpur","West Dinajpur","West Bengal"
"Balurghat Ho.","733101","West Dinajpur","West Dinajpur","West Bengal"
"Balurghat Ho.","733101","West Dinajpur","West Dinajpur","West Bengal"
"Bamangola","732147","Malda","English Bazar","West Bengal"
"Bamanhat","736168","Coochbehar","Koch Bihar","West Bengal"
"Bamboovilla","700014","Calcutta","Kolkata","West Bengal"
"Bamunpara","713146","Bardhaman","Bardhaman","West Bengal"
"Banarhat","735202","Jalpaiguri","Jalpaiguri","West Bengal"
"Banchukamari","736122","Jalpaiguri","Jalpaiguri","West Bengal"
"Bandel Junction","712123","Hooghly","Chinsurah","West Bengal"
"Bandhaghat","711106","Howrah","Howrah","West Bengal"
"Baneswar","736133","Coochbehar","Koch Bihar","West Bengal"
"Bangal Jhee","741123","Nadiad","Krishnagar","West Bengal"
"Bangur Avenue","700055","Calcutta","Kolkata","West Bengal"
"Bangur Avenue","700055","North 24 Parganas","Alipore","West Bengal"
"Bangur Avenue","700055","North 24 Parganas","Alipore","West Bengal"
"Bangurpark","712248","Hooghly","Chinsurah","West Bengal"
"Banipur","743233","North 24 Parganas","Alipore","West Bengal"
"Banipur Howrah","711304","Howrah","Howrah","West Bengal"
"Bank","711403","Howrah","Howrah","West Bengal"
"Bankim Park","734301","Darjeeling","Darjiling","West Bengal"
"Bankura District","722101","Bankura","Bankura","West Bengal"
"Bankura H O","722101","Bankura","Bankura","West Bengal"
"Bannabagram","713152","Bardhaman","Bardhaman","West Bengal"
"Banpur","741503","Nadiad","Krishnagar","West Bengal"
"Bansbari","732104","Malda","English Bazar","West Bengal"
"Bansberia","712502","Hooghly","Bansberia","West Bengal"
"Bansberia Bazar","712502","Hooghly","Chinsurah","West Bengal"
"Bansdroni","700070","South 24 Parganas","Barast","West Bengal"
"Banshibari","733147","West Dinajpur","West Dinajpur","West Bengal"
"Banwaribad Raj","713123","Bardhaman","Bardhaman","West Bengal"
"Bara Andulia","741124","Nadiad","Krishnagar","West Bengal"
"Bara Atagi","741176","Nadiad","Krishnagar","West Bengal"
"Bara Nagar","700036","North 24 Parganas","Alipore","West Bengal"
"Barabagan","731103","Birbhum","Suri","West Bengal"
"Barabani","713366","Bardhaman","Bardhaman","West Bengal"
"Barabazar H O","700007","Calcutta","Kolkata","West Bengal"
"Barabelun","713158","Bardhaman","Bardhaman","West Bengal"
"Barabhu","723127","Purulia","Puruliya","West Bengal"
"Barabisha","736207","Jalpaiguri","Jalpaiguri","West Bengal"
"Barachand Gaon","741196","Nadiad","Krishnagar","West Bengal"
"Baradangal","712617","Hooghly","Chinsurah","West Bengal"
"Baradhemo","713367","Bardhaman","Bardhaman","West Bengal"
"Baradighi","735230","Jalpaiguri","Jalpaiguri","West Bengal"
"Barajaballavpur","721462","Midnapur","Medinipur","West Bengal"
"Barajagulia","741221","Nadiad","Krishnagar","West Bengal"
"Barakar","713324","Bardhaman","Bardhaman","West Bengal"
"Barale","742235","Murshidabad","Berhampore","West Bengal"
"Baralunda","731144","Birbhum","Suri","West Bengal"
"Baramitrapara","713409","Bardhaman","Bardhaman","West Bengal"
"Baranagar","700036","Calcutta","Baranagar","West Bengal"
"Barapalason","713429","Bardhaman","Bardhaman","West Bengal"
"Barasahebs Hat","700044","Calcutta","Kolkata","West Bengal"
"Barasahib'S Hat","700044","South 24 Parganas","Barast","West Bengal"
"Barasar Ho.","743201","North 24 Parganas","Alipore","West Bengal"
"Barasar Ho.","743201","North 24 Parganas","Alipore","West Bengal"
"Barasat","712136","Hooghly","Barasat","West Bengal"
"Barduary","732151","Malda","English Bazar","West Bengal"
"Bargachia","711404","Howrah","Howrah","West Bengal"
"Bargola","723161","Purulia","Puruliya","West Bengal"
"Barhra","731122","Birbhum","Suri","West Bengal"
"Barisha","700008","Calcutta","Kolkata","West Bengal"
"Barisha","700008","South 24 Parganas","Barast","West Bengal"
"Barisha","700008","South 24 Parganas","Barast","West Bengal"
"Barnia","741168","Nadiad","Krishnagar","West Bengal"
"Barrackpore Ho.","743101","North 24 Parganas","Alipore","West Bengal"
"Barrackpore Ho.","743101","North 24 Parganas","Alipore","West Bengal"
"Barrackpore Ho.","743101","North 24 Parganas","Alipore","West Bengal"
"Barrackpore Ho.","743101","North 24 Parganas","Alipore","West Bengal"
"Barrackpore Ho.","743101","North 24 Parganas","Alipore","West Bengal"
"Barsul Unnayani","713124","Bardhaman","Bardhaman","West Bengal"
"Bartala","700018","Calcutta","Kolkata","West Bengal"
"Bartala","700018","South 24 Parganas","Barast","West Bengal"
"Barua","742109","Murshidabad","Berhampore","West Bengal"
"Baruipara","731101","Birbhum","Suri","West Bengal"
"Baruipara","742165","Murshidabad","Berhampore","West Bengal"
"Baruipur Ho.","743302","South 24 Parganas","Barast","West Bengal"
"Barwan","742132","Murshidabad","Berhampore","West Bengal"
"Basak Bagan","700048","Calcutta","Kolkata","West Bengal"
"Basanti","743312","South 24 Parganas","Barast","West Bengal"
"Basantia","721442","Midnapur","Medinipur","West Bengal"
"Basiriat College","743412","North 24 Parganas","Alipore","West Bengal"
"Basiriat Ho.","743411","North 24 Parganas","Alipore","West Bengal"
"Basiriat Rs","743412","North 24 Parganas","Alipore","West Bengal"
"Basudevpur","700056","Uttar Dinajpur","Raigung","West Bengal"
"Baswa","731202","Birbhum","Suri","West Bengal"
"Bata Nagar","743313","South 24 Parganas","Barast","West Bengal"
"Batanal","712615","Hooghly","Chinsurah","West Bengal"
"Batiatala","711103","Howrah","Howrah","West Bengal"
"Batikar","731147","Birbhum","Suri","West Bengal"
"Bauria","711305","Howrah","Howrah","West Bengal"
"Bautia","731251","Birbhum","Suri","West Bengal"
"Bazar Colony","712103","Hooghly","Chinsurah","West Bengal"
"Beadon Street","700006","Calcutta","Kolkata","West Bengal"
"Bediadanga","700039","Calcutta","Kolkata","West Bengal"
"Bediapara","700077","South 24 Parganas","24 Parganas","West Bengal"
"Begampur","712306","Hooghly","Begampur","West Bengal"
"Begopara","741256","Nadiad","Krishnagar","West Bengal"
"Begri","711411","Howrah","Howrah","West Bengal"
"Begunia Bazar","713324","Bardhaman","Bardhaman","West Bengal"
"Begunkodar","723214","Purulia","Puruliya","West Bengal"
"Behala","700034","Calcutta","Kolkata","West Bengal"
"Behala","700034","South 24 Parganas","Barast","West Bengal"
"Behala","700034","South 24 Parganas","Barast","West Bengal"
"Behala","700034","South 24 Parganas","Barast","West Bengal"
"Behala","700034","South 24 Parganas","Barast","West Bengal"
"Behala","700034","South 24 Parganas","Barast","West Bengal"
"Behala Municipal Market","700034","Calcutta","Kolkata","West Bengal"
"Bejoy Garh","700032","Calcutta","Kolkata","West Bengal"
"Belatala Park","733103","West Dinajpur","West Dinajpur","West Bengal"
"Belda","721424","Midnapur","Medinipur","West Bengal"
"Beleanga","742133","Murshidabad","Berhampore","West Bengal"
"Beleghata H O","700010","Calcutta","Kolkata","West Bengal"
"Belgachi","734423","Darjeeling","Darjiling","West Bengal"
"Belgachia","700037","Calcutta","Kolkata","West Bengal"
"Belgachia Manshatala","711105","Howrah","Howrah","West Bengal"
"Belgachia Road","700037","Calcutta","Kolkata","West Bengal"
"Belgharia H O","700056","Dakshin Dinajpur","Balurghat","West Bengal"
"Belgharia Ho.","700056","North 24 Parganas","Alipore","West Bengal"
"Belgharia Ho.","700056","North 24 Parganas","Alipore","West Bengal"
"Belgharia Ho.","700056","North 24 Parganas","Alipore","West Bengal"
"Belgharia Ho.","700056","North 24 Parganas","Alipore","West Bengal"
"Belgharia Ho.","700056","North 24 Parganas","Alipore","West Bengal"
"Belgharia Ho.","700056","North 24 Parganas","Alipore","West Bengal"
"Belgharia Ho.","700056","North 24 Parganas","Alipore","West Bengal"
"Belgharia Mohini Mills","700056","Dakshin Dinajpur","Balurghat","West Bengal"
"Beliatore","722203","Bankura","Beliatore","West Bengal"
"Belmuri","712309","Hooghly","Chinsurah","West Bengal"
"Beloon","712156","Hooghly","Chinsurah","West Bengal"
"Belpukur","741125","Nadiad","Krishnagar","West Bengal"
"Beltala Park","733103","West Dinajpur","West Dinajpur","West Bengal"
"Belu Bazar","711202","Howrah","Howrah","West Bengal"
"Belurmath","711202","Howrah","Howrah","West Bengal"
"Benachiti","713213","Medinipur","Medinipur","West Bengal"
"Benachity Market","713204","Medinipur","Medinipur","West Bengal"
"Benali","713375","Bardhaman","Bardhaman","West Bengal"
"Bengai","712611","Hooghly","Chinsurah","West Bengal"
"Bengal Chemical","700054","Calcutta","Kolkata","West Bengal"
"Bengal Enamel","743122","North 24 Parganas","Alipore","West Bengal"
"Bengal Immunity","700036","Calcutta","Kolkata","West Bengal"
"Bengdubi","734424","Darjeeling","Darjiling","West Bengal"
"Beraballavpara","743234","North 24 Parganas","Alipore","West Bengal"
"Berhampore Ho.","742101","Murshidabad","Berhampore","West Bengal"
"Berhampore Ho.","742101","Murshidabad","Berhampore","West Bengal"
"Berhampore Ho.","742101","Murshidabad","Berhampore","West Bengal"
"Berhampore Ho.","742101","Murshidabad","Berhampore","West Bengal"
"Berhampore Ho.","742101","Murshidabad","Berhampore","West Bengal"
"Berhampore Ho.","742101","Murshidabad","Berhampore","West Bengal"
"Berhampore Ho.","742101","Murshidabad","Berhampore","West Bengal"
"Berhampore Ho.","742101","Murshidabad","Berhampore","West Bengal"
"Berhampore Ho.","742101","Murshidabad","Berhampore","West Bengal"
"Berubari","735137","Jalpaiguri","Jalpaiguri","West Bengal"
"Betai","741163","Nadiad","Krishnagar","West Bengal"
"Bethuadahari","741126","Nadiad","Krishnagar","West Bengal"
"Bhabanipur","731142","Birbhum","Suri","West Bengal"
"Bhabla","743436","North 24 Parganas","Alipore","West Bengal"
"Bhabta","742134","Murshidabad","Berhampore","West Bengal"
"Bhadrakali","712232","Hooghly","Chinsurah","West Bengal"
"Bhadrapur","731203","Birbhum","Suri","West Bengal"
"Bhadreswar","712124","Hooghly","Bhadreswar","West Bengal"
"Bhaduriapara","713409","Bardhaman","Bardhaman","West Bengal"
"Bhadurpur","713374","Bardhaman","Bardhaman","West Bengal"
"Bhagabangola","742135","Murshidabad","Berhampore","West Bengal"
"Bhagwanpur","721601","Midnapur","Medinipur","West Bengal"
"Bhairb Dutta Lane","711106","Howrah","Howrah","West Bengal"
"Bhakti Nagar","734425","Darjeeling","Darjiling","West Bengal"
"Bhanderhati","712301","Hooghly","Chinsurah","West Bengal"
"Bhangar","743502","North 24 Parganas","Alipore","West Bengal"
"Bhanuegram","734101","Darjeeling","Darjiling","West Bengal"
"Bharatpur","742301","Murshidabad","Berhampore","West Bengal"
"Bhatar","713125","Bardhaman","Bardhaman","West Bengal"
"Bhatkunda","713153","Bardhaman","Bardhaman","West Bengal"
"Bhato Chandipur","732154","Malda","English Bazar","West Bengal"
"Bhatoli","743123","North 24 Parganas","Alipore","West Bengal"
"Bhatra Bhabanipur","731249","Birbhum","Suri","West Bengal"
"Bhatta Nagar","711203","Howrah","Howrah","West Bengal"
"Bhawanipore","700025","Calcutta","Kolkata","West Bengal"
"Bhebia","743422","North 24 Parganas","Alipore","West Bengal"
"Bhedia","713126","Bardhaman","Bardhaman","West Bengal"
"Bheduasole","722121","Bankura","Bankura","West Bengal"
"Bhimpur","741167","Nadiad","Krishnagar","West Bengal"
"Bhingole","732162","Malda","English Bazar","West Bengal"
"Bhogpur","721151","Bankura","Bankura","West Bengal"
"Bhogpur","721151","Midnapur","Medinipur","West Bengal"
"Bhotepatti","735305","Jalpaiguri","Jalpaiguri","West Bengal"
"Bhupalpur","733143","West Dinajpur","West Dinajpur","West Bengal"
"Bhupatai Nagar","721425","Midnapur","Medinipur","West Bengal"
"Bhuri","713432","Bardhaman","Bardhaman","West Bengal"
"Bhutia Busty","734101","Darjeeling","Darjiling","West Bengal"
"Bibiganj","721101","Bankura","Bankura","West Bengal"
"Bidhan Nagar","700064","South 24 Parganas","Bidhan Nagar","West Bengal"
"Bidhan Nagar","700064","North 24 Parganas","Bidhan Nagar","West Bengal"
"Bidhan Nagar","700064","North 24 Parganas","Bidhan Nagar","West Bengal"
"Bidhan Nagar","700064","North 24 Parganas","Bidhan Nagar","West Bengal"
"Bidhan Nagar A E Block","700056","South 24 Parganas","24 Parganas","West Bengal"
"Bidhan Nagar Bdn","713212","Bardhaman","Bardhaman","West Bengal"
"Bidhan Sarani","700006","Calcutta","Kolkata","West Bengal"
"Bidhangarh","700066","Calcutta","Kolkata","West Bengal"
"Bidhangarh","700066","South 24 Parganas","Barast","West Bengal"
"Bidyanagar","741319","Nadiad","Krishnagar","West Bengal"
"Bijanbari","734201","Darjeeling","Darjiling","West Bengal"
"Bijoyganj Bazar","743343","South 24 Parganas","Barast","West Bengal"
"Bikram Nagar Palli","712103","Hooghly","Chinsurah","West Bengal"
"Billagaram","741197","Nadiad","Krishnagar","West Bengal"
"Bindole","733156","West Dinajpur","West Dinajpur","West Bengal"
"Binnaguri","735203","Jalpaiguri","Jalpaiguri","West Bengal"
"Binpur","721502","Midnapur","Medinipur","West Bengal"
"Biragar","741127","Nadiad","Krishnagar","West Bengal"
"Birati","700051","Calcutta","Kolkata","West Bengal"
"Birati","700051","North 24 Parganas","Alipore","West Bengal"
"Birbhum Collectorate","731101","Birbhum","Suri","West Bengal"
"Birlapur","743318","South 24 Parganas","Birlapur","West Bengal"
"Birpara","735204","Jalpaiguri","Jalpaiguri","West Bengal"
"Birpara Bazar","735204","Jalpaiguri","Jalpaiguri","West Bengal"
"Birsingha","721256","Midnapur","Medinipur","West Bengal"
"Bishnupur","712601","Hooghly","Bishnupur","West Bengal"
"Bishnupur Bankura","722122","Bankura","Bankura","West Bengal"
"Bishnupur Birbhum","731244","Birbhum","Suri","West Bengal"
"Bishnupur Station Road","722122","Bankura","Bankura","West Bengal"
"Bodra","743517","South 24 Parganas","Barast","West Bengal"
"Bohar","713430","Bardhaman","Bardhaman","West Bengal"
"Boinchi Gram","712135","Hooghly","Chinsurah","West Bengal"
"Boinehi","712134","Hooghly","Chinsurah","West Bengal"
"Bolla","733154","West Dinajpur","West Dinajpur","West Bengal"
"Bolpur","731204","Birbhum","Bolpur","West Bengal"
"Bolpur Bazar","731204","Birbhum","Suri","West Bengal"
"Bolpur Court","731204","Birbhum","Suri","West Bengal"
"Bolpur Trisulapatti","731204","Birbhum","Suri","West Bengal"
"Bolpur Ukilpatty","731204","Birbhum","Suri","West Bengal"
"Bomangachi","711106","Howrah","Howrah","West Bengal"
"Bon Hooghly","700035","Calcutta","Kolkata","West Bengal"
"Bon Radhanagar","722157","Bankura","Bankura","West Bengal"
"Bong Busty","734301","Darjeeling","Darjiling","West Bengal"
"Bongaon","743235","North 24 Parganas","Alipore","West Bengal"
"Bongaon","743235","North 24 Parganas","Alipore","West Bengal"
"Bongaon","743235","North 24 Parganas","Alipore","West Bengal"
"Bongaon","743235","North 24 Parganas","Alipore","West Bengal"
"Bongaon","743235","North 24 Parganas","Alipore","West Bengal"
"Bongaon","743235","North 24 Parganas","Alipore","West Bengal"
"Bongchatra","736101","Coochbehar","Koch Bihar","West Bengal"
"Bonpas","713127","Bardhaman","Bardhaman","West Bengal"
"Borai Chanditala","712136","Hooghly","Chinsurah","West Bengal"
"Boral","743505","South 24 Parganas","Barast","West Bengal"
"Borjora","722202","Bankura","Bankura","West Bengal"
"Bose Pukur Road","700042","Calcutta","Kolkata","West Bengal"
"Botanic Garden","711103","Howrah","Howrah","West Bengal"
"Bow Bazar","700012","Calcutta","Kolkata","West Bengal"
"Bow Bazar","741101","Hooghly","Chinsurah","West Bengal"
"Bow Bazar","735101","Jalpaiguri","Jalpaiguri","West Bengal"
"Bowali","743384","South 24 Parganas","Bowali","West Bengal"
"Boxibazar","721101","Bankura","Bankura","West Bengal"
"Braborne Road","700001","Calcutta","Kolkata","West Bengal"
"Brace Bridge","700088","South 24 Parganas","24 Parganas","West Bengal"
"Brace Bridge","700088","South 24 Parganas","Barast","West Bengal"
"Brace Bridge","700088","South 24 Parganas","Barast","West Bengal"
"Brace Bridge","700088","South 24 Parganas","Barast","West Bengal"
"Brace Bridge","700088","South 24 Parganas","Barast","West Bengal"
"Brahma Samaj Road","700034","Calcutta","Kolkata","West Bengal"
"Brahmansasan","721163","Midnapur","Medinipur","West Bengal"
"Brajaballavpur","721462","Midnapur","Medinipur","West Bengal"
"Budbud","713403","Bardhaman","Bardhaman","West Bengal"
"Budge Budge","743319","South 24 Parganas","Budge Budge","West Bengal"
"Bulbulchandi","732122","Malda","English Bazar","West Bengal"
"Bundwan","723129","Purulia","Puruliya","West Bengal"
"Buniadpur","733121","West Dinajpur","West Dinajpur","West Bengal"
"Burdwan Bar Library","713101","Bardhaman","Bardhaman","West Bengal"
"Burdwan District","713101","Bardhaman","Bardhaman","West Bengal"
"Burdwan H O","713101","Bardhaman","Bardhaman","West Bengal"
"Burdwan Medical College","713101","Bardhaman","Bardhaman","West Bengal"
"Burdwan R S","713101","Bardhaman","Bardhaman","West Bengal"
"Burdwan Rajbati","713104","Bardhaman","Bardhaman","West Bengal"
"Burdwan University","713101","Bardhaman","Bardhaman","West Bengal"
"Burnpur","713325","Bardhaman","Bardhaman","West Bengal"
"Burnpur Market","713325","Bardhaman","Bardhaman","West Bengal"
"Burnpur Works","713325","Bardhaman","Bardhaman","West Bengal"
"Buro Shibiala","712105","Hooghly","Chinsurah","West Bengal"
"Buxaduar","736130","Jalpaiguri","Jalpaiguri","West Bengal"
"Buxarah","711306","Howrah","Howrah","West Bengal"
"Bybattarhat","721648","Midnapur","Medinipur","West Bengal"
"Calcutta Air Port","700052","Calcutta","Kolkata","West Bengal"
"Calcutta Air Port N T B","700052","Calcutta","Kolkata","West Bengal"
"Calcutta G P O","700001","Calcutta","Kolkata","West Bengal"
"Calcutta Mint","700088","South 24 Parganas","24 Parganas","West Bengal"
"Calcutta University","700073","South 24 Parganas","24 Parganas","West Bengal"
"Canning Town","743329","South 24 Parganas","Barast","West Bengal"
"Cantonment","735232","Jalpaiguri","Jalpaiguri","West Bengal"
"Carron","735205","Jalpaiguri","Jalpaiguri","West Bengal"
"Chaberia","743514","South 24 Parganas","Barast","West Bengal"
"Chaitanyapur","721645","Midnapur","Medinipur","West Bengal"
"Chak Dwipa","721666","Midnapur","Medinipur","West Bengal"
"Chakashi","711307","Howrah","Howrah","West Bengal"
"Chakdaha","741111","Nadiad","Chakdaha","West Bengal"
"Chakdighi","713404","Bardhaman","Bardhaman","West Bengal"
"Chakkuliahat","733211","West Dinajpur","West Dinajpur","West Bengal"
"Chakoor Singha","721162","Midnapur","Medinipur","West Bengal"
"Chakraberia","711104","Howrah","Howrah","West Bengal"
"Chakvrigu","733102","West Dinajpur","West Dinajpur","West Bengal"
"Chalsa","735206","Jalpaiguri","Jalpaiguri","West Bengal"
"Champadanga","712401","Hooghly","Chinsurah","West Bengal"
"Champahati","743330","South 24 Parganas","Barast","West Bengal"
"Champatali","733148","West Dinajpur","West Dinajpur","West Bengal"
"Champaukur","743291","North 24 Parganas","Alipore","West Bengal"
"Champdani","712222","Hooghly","Champdani","West Bengal"
"Chamurchi","735207","Jalpaiguri","Jalpaiguri","West Bengal"
"Chanchal","732123","Malda","English Bazar","West Bengal"
"Chand Para Bazar","743245","North 24 Parganas","Alipore","West Bengal"
"Chandan Nagar","712136","Hooghly","Chinsurah","West Bengal"
"Chandan Nagar R S","712136","Hooghly","Chinsurah","West Bengal"
"Chandidas Nanoor","731301","Birbhum","Suri","West Bengal"
"Chandipur Tarapith","731233","Birbhum","Suri","West Bengal"
"Chanditala","712702","Hooghly","Chinsurah","West Bengal"
"Chandpara","731241","Birbhum","Suri","West Bengal"
"Chandra","712101","Hooghly","Chinsurah","West Bengal"
"Chandra Bose Road","700020","Calcutta","Kolkata","West Bengal"
"Chandrahati","712504","Hooghly","Chinsurah","West Bengal"
"Chandrakonda","721201","Midnapur","Medinipur","West Bengal"
"Chandu Ghat","741169","Nadiad","Krishnagar","West Bengal"
"Changrabandha","735301","Jalpaiguri","Jalpaiguri","West Bengal"
"Chanserpur","721653","Midnapur","Medinipur","West Bengal"
"Charanpur","713330","Bardhaman","Bardhaman","West Bengal"
"Charatala","741170","Nadiad","Krishnagar","West Bengal"
"Charbrahmanagar","741301","Nadiad","Krishnagar","West Bengal"
"Chatna","722132","Bankura","Bankura","West Bengal"
"Chatra Birbhum","731238","Birbhum","Suri","West Bengal"
"Chatra Hooghly","712204","Hooghly","Chinsurah","West Bengal"
"Chatterjeehat","711104","Howrah","Howrah","West Bengal"
"Chaukola","721455","Midnapur","Medinipur","West Bengal"
"Chaulhati","735138","Jalpaiguri","Jalpaiguri","West Bengal"
"Chawhatta","731247","Birbhum","Suri","West Bengal"
"Chelyama","723158","Purulia","Puruliya","West Bengal"
"Chengail","711308","Howrah","Howrah","West Bengal"
"Chetla","700027","Calcutta","Kolkata","West Bengal"
"Chharrah","723163","Purulia","Puruliya","West Bengal"
"Chhoyghari","742307","Murshidabad","Berhampore","West Bengal"
"Chilkigarh","721503","Midnapur","Medinipur","West Bengal"
"Chinsura Bazar","712101","Hooghly","Chinsurah","West Bengal"
"Chinsura Court","712101","Hooghly","Chinsurah","West Bengal"
"Chinsura H O","712101","Hooghly","Chinsurah","West Bengal"
"Chinsura Rs","712102","Hooghly","Chinsurah","West Bengal"
"Chitrasenpur","711412","Howrah","Howrah","West Bengal"
"Chittaranjan","713331","Bardhaman","Chittaranjan","West Bengal"
"Chittaranjan Avenue","700073","South 24 Parganas","24 Parganas","West Bengal"
"Chittaranjan Township","712365","Hooghly","Chinsurah","West Bengal"
"Choa","742182","Murshidabad","Berhampore","West Bengal"
"Chopra","733216","West Dinajpur","West Dinajpur","West Bengal"
"Choralmani","732163","Malda","English Bazar","West Bengal"
"Choto Dighari","713326","Bardhaman","Bardhaman","West Bengal"
"Choto Jagulia","743294","North 24 Parganas","Alipore","West Bengal"
"Choto Mollakhali","743378","North 24 Parganas","Alipore","West Bengal"
"Chotoandulia","741171","Nadiad","Krishnagar","West Bengal"
"Chotonilpur","713103","Bardhaman","Bardhaman","West Bengal"
"Chowdhuri Hat","736166","Coochbehar","Koch Bihar","West Bengal"
"Chunighora","736201","Jalpaiguri","Jalpaiguri","West Bengal"
"Churulia","713368","Bardhaman","Bardhaman","West Bengal"
"Circular Road","711104","Howrah","Howrah","West Bengal"
"Circus Avenue","700017","Calcutta","Kolkata","West Bengal"
"Coal Dock Road","700043","Calcutta","Kolkata","West Bengal"
"College Squire","700007","Calcutta","Kolkata","West Bengal"
"Colootola","700073","South 24 Parganas","24 Parganas","West Bengal"
"Contai Ho.","721401","Midnapur","Medinipur","West Bengal"
"Contai Ho.","721401","Midnapur","Medinipur","West Bengal"
"Contai Ho.","721401","Midnapur","Medinipur","West Bengal"
"Contai Ho.","721401","Midnapur","Medinipur","West Bengal"
"Contai Ho.","721401","Midnapur","Medinipur","West Bengal"
"Contai Ho.","721401","Midnapur","Medinipur","West Bengal"
"Contai Ho.","721401","Midnapur","Medinipur","West Bengal"
"Cooch Behar Bazar","736101","Coochbehar","Koch Bihar","West Bengal"
"Cooch Behar H O","736101","Coochbehar","Koch Bihar","West Bengal"
"Cooch Behar New Town","736102","Coochbehar","Koch Bihar","West Bengal"
"Cooch Behar R S","736101","Coochbehar","Koch Bihar","West Bengal"
"Corpers Camp.","741232","Nadiad","Krishnagar","West Bengal"
"Cossipore Gun Factory","700002","Calcutta","Kolkata","West Bengal"
"Cossipore H O","700002","Calcutta","Kolkata","West Bengal"
"Council House Street","700001","Calcutta","Kolkata","West Bengal"
"Cows Ghat Road","711102","Howrah","Howrah","West Bengal"
"Cripar Road","712235","Hooghly","Chinsurah","West Bengal"
"Custom House","700001","Calcutta","Kolkata","West Bengal"
"D B Institution","711102","Howrah","Howrah","West Bengal"
"Dainhat","713502","Bardhaman","Dainhat","West Bengal"
"Daipara","721467","Midnapur","Medinipur","West Bengal"
"Dakshin Bahirgachi","741192","Nadiad","Krishnagar","West Bengal"
"Dakshin Barasa","743372","South 24 Parganas","Barast","West Bengal"
"Dakshin Chatra","743247","North 24 Parganas","Alipore","West Bengal"
"Dakshin Danki","721464","Midnapur","Medinipur","West Bengal"
"Dakshin Dhadka","713202","Bardhaman","Bardhaman","West Bengal"
"Dakshin Jagatdal","743379","South 24 Parganas","Barast","West Bengal"
"Dakshineswar","700076","South 24 Parganas","24 Parganas","West Bengal"
"Dakshingram","731245","Birbhum","Suri","West Bengal"
"Dakshinpara","741151","Nadiad","Krishnagar","West Bengal"
"Dalkola","733201","West Dinajpur","West Dinajpur","West Bengal"
"Dalpara","721167","Midnapur","Medinipur","West Bengal"
"Dalsingpara","735208","Jalpaiguri","Jalpaiguri","West Bengal"
"Dam Dim","735209","Jalpaiguri","Jalpaiguri","West Bengal"
"Danesh Sk Lane","711109","Howrah","Howrah","West Bengal"
"Danguajhar","735121","Jalpaiguri","Jalpaiguri","West Bengal"
"Dankuni","711224","Howrah","Howrah","West Bengal"
"Danton","721426","Midnapur","Medinipur","West Bengal"
"Dapur","721211","Midnapur","Medinipur","West Bengal"
"Darjeeling Bazar","734101","Darjeeling","Darjiling","West Bengal"
"Darjeeling Court","734101","Darjeeling","Darjiling","West Bengal"
"Darjeeling H O","734101","Darjeeling","Darjiling","West Bengal"
"Dasagram","721467","Midnapur","Medinipur","West Bengal"
"Dasghara","712402","Hooghly","Chinsurah","West Bengal"
"Dasnagar","711105","Howrah","Howrah","West Bengal"
"Daulatpur","733146","West Dinajpur","West Dinajpur","West Bengal"
"Daultabad","742302","Murshidabad","Berhampore","West Bengal"
"Daultnagar","732157","Malda","English Bazar","West Bengal"
"Daws Temple Road","711201","Howrah","Howrah","West Bengal"
"Debagram","741137","Nadiad","Krishnagar","West Bengal"
"Debchand Nagar","713332","Bardhaman","Bardhaman","West Bengal"
"Debendra Ganguly Road","711103","Howrah","Howrah","West Bengal"
"Debhog","721657","Midnapur","Medinipur","West Bengal"
"Debiganj","732158","Malda","English Bazar","West Bengal"
"Debinagar","733123","West Dinajpur","West Dinajpur","West Bengal"
"Debipur","742124","Murshidabad","Debipur","West Bengal"
"Debra Bazar","721126","Midnapur","Medinipur","West Bengal"
"Deganga","743423","North 24 Parganas","Alipore","West Bengal"
"Delta Mills","711309","Howrah","Howrah","West Bengal"
"Demorihat","721668","Midnapur","Medinipur","West Bengal"
"Depal","721453","Midnapur","Medinipur","West Bengal"
"Desh Bandhu Road","700035","Calcutta","Kolkata","West Bengal"
"Deshapriya Nagar","700056","South 24 Parganas","24 Parganas","West Bengal"
"Deshbandhu Nagar","700059","Calcutta","Kolkata","West Bengal"
"Deshbandhu Nagar","700059","North 24 Parganas","Alipore","West Bengal"
"Deshbandhu Para","734404","Darjeeling","Darjiling","West Bengal"
"Deucha","731145","Birbhum","Suri","West Bengal"
"Deulpara","712414","Hooghly","Chinsurah","West Bengal"
"Deulpara","721427","Midnapur","Medinipur","West Bengal"
"Deulpota","721670","Midnapur","Medinipur","West Bengal"
"Devalaya","743424","North 24 Parganas","Alipore","West Bengal"
"Dewanhat","736134","Coochbehar","Koch Bihar","West Bengal"
"Dhakuria","700031","Calcutta","Dhakuria","West Bengal"
"Dhakuria Kalibari","743246","North 24 Parganas","Alipore","West Bengal"
"Dhandadihi","713376","Bardhaman","Dhandadihi","West Bengal"
"Dhaniakhali","712302","Hooghly","Chinsurah","West Bengal"
"Dhaniya Kuria","743437","North 24 Parganas","Alipore","West Bengal"
"Dhantola","733213","West Dinajpur","West Dinajpur","West Bengal"
"Dhapa","743506","South 24 Parganas","Barast","West Bengal"
"Dharamada","741138","Nadiad","Krishnagar","West Bengal"
"Dharampur","735307","Jalpaiguri","Jalpaiguri","West Bengal"
"Dharamtala","700013","Calcutta","Kolkata","West Bengal"
"Dharmatala Road","711106","Howrah","Howrah","West Bengal"
"Dhatrigram","713405","Bardhaman","Dhatrigram","West Bengal"
"Dhawapara","741177","Nadiad","Krishnagar","West Bengal"
"Dholahat","743399","South 24 Parganas","Barast","West Bengal"
"Dhosa","743396","South 24 Parganas","Barast","West Bengal"
"Dhubulia","741139","Nadiad","Krishnagar","West Bengal"
"Dhulian","742202","Murshidabad","Dhulian","West Bengal"
"Dhunbulia Tb Hospital","741140","Nadiad","Krishnagar","West Bengal"
"Dhupgrui","735210","Jalpaiguri","Jalpaiguri","West Bengal"
"Digha","721428","Midnapur","Medinipur","West Bengal"
"Dignagar","741401","Nadiad","Krishnagar","West Bengal"
"Dimond Harbour Ho.","743331","South 24 Parganas","Barast","West Bengal"
"Dimond Harbour Ho.","743331","South 24 Parganas","Barast","West Bengal"
"Dimond Harbour Ho.","743331","South 24 Parganas","Barast","West Bengal"
"Dimond Harbour Ho.","743331","South 24 Parganas","Barast","West Bengal"
"Dimond Harbour Ho.","743331","South 24 Parganas","Barast","West Bengal"
"Din Bazar","735101","Jalpaiguri","Jalpaiguri","West Bengal"
"Dingyel","741171","Nadiad","Krishnagar","West Bengal"
"Dinhata","736135","Coochbehar","Dinhata","West Bengal"
"Dinhata Bazar","736135","Coochbehar","Koch Bihar","West Bengal"
"Disergarh","713333","Bardhaman","Bardhaman","West Bengal"
"Dogachi","741185","Nadiad","Krishnagar","West Bengal"
"Domaram Busty","734203","Darjeeling","Darjiling","West Bengal"
"Domjur","711405","Howrah","Domjur","West Bengal"
"Domohan Bazar","713334","Bardhaman","Bardhaman","West Bengal"
"Domohani","735302","Jalpaiguri","Jalpaiguri","West Bengal"
"Dover Lane","700029","Calcutta","Kolkata","West Bengal"
"Dow Hill","734204","Darjeeling","Darjiling","West Bengal"
"Doyer Bazar","741164","Nadiad","Krishnagar","West Bengal"
"Dubra","723162","Purulia","Puruliya","West Bengal"
"Dubrajpur","731123","Birbhum","Dubrajpur","West Bengal"
"Dudkumrahat","721663","Midnapur","Medinipur","West Bengal"
"Dulminadiha","723102","Purulia","Puruliya","West Bengal"
"Dum Dum","700028","Calcutta","Kolkata","West Bengal"
"Dum Dum","700028","North 24 Parganas","Alipore","West Bengal"
"Dum Dum","700028","North 24 Parganas","Alipore","West Bengal"
"Dum Dum","700028","North 24 Parganas","Alipore","West Bengal"
"Dum Dum","700028","North 24 Parganas","Alipore","West Bengal"
"Dum Dum","700028","North 24 Parganas","Alipore","West Bengal"
"Dum Dum","700028","North 24 Parganas","Alipore","West Bengal"
"Dum Dum","700028","North 24 Parganas","Alipore","West Bengal"
"Dum Dum Park","700055","Calcutta","Kolkata","West Bengal"
"Dum Dum Road","700074","South 24 Parganas","24 Parganas","West Bengal"
"Dumkal","742303","Murshidabad","Berhampore","West Bengal"
"Durgabari Subhapalli","736101","Coochbehar","Koch Bihar","West Bengal"
"Durgachak","721602","Midnapur","Medinipur","West Bengal"
"Durgachak","721602","Midnapur","Medinipur","West Bengal"
"Durgapur","713211","Bardhaman","Durgapur","West Bengal"
"Durgapur Alloy Steel","712208","Hooghly","Chinsurah","West Bengal"
"Durgapur Asp Sb","712208","Hooghly","Chinsurah","West Bengal"
"Durgapur B Zone","713202","Medinipur","Medinipur","West Bengal"
"Durgapur Briek Field","712221","Hooghly","Chinsurah","West Bengal"
"Durgapur C","713201","Medinipur","Medinipur","West Bengal"
"Durgapur C R P F Camp","713214","Medinipur","Medinipur","West Bengal"
"Durgapur Chemical","713215","Bardhaman","Bardhaman","West Bengal"
"Durgapur City Centre","713209","Medinipur","Medinipur","West Bengal"
"Durgapur Coke Oven","713202","Medinipur","Medinipur","West Bengal"
"Durgapur H O","713201","Medinipur","Medinipur","West Bengal"
"Durgapur Regional Engg College","713209","Medinipur","Medinipur","West Bengal"
"Durgapur Rs","713201","Medinipur","Medinipur","West Bengal"
"Durgapur Steel Project","713203","Bardhaman","Bardhaman","West Bengal"
"Durgapur Steel Project St","713203","Bardhaman","Bardhaman","West Bengal"
"Durgapur Steel Town East","713205","Medinipur","Medinipur","West Bengal"
"Durgapur Steel Town West","713204","Medinipur","Medinipur","West Bengal"
"Durgapur Thermal Power Stn","713207","Medinipur","Medinipur","West Bengal"
"Duttapukur","743248","North 24 Parganas","Alipore","West Bengal"
"Duttapulia","741504","Nadiad","Krishnagar","West Bengal"
"East Belgharia","700056","South 24 Parganas","24 Parganas","West Bengal"
"Echhey","734317","Darjeeling","Darjiling","West Bengal"
"Egra","721429","Midnapur","Egra","West Bengal"
"Ekgharia Khangna","742173","Murshidabad","Berhampore","West Bengal"
"Elias Road","700058","South 24 Parganas","24 Parganas","West Bengal"
"Elliot Road","700016","Calcutta","Kolkata","West Bengal"
"Engineering College","735102","Jalpaiguri","Jalpaiguri","West Bengal"
"Esplanade","700069","Calcutta","Kolkata","West Bengal"
"Fagu","735231","Jalpaiguri","Jalpaiguri","West Bengal"
"Falakata","735211","Jalpaiguri","Falakata","West Bengal"
"Falta","743504","South 24 Parganas","Barast","West Bengal"
"Farakka Barrage","742212","Murshidabad","Berhampore","West Bengal"
"Fatehepur","743513","South 24 Parganas","Barast","West Bengal"
"Feeder Road","722101","Bankura","Bankura","West Bengal"
"Fingapara","743129","North 24 Parganas","Alipore","West Bengal"
"Fort Gloster","711310","Howrah","Howrah","West Bengal"
"Fort Willium","700021","Calcutta","Kolkata","West Bengal"
"Freser Ganj","743393","South 24 Parganas","Barast","West Bengal"
"Fulia Colony","741402","Nadiad","Krishnagar","West Bengal"
"G I Press Colony","711321","Howrah","Howrah","West Bengal"
"Gaighat","743249","North 24 Parganas","Alipore","West Bengal"
"Gairibas","734502","Darjeeling","Darjiling","West Bengal"
"Gairkata","735212","Jalpaiguri","Gairkata","West Bengal"
"Gairkata","735212","Malda","Gairkata","West Bengal"
"Gajaldoba","735234","Jalpaiguri","Jalpaiguri","West Bengal"
"Galatun","713161","Bardhaman","Bardhaman","West Bengal"
"Galia","722154","Bankura","Bankura","West Bengal"
"Galsi","713406","Bardhaman","Bardhaman","West Bengal"
"Gandhisarak","712248","Hooghly","Chinsurah","West Bengal"
"Ganga Jalghati","722133","Bankura","Bankura","West Bengal"
"Ganganagar","743250","North 24 Parganas","Alipore","West Bengal"
"Gangapur","741238","Nadiad","Krishnagar","West Bengal"
"Gangarampur","733124","West Dinajpur","Gangarampur","West Bengal"
"Gangasagar","743606","South 24 Parganas","Barast","West Bengal"
"Gangatikuri","713515","Bardhaman","Bardhaman","West Bengal"
"Ganguly Bagan","700047","Calcutta","Kolkata","West Bengal"
"Ganker","742227","Murshidabad","Berhampore","West Bengal"
"Ganrapota","743251","North 24 Parganas","Alipore","West Bengal"
"Garalgacha","711406","Howrah","Howrah","West Bengal"
"Garcha Road","700019","Calcutta","Kolkata","West Bengal"
"Garden Lane","711102","Howrah","Howrah","West Bengal"
"Garden Reach","700024","Calcutta","Kolkata","West Bengal"
"Garfa","700075","South 24 Parganas","24 Parganas","West Bengal"
"Gargaria","731143","Birbhum","Suri","West Bengal"
"Garh Raipur","722134","Bankura","Bankura","West Bengal"
"Garh Salbari","721518","Midnapur","Medinipur","West Bengal"
"Garhbeta","721127","Midnapur","Medinipur","West Bengal"
"Garhi Jaipur","723201","Purulia","Puruliya","West Bengal"
"Garia","700084","South 24 Parganas","24 Parganas","West Bengal"
"Garia","700084","South 24 Parganas","Barast","West Bengal"
"Garia","700084","South 24 Parganas","Barast","West Bengal"
"Garia Bus Terminus","700047","Calcutta","Kolkata","West Bengal"
"Garia Garden","700084","South 24 Parganas","24 Parganas","West Bengal"
"Gariahat Market","700019","Calcutta","Kolkata","West Bengal"
"Garibpur","743710","North 24 Parganas","Alipore","West Bengal"
"Garifa","743166","North 24 Parganas","Alipore","West Bengal"
"Gariphusra","723159","Purulia","Puruliya","West Bengal"
"Gayeshpur","741243","Nadiad","Krishnagar","West Bengal"
"Gazipur","711413","Howrah","Howrah","West Bengal"
"Geonkhali","721603","Midnapur","Medinipur","West Bengal"
"Ghagra","736122","Jalpaiguri","Jalpaiguri","West Bengal"
"Ghatal","721212","Midnapur","Ghatal","West Bengal"
"Ghateswar","743336","South 24 Parganas","Barast","West Bengal"
"Ghokshadanga","736171","Coochbehar","Koch Bihar","West Bengal"
"Ghola Bazar","743170","North 24 Parganas","Alipore","West Bengal"
"Ghoom","734102","Darjeeling","Darjiling","West Bengal"
"Ghordourchati","713103","Bardhaman","Bardhaman","West Bengal"
"Ghorsala","742229","Murshidabad","Ghorsala","West Bengal"
"Ghoshpara","711227","Howrah","Howrah","West Bengal"
"Ghughudanga","700030","Calcutta","Kolkata","West Bengal"
"Ghughudanga","700030","North 24 Parganas","Alipore","West Bengal"
"Ghughudanga","700030","North 24 Parganas","Alipore","West Bengal"
"Ghugumari","736170","Coochbehar","Koch Bihar","West Bengal"
"Ghurni","741103","Nadiad","Krishnagar","West Bengal"
"Ghuskara","713128","Bardhaman","Bardhaman","West Bengal"
"Ghuskara New Town","713128","Bardhaman","Bardhaman","West Bengal"
"Ghusuri","711107","Howrah","Howrah","West Bengal"
"Gidni","721505","Midnapur","Medinipur","West Bengal"
"Gilarchat","743604","South 24 Parganas","Barast","West Bengal"
"Giria","742230","Murshidabad","Berhampore","West Bengal"
"Giridanga","731128","Birbhum","Suri","West Bengal"
"Girish Avenue","700003","Calcutta","Kolkata","West Bengal"
"Goaberia","711109","Howrah","Howrah","West Bengal"
"Goaljan","742188","Murshidabad","Goaljan","West Bengal"
"Goalpukhar","733210","West Dinajpur","West Dinajpur","West Bengal"
"Goaltore","721128","Midnapur","Medinipur","West Bengal"
"Gobardanga","743252","North 24 Parganas","Gobardanga","West Bengal"
"Gobinda Khatik Road","700046","Calcutta","Kolkata","West Bengal"
"Gobrapota","741188","Murshidabad","Berhampore","West Bengal"
"Gocharan","743391","South 24 Parganas","Barast","West Bengal"
"Godapeasal","721129","Midnapur","Medinipur","West Bengal"
"Goghat","712614","Hooghly","Chinsurah","West Bengal"
"Gokarnee","743601","South 24 Parganas","Barast","West Bengal"
"Gokhale Road","700020","Calcutta","Kolkata","West Bengal"
"Gokrana","742136","Murshidabad","Berhampore","West Bengal"
"Gol Park","700019","Calcutta","Kolkata","West Bengal"
"Golapati","741101","Hooghly","Chinsurah","West Bengal"
"Golapbag","713104","Bardhaman","Bardhaman","West Bengal"
"Gomunda","721457","Midnapur","Medinipur","West Bengal"
"Gondalpara","712137","Hooghly","Chinsurah","West Bengal"
"Gonpur","713160","Bardhaman","Bardhaman","West Bengal"
"Gopal Bagan","735213","Jalpaiguri","Jalpaiguri","West Bengal"
"Gopal Ganj","733141","West Dinajpur","West Dinajpur","West Bengal"
"Gopal Nagar","721130","Midnapur","Medinipur","West Bengal"
"Gopal Nagar","743262","North 24 Parganas","Alipore","West Bengal"
"Gopiballavpur","721506","Midnapur","Medinipur","West Bengal"
"Gopinagar","712423","Hooghly","Chinsurah","West Bengal"
"Gopinathpur","721661","Midnapur","Gopinathpur","West Bengal"
"Gopinathpur","741198","Nadiad","Gopinathpur","West Bengal"
"Gopinathpur Asansol","713386","Bardhaman","Bardhaman","West Bengal"
"Goplilam","742167","Murshidabad","Berhampore","West Bengal"
"Gorabari","722135","Bankura","Bankura","West Bengal"
"Goralbari","735140","Jalpaiguri","Jalpaiguri","West Bengal"
"Gosaba","743370","South 24 Parganas","Barast","West Bengal"
"Gossairhat Bandar","736172","Coochbehar","Koch Bihar","West Bengal"
"Gossanimari","736145","Coochbehar","Koch Bihar","West Bengal"
"Gour Bazar","713377","Bardhaman","Bardhaman","West Bengal"
"Gourhati","712613","Bardhaman","Bardhaman","West Bengal"
"Greamsalika","742186","Murshidabad","Berhampore","West Bengal"
"Great Eastern Hotel","700069","Calcutta","Kolkata","West Bengal"
"Guidaha","721258","Midnapur","Medinipur","West Bengal"
"Gungabari","736101","Coochbehar","Koch Bihar","West Bengal"
"Guptipara","712512","Hooghly","Chinsurah","West Bengal"
"Gurna","743704","North 24 Parganas","Alipore","West Bengal"
"Gurulia","743133","North 24 Parganas","Alipore","West Bengal"
"Gurup","712303","Hooghly","Chinsurah","West Bengal"
"Habaspur","742179","Murshidabad","Berhampore","West Bengal"
"Habibpur","721101","Bankura","Bankura","West Bengal"
"Habibpur","732145","Malda","English Bazar","West Bengal"
"Habibpur","741403","Nadiad","Krishnagar","West Bengal"
"Hadipur","743443","North 24 Parganas","Alipore","West Bengal"
"Haldia","721604","Midnapur","Haldia","West Bengal"
"Haldia Oil Refinery","721606","Midnapur","Medinipur","West Bengal"
"Haldia Oil Refinery","721606","Midnapur","Medinipur","West Bengal"
"Haldia Port","721605","Midnapur","Medinipur","West Bengal"
"Haldia Township","721607","Midnapur","Medinipur","West Bengal"
"Haldibari","735122","Jalpaiguri","Haldibari","West Bengal"
"Halisahar","743134","North 24 Parganas","Halisahar","West Bengal"
"Haltu","700078","South 24 Parganas","24 Parganas","West Bengal"
"Haltu","700078","South 24 Parganas","Barast","West Bengal"
"Hamiltonganj","735214","Jalpaiguri","Jalpaiguri","West Bengal"
"Hanschora","721625","Midnapur","Medinipur","West Bengal"
"Hanskhali","741505","Nadiad","Krishnagar","West Bengal"
"Hanspukuria","741173","Nadiad","Krishnagar","West Bengal"
"Hansuri","743609","South 24 Parganas","Barast","West Bengal"
"Haranagar","741199","Nadiad","Krishnagar","West Bengal"
"Harba","743263","North 24 Parganas","Alipore","West Bengal"
"Harba Prafulla Nagar","743268","North 24 Parganas","Alipore","West Bengal"
"Harek Nagar","742177","Murshidabad","Berhampore","West Bengal"
"Hargram","713168","Bardhaman","Bardhaman","West Bengal"
"Haria","721430","Midnapur","Medinipur","West Bengal"
"Haria","743425","North 24 Parganas","Alipore","West Bengal"
"Haridebpur","700082","South 24 Parganas","24 Parganas","West Bengal"
"Haridevpur","700082","South 24 Parganas","Barast","West Bengal"
"Haridevpur","700082","South 24 Parganas","Barast","West Bengal"
"Haripal","712403","Hooghly","Chinsurah","West Bengal"
"Haripur","713378","Bardhaman","Haripur","West Bengal"
"Haripur Chitka","741189","Nadiad","Krishnagar","West Bengal"
"Harirampur","733125","Dakshin Dinajpur","Balurghat","West Bengal"
"Harisava","713104","Bardhaman","Bardhaman","West Bengal"
"Harishaarpura","742166","Murshidabad","Berhampore","West Bengal"
"Harishchandrapur","732125","Malda","English Bazar","West Bengal"
"Hasimara","735215","Jalpaiguri","Jalpaiguri","West Bengal"
"Hasnabad","743426","North 24 Parganas","Alipore","West Bengal"
"Hastings","700022","Calcutta","Kolkata","West Bengal"
"Hatasuria","722204","Bankura","Bankura","West Bengal"
"Hatgobindapur","713407","Bardhaman","Bardhaman","West Bengal"
"Hatia","731284","Birbhum","Suri","West Bengal"
"Hatipotha","736201","Jalpaiguri","Jalpaiguri","West Bengal"
"Hatjan Bazar","731102","Birbhum","Suri","West Bengal"
"Hatkhola","700005","Calcutta","Kolkata","West Bengal"
"Hatkriti Nagar","713162","Bardhaman","Bardhaman","West Bengal"
"Hattuba","743269","North 24 Parganas","Alipore","West Bengal"
"Hatuganj","743332","South 24 Parganas","Barast","West Bengal"
"Hazarpur Nabagaram","742181","Murshidabad","Berhampore","West Bengal"
"Hazi Nagar","743135","North 24 Parganas","Alipore","West Bengal"
"Hazi Nagar","743135","North 24 Parganas","Alipore","West Bengal"
"Health Institute","700065","South 24 Parganas","24 Parganas","West Bengal"
"Helan","712412","Hooghly","Chinsurah","West Bengal"
"Helancha Colony","743270","North 24 Parganas","Alipore","West Bengal"
"Helapakri","735306","Jalpaiguri","Jalpaiguri","West Bengal"
"Hemtabad","733144","West Dinajpur","West Dinajpur","West Bengal"
"Hero Bhanga","743316","South 24 Parganas","Barast","West Bengal"
"Hetampur Rajbati","731124","Birbhum","Suri","West Bengal"
"Hijal Pukuria","743271","North 24 Parganas","Alipore","West Bengal"
"Hili","733126","West Dinajpur","West Dinajpur","West Bengal"
"Hill View","713304","Bardhaman","Bardhaman","West Bengal"
"Hilli","721306","Midnapur","Medinipur","West Bengal"
"Hind Motor","712233","Hooghly","Chinsurah","West Bengal"
"Hindgalganj","743435","North 24 Parganas","Alipore","West Bengal"
"Hindustan Building","700072","Calcutta","Kolkata","West Bengal"
"Hindustan Cable","713335","Bardhaman","Bardhaman","West Bengal"
"Hooghly","712103","Hooghly","Chinsurah","West Bengal"
"Hooghly Dock","711106","Howrah","Howrah","West Bengal"
"Hoomgarh","721157","Bankura","Bankura","West Bengal"
"Hoomgarh","721157","Midnapur","Medinipur","West Bengal"
"Hossain Road","700032","Calcutta","Kolkata","West Bengal"
"Hotar","743397","South 24 Parganas","Barast","West Bengal"
"Hotton Road","713301","Bardhaman","Bardhaman","West Bengal"
"Howrah","711327","Howrah","Howrah","West Bengal"
"Howrah H O","711101","Howrah","Howrah","West Bengal"
"Howrah Loco Depot","711106","Howrah","Howrah","West Bengal"
"Howrah R S","711101","Howrah","Howrah","West Bengal"
"Hridayper","743204","North 24 Parganas","Alipore","West Bengal"
"Hura","723130","Purulia","Puruliya","West Bengal"
"Hutmura","723148","Purulia","Puruliya","West Bengal"
"Hyderabad Road","700088","South 24 Parganas","24 Parganas","West Bengal"
"Ichapur Nawabganj","743144","North 24 Parganas","Alipore","West Bengal"
"Ichapur Nawabganj","743144","North 24 Parganas","Alipore","West Bengal"
"Ichapur Nawabganj","743144","North 24 Parganas","Alipore","West Bengal"
"Ichapur Nawabganj","743144","North 24 Parganas","Alipore","West Bengal"
"Ichapur Nawabganj","743144","North 24 Parganas","Alipore","West Bengal"
"Ichapur Nawabganj","743144","North 24 Parganas","Alipore","West Bengal"
"Ichapur Nawabganj","743144","North 24 Parganas","Alipore","West Bengal"
"Ichapur Road","711104","Howrah","Howrah","West Bengal"
"Ichlabad","713103","Bardhaman","Bardhaman","West Bengal"
"Iloo","723315","Purulia","Puruliya","West Bengal"
"Income Tax Building","700069","Calcutta","Kolkata","West Bengal"
"Inda","721305","Midnapur","Medinipur","West Bengal"
"Indas","722205","Bankura","Bankura","West Bengal"
"Indian Research","700002","Calcutta","Kolkata","West Bengal"
"Indian Statistical Institute","700035","Calcutta","Kolkata","West Bengal"
"Indpur","722133","Bankura","Bankura","West Bengal"
"Indrani Park","700033","Calcutta","Kolkata","West Bengal"
"Intally","700014","Calcutta","Kolkata","West Bengal"
"Islampur","733202","West Dinajpur","Islampur","West Bengal"
"Islampur Msd","742304","Murshidabad","Berhampore","West Bengal"
"Iswarpur","731201","Birbhum","Suri","West Bengal"
"Itachuna","712147","Hooghly","Chinsurah","West Bengal"
"Itagaria","731146","Birbhum","Suri","West Bengal"
"Itahar","733128","West Dinajpur","West Dinajpur","West Bengal"
"Italgacha","700079","South 24 Parganas","24 Parganas","West Bengal"
"Itinda","743292","North 24 Parganas","Alipore","West Bengal"
"Jadavgarh","700078","South 24 Parganas","24 Parganas","West Bengal"
"Jadavpur University","700032","Calcutta","Kolkata","West Bengal"
"Jadavpur University","700032","South 24 Parganas","Barast","West Bengal"
"Jadavpur University","700032","South 24 Parganas","Barast","West Bengal"
"Jadavpurhat","743380","South 24 Parganas","Barast","West Bengal"
"Jadupur","732212","Malda","English Bazar","West Bengal"
"Jadurhati","743293","North 24 Parganas","Alipore","West Bengal"
"Jag Ariti","711106","Howrah","Howrah","West Bengal"
"Jagaeha","711311","Howrah","Howrah","West Bengal"
"Jagatballavpur","711408","Howrah","Howrah","West Bengal"
"Jagatdal","743125","North 24 Parganas","Alipore","West Bengal"
"Jagatdal","743125","North 24 Parganas","Alipore","West Bengal"
"Jahalda","721443","Midnapur","Medinipur","West Bengal"
"Jairampur","700061","South 24 Parganas","24 Parganas","West Bengal"
"Jairampur","743507","South 24 Parganas","Barast","West Bengal"
"Jalaberia","743607","South 24 Parganas","Barast","West Bengal"
"Jalangi","742305","Murshidabad","Berhampore","West Bengal"
"Jalapahar","734104","Darjeeling","Darjiling","West Bengal"
"Jalchak","721155","Bankura","Bankura","West Bengal"
"Jalchak","721155","Midnapur","Medinipur","West Bengal"
"Jaldhaka Hydel Project","735505","Jalpaiguri","Jalpaiguri","West Bengal"
"Jalpaiguri","735101","Jalpaiguri","Jalpaiguri","West Bengal"
"Jalpaiguri Bank","735101","Jalpaiguri","Jalpaiguri","West Bengal"
"Jalpaiguri Court","735101","Jalpaiguri","Jalpaiguri","West Bengal"
"Jalpaiguri D S Board","735101","Jalpaiguri","Jalpaiguri","West Bengal"
"Jalpaiguri Govt","735101","Jalpaiguri","Jalpaiguri","West Bengal"
"Jalpaiguri H O","735101","Jalpaiguri","Jalpaiguri","West Bengal"
"Jalpaiguri Hind Ins","735101","Jalpaiguri","Jalpaiguri","West Bengal"
"Jalpaiguri Kadamtala","735101","Jalpaiguri","Jalpaiguri","West Bengal"
"Jalpaiguri Silpa","735101","Jalpaiguri","Jalpaiguri","West Bengal"
"Jalpesh Mondir","735235","Jalpaiguri","Jalpaiguri","West Bengal"
"Jamaldah","735303","Coochbehar","Koch Bihar","West Bengal"
"Jamalpur","713408","Bardhaman","Bardhaman","West Bengal"
"Jamirapalgarh","721460","Midnapur","Medinipur","West Bengal"
"Jamna","721161","Midnapur","Medinipur","West Bengal"
"Jamuriahat","713336","Bardhaman","Bardhaman","West Bengal"
"Janai","712304","Hooghly","Chinsurah","West Bengal"
"Janaphul","743288","North 24 Parganas","Alipore","West Bengal"
"Jangal Dubrajpur","731123","Birbhum","Suri","West Bengal"
"Jangalpara","712419","Hooghly","Chinsurah","West Bengal"
"Jangipara","712404","Hooghly","Chinsurah","West Bengal"
"Jangipur","742213","Murshidabad","Jangipur","West Bengal"
"Jangipur Barrage","742223","Murshidabad","Berhampore","West Bengal"
"Janka","721431","Midnapur","Medinipur","West Bengal"
"Jateswar","735216","Jalpaiguri","Jalpaiguri","West Bengal"
"Jawpore","700074","South 24 Parganas","24 Parganas","West Bengal"
"Jayasree Park","700034","Calcutta","Kolkata","West Bengal"
"Jaykaynagar","713337","Bardhaman","Bardhaman","West Bengal"
"Jemahari","713379","Bardhaman","Bardhaman","West Bengal"
"Jemo Rajbati","742140","Murshidabad","Berhampore","West Bengal"
"Jessore Road","700080","South 24 Parganas","24 Parganas","West Bengal"
"Jhakra","721254","Midnapur","Medinipur","West Bengal"
"Jhalda","723202","Purulia","Jhalda","West Bengal"
"Jhalghalia Rly Colony","732102","Malda","English Bazar","West Bengal"
"Jhanti Pahari","722137","Bankura","Bankura","West Bengal"
"Jhargram Ho.","721507","Midnapur","Medinipur","West Bengal"
"Jhargram Ho.","721507","Midnapur","Medinipur","West Bengal"
"Jhingrimahalla","713202","Medinipur","Medinipur","West Bengal"
"Jhowtala","700017","Calcutta","Kolkata","West Bengal"
"Jiaganj","742123","Murshidabad","Berhampore","West Bengal"
"Jindaru","722213","Purulia","Puruliya","West Bengal"
"Joaria Bhaluka","741317","Nadiad","Krishnagar","West Bengal"
"Jodhpur Park","700068","Calcutta","Kolkata","West Bengal"
"Jodhpur Park","700068","Purulia","Puruliya","West Bengal"
"Jogadishpurhat","711308","Howrah","Howrah","West Bengal"
"Joka","743512","South 24 Parganas","Barast","West Bengal"
"Joranandir","700010","Calcutta","Kolkata","West Bengal"
"Jorasanko","700006","Calcutta","Kolkata","West Bengal"
"Joteghanashyam","721153","Midnapur","Medinipur","West Bengal"
"Joy Nagar Mazilpur","743337","South 24 Parganas","Barast","West Bengal"
"Joy Nagar Mazilpur Telepara","743337","South 24 Parganas","Barast","West Bengal"
"Joypur","722138","Bankura","Bankura","West Bengal"
"Jugipara Satgachi","700028","Calcutta","Kolkata","West Bengal"
"Juneput","721450","Midnapur","Medinipur","West Bengal"
"Jungipara Salgs Nager Bzr","700028","Calcutta","Kolkata","West Bengal"
"Juranpur","741174","Nadiad","Krishnagar","West Bengal"
"K P Roy Lane","700031","Calcutta","Kolkata","West Bengal"
"K R Bose Sarani","700052","Calcutta","Kolkata","West Bengal"
"K T P P","721137","Bankura","Bankura","West Bengal"
"Kadamtala","734433","Darjeeling","Darjiling","West Bengal"
"Kadamtala","711101","Howrah","Howrah","West Bengal"
"Kagram","742403","Murshidabad","Berhampore","West Bengal"
"Kajligarh","721626","Midnapur","Medinipur","West Bengal"
"Kajoragram","713338","Bardhaman","Bardhaman","West Bengal"
"Kakdwip","743347","South 24 Parganas","Barast","West Bengal"
"Kalabagan","700053","Calcutta","Kolkata","West Bengal"
"Kalagachia","721432","Midnapur","Medinipur","West Bengal"
"Kalaikunda A.F.","721303","Midnapur","Medinipur","West Bengal"
"Kalaker Street","700007","Calcutta","Kolkata","West Bengal"
"Kalapathar","723164","Purulia","Puruliya","West Bengal"
"Kalbazar","712201","Hooghly","Chinsurah","West Bengal"
"Kalchini","735217","Jalpaiguri","Jalpaiguri","West Bengal"
"Kaliachak","732201","Malda","English Bazar","West Bengal"
"Kaliganj","741150","Nadiad","Krishnagar","West Bengal"
"Kaligaon","732126","Malda","English Bazar","West Bengal"
"Kalighat","700026","Calcutta","Kolkata","West Bengal"
"Kalimandir","700026","Calcutta","Kolkata","West Bengal"
"Kalimpong","734301","Darjeeling","Kalimpong","West Bengal"
"Kalimpong Bazar","734301","Darjeeling","Darjiling","West Bengal"
"Kalinarayanpur","741254","Nadiad","Krishnagar","West Bengal"
"Kalindi","721641","Midnapur","Medinipur","West Bengal"
"Kalindi Housing Estate","700089","South 24 Parganas","24 Parganas","West Bengal"
"Kalipahari","713339","Bardhaman","Bardhaman","West Bengal"
"Kalirhat","741184","Nadiad","Krishnagar","West Bengal"
"Kaliyaganj","733129","West Dinajpur","West Dinajpur","West Bengal"
"Kaliyaganj","733129","West Dinajpur","West Dinajpur","West Bengal"
"Kaliyaganj","733129","West Dinajpur","West Dinajpur","West Bengal"
"Kalla Cent Hospital","713340","Bardhaman","Bardhaman","West Bengal"
"Kalna","713409","Bardhaman","Kalna","West Bengal"
"Kalna Court","713409","Bardhaman","Bardhaman","West Bengal"
"Kalyan Chak","721665","Midnapur","Medinipur","West Bengal"
"Kalyan Durg Bazar","743272","North 24 Parganas","Alipore","West Bengal"
"Kalyaneswari","713369","Bardhaman","Bardhaman","West Bengal"
"Kalyani","741235","Nadiad","Kalyani","West Bengal"
"Kalyani","741235","Nadiad","Kalyani","West Bengal"
"Kalyani","741235","Nadiad","Kalyani","West Bengal"
"Kalyani University","741236","Nadiad","Krishnagar","West Bengal"
"Kamakshyaguri","736202","Jalpaiguri","Jalpaiguri","West Bengal"
"Kamalabagan","734426","Darjeeling","Darjiling","West Bengal"
"Kamalakanta Kalibari","713102","Bardhaman","Bardhaman","West Bengal"
"Kamalapur","700028","Calcutta","Kolkata","West Bengal"
"Kamalpur","722159","Bankura","Bankura","West Bengal"
"Kamarhati","700058","South 24 Parganas","Kamarhati","West Bengal"
"Kamarhati","700058","North 24 Parganas","Kamarhati","West Bengal"
"Kamarhati","700058","North 24 Parganas","Kamarhati","West Bengal"
"Kamarhati Mills","700058","South 24 Parganas","24 Parganas","West Bengal"
"Kamari","741180","Nadiad","Krishnagar","West Bengal"
"Kamarpara","733153","West Dinajpur","West Dinajpur","West Bengal"
"Kamarpara Bazar","712101","Hooghly","Chinsurah","West Bengal"
"Kamarpukur","712612","Hooghly","Chinsurah","West Bengal"
"Kamarvita","735135","Jalpaiguri","Jalpaiguri","West Bengal"
"Kamdahari","700084","South 24 Parganas","24 Parganas","West Bengal"
"Kampa","743193","North 24 Parganas","Alipore","West Bengal"
"Kanaipur","712234","Hooghly","Kanaipur","West Bengal"
"Kanchrapara","741251","Nadiad","Kanchrapara","West Bengal"
"Kanchrapara","743145","North 24 Parganas","Kanchrapara","West Bengal"
"Kanchrapara","743145","North 24 Parganas","Kanchrapara","West Bengal"
"Kanchrapara","743145","North 24 Parganas","Kanchrapara","West Bengal"
"Kanchrapara","743145","North 24 Parganas","Kanchrapara","West Bengal"
"Kanchrapara","743145","North 24 Parganas","Kanchrapara","West Bengal"
"Kandi Ho.","742137","Murshidabad","Berhampore","West Bengal"
"Kandi Ho.","742137","Murshidabad","Berhampore","West Bengal"
"Kandra","713129","Bardhaman","Bardhaman","West Bengal"
"Kanki","733209","West Dinajpur","West Dinajpur","West Bengal"
"Kanknara","743126","North 24 Parganas","Alipore","West Bengal"
"Kankurgachi","700054","Calcutta","Kolkata","West Bengal"
"Kantradih","712153","Purulia","Puruliya","West Bengal"
"Kanya Nagar","743398","South 24 Parganas","Barast","West Bengal"
"Kanyapur","713341","Bardhaman","Bardhaman","West Bengal"
"Kapasdanga Ray","712103","Hooghly","Chinsurah","West Bengal"
"Karandighi","733215","West Dinajpur","West Dinajpur","West Bengal"
"Karanjali","743348","South 24 Parganas","Barast","West Bengal"
"Karanjora","733130","West Dinajpur","West Dinajpur","West Bengal"
"Kardah","733149","West Dinajpur","West Dinajpur","West Bengal"
"Karidhya","731126","Birbhum","Suri","West Bengal"
"Karimpur","741152","Nadiad","Karimpur","West Bengal"
"Karnani Memorial Hospial","700020","Calcutta","Kolkata","West Bengal"
"Karsuli Bazar","713347","Bardhaman","Bardhaman","West Bengal"
"Kasba","700042","Calcutta","Kasba","West Bengal"
"Kasha","700042","South 24 Parganas","Barast","West Bengal"
"Kashi Nagar","743349","South 24 Parganas","Barast","West Bengal"
"Kashipur","742191","Murshidabad","Berhampore","West Bengal"
"Kasiadanga","741162","Nadiad","Krishnagar","West Bengal"
"Kastodanga","700061","South 24 Parganas","24 Parganas","West Bengal"
"Kataganj","741250","Nadiad","Krishnagar","West Bengal"
"Kathuripara","741101","Hooghly","Chinsurah","West Bengal"
"Katiahat","743427","North 24 Parganas","Alipore","West Bengal"
"Katwa Bazar","713130","Bardhaman","Bardhaman","West Bengal"
"Katwa College","713130","Bardhaman","Bardhaman","West Bengal"
"Katwa H O","713130","Bardhaman","Bardhaman","West Bengal"
"Katwa Station Bazar","713130","Bardhaman","Bardhaman","West Bengal"
"Kautala","743603","South 24 Parganas","Barast","West Bengal"
"Kechnadanga","741172","Nadiad","Krishnagar","West Bengal"
"Kelornal","721627","Midnapur","Medinipur","West Bengal"
"Kendra","713342","Bardhaman","Bardhaman","West Bengal"
"Kendra","713380","Bardhaman","Bardhaman","West Bengal"
"Kendua","713343","Bardhaman","Kendua","West Bengal"
"Kenduadihi","722102","Bankura","Bankura","West Bengal"
"Kenjakura","722139","Bankura","Bankura","West Bengal"
"Keorapara","711102","Howrah","Howrah","West Bengal"
"Keorapukur Bazar","700082","South 24 Parganas","24 Parganas","West Bengal"
"Keoratala","700026","Calcutta","Kolkata","West Bengal"
"Keota Lat Bagan","712104","Hooghly","Chinsurah","West Bengal"
"Keshabpur","712428","Hooghly","Chinsurah","West Bengal"
"Keshfary","721133","Midnapur","Medinipur","West Bengal"
"Keshiary","721133","Midnapur","Medinipur","West Bengal"
"Keshoram Cotton Mills","700024","Calcutta","Kolkata","West Bengal"
"Keshpur","721150","Bankura","Bankura","West Bengal"
"Keshpur","721150","Midnapur","Medinipur","West Bengal"
"Kesiakole","722155","Bankura","Bankura","West Bengal"
"Ketugram","713140","Bardhaman","Bardhaman","West Bengal"
"Khagra","742103","Murshidabad","Berhampore","West Bengal"
"Khagra","742103","Murshidabad","Berhampore","West Bengal"
"Khajurdihi","713518","Bardhaman","Bardhaman","West Bengal"
"Khakurda","721445","Midnapur","Medinipur","West Bengal"
"Khalisani","712138","Hooghly","Chinsurah","West Bengal"
"Khalisha Bhanga","721433","Midnapur","Medinipur","West Bengal"
"Khalui Bill","713101","Bardhaman","Bardhaman","West Bengal"
"Khamar Chandi","712405","Hooghly","Chinsurah","West Bengal"
"Khamar Gachi","712515","Hooghly","Chinsurah","West Bengal"
"Khana Jn","713141","Bardhaman","Bardhaman","West Bengal"
"Khanakul","712406","Hooghly","Chinsurah","West Bengal"
"Khanchi","721643","Midnapur","Medinipur","West Bengal"
"Khandaghosh","713142","Bardhaman","Bardhaman","West Bengal"
"Khangrapatti","700001","Calcutta","Kolkata","West Bengal"
"Khano","713164","Bardhaman","Bardhaman","West Bengal"
"Khanpur","712308","Hooghly","Chinsurah","West Bengal"
"Khantura","743273","North 24 Parganas","Alipore","West Bengal"
"Khanyan","712157","Hooghly","Chinsurah","West Bengal"
"Kharagpur","721301","Midnapur","Kharagpur","West Bengal"
"Kharagpur","721301","Midnapur","Kharagpur","West Bengal"
"Kharagpur","721301","Midnapur","Kharagpur","West Bengal"
"Kharagpur","721301","Midnapur","Kharagpur","West Bengal"
"Kharagpur Technology","721302","Midnapur","Medinipur","West Bengal"
"Kharar","721222","Midnapur","Kharar","West Bengal"
"Kharba","732150","Malda","English Bazar","West Bengal"
"Khardah","743155","North 24 Parganas","Alipore","West Bengal"
"Khardah","743155","North 24 Parganas","Alipore","West Bengal"
"Khardah","733149","West Dinajpur","West Dinajpur","West Bengal"
"Khargam","742147","Murshidabad","Berhampore","West Bengal"
"Kharibari","734427","Darjeeling","Darjiling","West Bengal"
"Kharika Berubari","735136","Jalpaiguri","Jalpaiguri","West Bengal"
"Kharika Mathani","721159","Midnapur","Medinipur","West Bengal"
"Kharikamathani","721159","Bankura","Bankura","West Bengal"
"Kharimalakhagrabari","736101","Coochbehar","Koch Bihar","West Bengal"
"Kharkusma","721165","Midnapur","Medinipur","West Bengal"
"Khatra","722140","Bankura","Bankura","West Bengal"
"Khejuria Ghat","732127","Malda","English Bazar","West Bengal"
"Kheput","721148","Bankura","Bankura","West Bengal"
"Kheput","721148","Midnapur","Medinipur","West Bengal"
"Khirpal","721232","Midnapur","Medinipur","West Bengal"
"Kholapota","743428","North 24 Parganas","Alipore","West Bengal"
"Khoyrasole","731125","Birbhum","Suri","West Bengal"
"Khujutipara","731215","Birbhum","Suri","West Bengal"
"Khukurdaha","721424","Midnapur","Medinipur","West Bengal"
"Khurut Road","711101","Howrah","Howrah","West Bengal"
"Kidderpore","700023","Calcutta","Kolkata","West Bengal"
"Kirmahar","731302","Birbhum","Suri","West Bengal"
"Kismat Bajkul","721655","Midnapur","Medinipur","West Bengal"
"Kolaghat","721134","Bankura","Kolaghat","West Bengal"
"Kolaghat","721134","Midnapur","Kolaghat","West Bengal"
"Kolaghat","721134","Midnapur","Kolaghat","West Bengal"
"Kolaghat","721134","Midnapur","Kolaghat","West Bengal"
"Kolaghat","721134","Midnapur","Kolaghat","West Bengal"
"Kolaghat","721171","Midnapur","Kolaghat","West Bengal"
"Kolaghat Nutan Bazar","721134","Bankura","Bankura","West Bengal"
"Kolaghat Rly Station","721134","Bankura","Bankura","West Bengal"
"Kolghat Thermal","721134","Bankura","Bankura","West Bengal"
"Kolsur","743438","North 24 Parganas","Alipore","West Bengal"
"Kona","711323","Howrah","Howrah","West Bengal"
"Konnagar","712235","Hooghly","Konnagar","West Bengal"
"Kotalhat","713102","Bardhaman","Bardhaman","West Bengal"
"Kotalpur","722141","Bankura","Bankura","West Bengal"
"Kotasur","731254","Birbhum","Suri","West Bengal"
"Koychar","713143","Bardhaman","Bardhaman","West Bengal"
"Krantihat","735210","Jalpaiguri","Jalpaiguri","West Bengal"
"Krishan Ganj","741506","Nadiad","Krishnagar","West Bengal"
"Krishi Viswa","735210","Jalpaiguri","Jalpaiguri","West Bengal"
"Krishi Viswa Vidyalaya","741252","Nadiad","Krishnagar","West Bengal"
"Krishna Nagar Ho.","741101","Nadiad","Krishnagar","West Bengal"
"Krishna Nagar Ho.","741101","Nadiad","Krishnagar","West Bengal"
"Krishna Nagar Ho.","741101","Nadiad","Krishnagar","West Bengal"
"Krishna Nagar Ho.","741101","Nadiad","Krishnagar","West Bengal"
"Krishna Nagar Ho.","741101","Nadiad","Krishnagar","West Bengal"
"Krishna Nagar Ho.","741101","Nadiad","Krishnagar","West Bengal"
"Krishna Nagar Ho.","741101","Nadiad","Krishnagar","West Bengal"
"Krishna Nagar Ho.","741101","Nadiad","Krishnagar","West Bengal"
"Krishna Nagar Ho.","741101","Nadiad","Krishnagar","West Bengal"
"Krishna Nagar Ho.","741101","Nadiad","Krishnagar","West Bengal"
"Krishna Nagar Ho.","741101","Nadiad","Krishnagar","West Bengal"
"Krishna Nagar Ho.","741101","Nadiad","Krishnagar","West Bengal"
"Krishnagar","712425","Hooghly","Chinsurah","West Bengal"
"Krishnagar Court","741101","Hooghly","Chinsurah","West Bengal"
"Krishnagar H O","741101","Hooghly","Chinsurah","West Bengal"
"Krishnagar R S","741101","Hooghly","Chinsurah","West Bengal"
"Krishnagar Road R S","741101","Hooghly","Chinsurah","West Bengal"
"Krishnapur","712601","Hooghly","Krishnapur","West Bengal"
"Krishnapur","742185","Murshidabad","Krishnapur","West Bengal"
"Kristorampur","712705","Hooghly","Chinsurah","West Bengal"
"Kukrahati","721658","Midnapur","Medinipur","West Bengal"
"Kulgachi","741170","Nadiad","Krishnagar","West Bengal"
"Kuli","742233","Murshidabad","Berhampore","West Bengal"
"Kulpi","743351","South 24 Parganas","Barast","West Bengal"
"Kultali","743360","South 24 Parganas","Barast","West Bengal"
"Kulti","713343","Bardhaman","Kulti","West Bengal"
"Kultikri","721135","Midnapur","Medinipur","West Bengal"
"Kumar Chak","721652","Midnapur","Medinipur","West Bengal"
"Kumarganj","733131","West Dinajpur","West Dinajpur","West Bengal"
"Kumarpara","712222","Hooghly","Chinsurah","West Bengal"
"Kumarpare","700028","Calcutta","Kolkata","West Bengal"
"Kumarpur","713304","Bardhaman","Bardhaman","West Bengal"
"Kumergramduar","736205","Jalpaiguri","Jalpaiguri","West Bengal"
"Kumirmora","712704","Hooghly","Chinsurah","West Bengal"
"Kumra Kashipur","743274","North 24 Parganas","Alipore","West Bengal"
"Kumuri","731252","Birbhum","Suri","West Bengal"
"Kundala","731246","Birbhum","Suri","West Bengal"
"Kundughat","712136","Hooghly","Chinsurah","West Bengal"
"Kunnior","735152","West Dinajpur","West Dinajpur","West Bengal"
"Kurmitala","742150","Murshidabad","Berhampore","West Bengal"
"Kurseong","734203","Darjeeling","Kurseong","West Bengal"
"Kurumgram","731242","Birbhum","Suri","West Bengal"
"Kushida","732152","Malda","English Bazar","West Bengal"
"Kushmandi","733132","West Dinajpur","West Dinajpur","West Bengal"
"Kutubsahar","732146","Malda","English Bazar","West Bengal"
"La Gardens","700045","Calcutta","Kolkata","West Bengal"
"Labony Estate","700056","South 24 Parganas","24 Parganas","West Bengal"
"Labpur","731303","Birbhum","Suri","West Bengal"
"Labpur Mastali","731303","Birbhum","Suri","West Bengal"
"Lagda","723167","Purulia","Puruliya","West Bengal"
"Lajpat Rai Sarani","700020","Calcutta","Kolkata","West Bengal"
"Lake Gardens","700045","South 24 Parganas","Barast","West Bengal"
"Lake Market","700029","Calcutta","Kolkata","West Bengal"
"Lake Town","700089","South 24 Parganas","24 Parganas","West Bengal"
"Lake Town","734404","Darjeeling","Darjiling","West Bengal"
"Lake Town","700089","South 24 Parganas","Barast","West Bengal"
"Lakhya","721654","Midnapur","Medinipur","West Bengal"
"Lakshanpur","723165","Purulia","Puruliya","West Bengal"
"Lakshmi Sagar","722107","Bankura","Bankura","West Bengal"
"Lalbandh","722122","Bankura","Bankura","West Bengal"
"Lalbazar","722101","Bankura","Bankura","West Bengal"
"Lalbazar","700001","Calcutta","Kolkata","West Bengal"
"Lalgarh","721516","Midnapur","Medinipur","West Bengal"
"Lalgola","742148","Murshidabad","Berhampore","West Bengal"
"Landoha","713385","Bardhaman","Bardhaman","West Bengal"
"Lansdown Market","700025","Calcutta","Kolkata","West Bengal"
"Laskarpur","743515","South 24 Parganas","Barast","West Bengal"
"Lataguri","735219","Jalpaiguri","Jalpaiguri","West Bengal"
"Lebong","734105","Darjeeling","Darjiling","West Bengal"
"Liluah","711204","Howrah","Howrah","West Bengal"
"Lily Biscuit","700067","Calcutta","Kolkata","West Bengal"
"Linton Street","700014","Calcutta","Kolkata","West Bengal"
"Little Russel St","700071","Calcutta","Kolkata","West Bengal"
"Llam Bazar","731214","Birbhum","Suri","West Bengal"
"Lllahipur","712407","Hooghly","Chinsurah","West Bengal"
"Llsoba Mondlai","712146","Hooghly","Chinsurah","West Bengal"
"Lohapur","731237","Birbhum","Suri","West Bengal"
"Lokepur","722101","Bankura","Bankura","West Bengal"
"Lopchu","734213","Darjeeling","Darjiling","West Bengal"
"Lowada","721136","Bankura","Bankura","West Bengal"
"Lowada","721136","Midnapur","Medinipur","West Bengal"
"Lutunia","721166","Midnapur","Medinipur","West Bengal"
"M G Avenue","713209","Medinipur","Medinipur","West Bengal"
"Machada","721137","Bankura","Bankura","West Bengal"
"Macheda","721137","Midnapur","Medinipur","West Bengal"
"Madanpur","741245","Nadiad","Madanpur","West Bengal"
"Madarhat","743610","South 24 Parganas","Barast","West Bengal"
"Madarihat","735220","Jalpaiguri","Jalpaiguri","West Bengal"
"Madda","742176","Murshidabad","Berhampore","West Bengal"
"Madhyam Gram","743275","North 24 Parganas","Alipore","West Bengal"
"Madhyam Gram Bazar","743298","North 24 Parganas","Alipore","West Bengal"
"Madpur","721149","Bankura","Bankura","West Bengal"
"Madrassa","700016","Calcutta","Kolkata","West Bengal"
"Magalbari","732142","Malda","English Bazar","West Bengal"
"Magra","712148","Hooghly","Chinsurah","West Bengal"
"Magrahat","743355","South 24 Parganas","Barast","West Bengal"
"Mahadebnagar","742232","Murshidabad","Berhampore","West Bengal"
"Mahadebnati","742172","Murshidabad","Berhampore","West Bengal"
"Mahajanpatti","731224","Birbhum","Suri","West Bengal"
"Mahalandi","742180","Murshidabad","Berhampore","West Bengal"
"Mahanada Project","734435","Darjeeling","Darjiling","West Bengal"
"Mahananda Bridge","734401","Darjeeling","Darjiling","West Bengal"
"Mahatpur","741175","Nadiad","Krishnagar","West Bengal"
"Mahendra Banerjee Road","700060","Calcutta","Kolkata","West Bengal"
"Mahesh-Ii","712248","Hooghly","Chinsurah","West Bengal"
"Mahes-I","712202","Hooghly","Chinsurah","West Bengal"
"Mahestala","743252","South 24 Parganas","Barast","West Bengal"
"Mahisasthali","742178","Murshidabad","Berhampore","West Bengal"
"Mahishadal","721628","Midnapur","Medinipur","West Bengal"
"Mahula","731250","Birbhum","Suri","West Bengal"
"Mainan","712421","Hooghly","Chinsurah","West Bengal"
"Majdia","741507","Nadiad","Krishnagar","West Bengal"
"Majia","722143","Purulia","Puruliya","West Bengal"
"Majihoir","733150","West Dinajpur","West Dinajpur","West Bengal"
"Maju","711414","Howrah","Howrah","West Bengal"
"Makardah","711409","Howrah","Howrah","West Bengal"
"Makhla","712245","Hooghly","Chinsurah","West Bengal"
"Mal H O","735221","Jalpaiguri","Jalpaiguri","West Bengal"
"Malancha Mahinagar","753353","South 24 Parganas","Barast","West Bengal"
"Malatipur","732149","Malda","English Bazar","West Bengal"
"Malda Ho.","732101","Malda","English Bazar","West Bengal"
"Malda Ho.","732101","Malda","English Bazar","West Bengal"
"Malda Ho.","732101","Malda","English Bazar","West Bengal"
"Malda Ho.","732101","Malda","English Bazar","West Bengal"
"Malda Ho.","732101","Malda","English Bazar","West Bengal"
"Malda Ho.","732101","Malda","English Bazar","West Bengal"
"Malda Ho.","732101","Malda","English Bazar","West Bengal"
"Malda Ho.","732101","Malda","English Bazar","West Bengal"
"Malda Ho.","732101","Malda","English Bazar","West Bengal"
"Maliara","722142","Bankura","Bankura","West Bengal"
"Mall Road","700080","South 24 Parganas","24 Parganas","West Bengal"
"Mall Road","700080","North 24 Parganas","Alipore","West Bengal"
"Mallarpur","731216","Birbhum","Suri","West Bengal"
"Mallickpara","712203","Hooghly","Chinsurah","West Bengal"
"Man Bazar","723131","Purulia","Puruliya","West Bengal"
"Manabari","735222","Jalpaiguri","Jalpaiguri","West Bengal"
"Mandalghat","735139","Jalpaiguri","Jalpaiguri","West Bengal"
"Mandalgram","713426","Bardhaman","Bardhaman","West Bengal"
"Mandalpara","743245","North 24 Parganas","Alipore","West Bengal"
"Mandir Bazar","743394","South 24 Parganas","Barast","West Bengal"
"Mangalamaro","721434","Midnapur","Medinipur","West Bengal"
"Mangalkote","713174","Bardhaman","Bardhaman","West Bengal"
"Mangpoo","734313","Darjeeling","Darjiling","West Bengal"
"Mangria","723149","Purulia","Puruliya","West Bengal"
"Manicktala Bazar","712201","Hooghly","Chinsurah","West Bengal"
"Manigram","742237","Murshidabad","Berhampore","West Bengal"
"Manihara","723168","Purulia","Puruliya","West Bengal"
"Manik Chak","732202","Malda","English Bazar","West Bengal"
"Manikpara","721513","Midnapur","Medinipur","West Bengal"
"Maniktala","700006","Calcutta","Kolkata","West Bengal"
"Manikura","711416","Howrah","Howrah","West Bengal"
"Mankar","713144","Bardhaman","Bardhaman","West Bengal"
"Mansadwip","743390","South 24 Parganas","Barast","West Bengal"
"Manstala","700023","Calcutta","Kolkata","West Bengal"
"Manteswar","713145","Bardhaman","Bardhaman","West Bengal"
"Margram","731217","Birbhum","Suri","West Bengal"
"Marhtala","721156","Bankura","Bankura","West Bengal"
"Marhtala","721156","Midnapur","Medinipur","West Bengal"
"Marisda","721449","Midnapur","Medinipur","West Bengal"
"Market","700023","Calcutta","Kolkata","West Bengal"
"Masjidlane","712248","Hooghly","Chinsurah","West Bengal"
"Maslandapur","743289","North 24 Parganas","Maslandapur","West Bengal"
"Matehi","735223","Jalpaiguri","Jalpaiguri","West Bengal"
"Mathabhanga","736146","Coochbehar","Mathabhanga","West Bengal"
"Mathchandipur","721659","Midnapur","Medinipur","West Bengal"
"Mathurabagan","736204","Coochbehar","Koch Bihar","West Bengal"
"Mathurakati","721306","Midnapur","Medinipur","West Bengal"
"Mathurapur","732203","Malda","English Bazar","West Bengal"
"Mathurapur Rs","743354","South 24 Parganas","Barast","West Bengal"
"Matiari","741153","Nadiad","Krishnagar","West Bengal"
"Matigara","734428","Darjeeling","Darjiling","West Bengal"
"Mayapur","712413","Hooghly","Chinsurah","West Bengal"
"Maydah","743388","South 24 Parganas","Barast","West Bengal"
"Maynaguri","735224","Jalpaiguri","Jalpaiguri","West Bengal"
"Mayureswar","731218","Birbhum","Suri","West Bengal"
"Mecheal Nagar","743296","North 24 Parganas","Alipore","West Bengal"
"Mejia","722143","Bankura","Bankura","West Bengal"
"Mekliganj","735304","Coochbehar","Mekliganj","West Bengal"
"Memari","713146","Bardhaman","Memari","West Bengal"
"Memari Bazar","713146","Bardhaman","Bardhaman","West Bengal"
"Menkapur","721435","Midnapur","Medinipur","West Bengal"
"Metia","743440","South 24 Parganas","24 Parganas","West Bengal"
"Metia","743440","North 24 Parganas","Alipore","West Bengal"
"Miahat","732155","Malda","English Bazar","West Bengal"
"Middleton Row","700071","Calcutta","Kolkata","West Bengal"
"Midnapore Collectorate","721101","Bankura","Bankura","West Bengal"
"Midnapore Court","721101","Bankura","Bankura","West Bengal"
"Midnapore Dist","721101","Bankura","Bankura","West Bengal"
"Midnapore H O","721101","Bankura","Bankura","West Bengal"
"Midnapore Sitala","721101","Bankura","Bankura","West Bengal"
"Midnapur Ho.","721101","Midnapur","Medinipur","West Bengal"
"Midnapur Ho.","721101","Midnapur","Medinipur","West Bengal"
"Midnapur Ho.","721101","Midnapur","Medinipur","West Bengal"
"Midnapur Ho.","721101","Midnapur","Medinipur","West Bengal"
"Midnapur Ho.","721101","Midnapur","Medinipur","West Bengal"
"Midnapur Ho.","721101","Midnapur","Medinipur","West Bengal"
"Midnapur Ho.","721101","Midnapur","Medinipur","West Bengal"
"Midnapur Ho.","721101","Midnapur","Medinipur","West Bengal"
"Milangarh","732156","Malda","English Bazar","West Bengal"
"Milki","732211","Malda","English Bazar","West Bengal"
"Minakhan","743441","South 24 Parganas","Barast","West Bengal"
"Minnan","712421","Nadiad","Krishnagar","West Bengal"
"Mirik","734214","Darjeeling","Mirik","West Bengal"
"Mirikpur","721649","Midnapur","Medinipur","West Bengal"
"Mirzapur","742190","Murshidabad","Berhampore","West Bengal"
"Mithani","713371","Bardhaman","Bardhaman","West Bengal"
"Mogra","722148","Bankura","Bankura","West Bengal"
"Mograhat","743355","South 24 Parganas","Barast","West Bengal"
"Mohammad Bazar","731127","Birbhum","Suri","West Bengal"
"Mohanlal Bhalwala Road","711201","Howrah","Howrah","West Bengal"
"Mohanpur","721436","Midnapur","Medinipur","West Bengal"
"Mohanpur","741246","Nadiad","Krishnagar","West Bengal"
"Mohantapara","735101","Jalpaiguri","Jalpaiguri","West Bengal"
"Mohar","721161","Midnapur","Medinipur","West Bengal"
"Mohisila Colony","713303","Bardhaman","Bardhaman","West Bengal"
"Molcypur","712420","Hooghly","Chinsurah","West Bengal"
"Mominpore","700027","Calcutta","Kolkata","West Bengal"
"Morepukur","712205","Hooghly","Chinsurah","West Bengal"
"Mosat","712701","Hooghly","Chinsurah","West Bengal"
"Mothabari","732207","Malda","English Bazar","West Bengal"
"Motijheel","700074","South 24 Parganas","24 Parganas","West Bengal"
"Motijheel","700074","North 24 Parganas","Alipore","West Bengal"
"Motijheel","700074","North 24 Parganas","Alipore","West Bengal"
"Mott Lane","700013","Calcutta","Kolkata","West Bengal"
"Mount Eagle Villa","734101","Darjeeling","Darjiling","West Bengal"
"Moyna","721629","Midnapur","Medinipur","West Bengal"
"Mudpoint","743356","South 24 Parganas","Barast","West Bengal"
"Mugkalyan","711312","Howrah","Howrah","West Bengal"
"Mukdumpur","732103","Malda","English Bazar","West Bengal"
"Mukundapally","731223","Birbhum","Suri","West Bengal"
"Munshirhat","711410","Howrah","Howrah","West Bengal"
"Muradi","723156","Purulia","Puruliya","West Bengal"
"Muragacha","741154","Nadiad","Krishnagar","West Bengal"
"Murarai","731219","Birbhum","Suri","West Bengal"
"Muraripur","713419","Bardhaman","Bardhaman","West Bengal"
"Mussung","734315","Darjeeling","Darjiling","West Bengal"
"Naba Nagar","743136","North 24 Parganas","Alipore","West Bengal"
"Nabadwip Ho.","741302","Nadiad","Krishnagar","West Bengal"
"Nabadwip Ho.","741302","Nadiad","Krishnagar","West Bengal"
"Nabadwip Ho.","741302","Nadiad","Krishnagar","West Bengal"
"Nabadwip Ho.","741302","Nadiad","Krishnagar","West Bengal"
"Nabadwip Ho.","741302","Nadiad","Krishnagar","West Bengal"
"Nabadwip Ho.","741302","Nadiad","Krishnagar","West Bengal"
"Nabadwip Ho.","741302","Nadiad","Krishnagar","West Bengal"
"Nabadwip Ho.","741302","Nadiad","Krishnagar","West Bengal"
"Nabadwip Ho.","741302","Nadiad","Krishnagar","West Bengal"
"Nabadwip Ho.","741302","Nadiad","Krishnagar","West Bengal"
"Nabagram","713166","Bardhaman","Nabagram","West Bengal"
"Nabagram","712246","Hooghly","Nabagram","West Bengal"
"Nabagram","742184","Murshidabad","Nabagram","West Bengal"
"Nabarun","742236","Murshidabad","Berhampore","West Bengal"
"Nabasan","731141","Birbhum","Suri","West Bengal"
"Nacginda Bazar","721444","Midnapur","Medinipur","West Bengal"
"Nadia School Board","741101","Hooghly","Chinsurah","West Bengal"
"Nadiha","713387","Bardhaman","Bardhaman","West Bengal"
"Nagari","731137","Birbhum","Suri","West Bengal"
"Nagaruka","741257","Nadiad","Krishnagar","West Bengal"
"Nagendra Nagar","741101","Hooghly","Chinsurah","West Bengal"
"Nagrakata","735225","Jalpaiguri","Jalpaiguri","West Bengal"
"Nagrispur","734215","Darjeeling","Darjiling","West Bengal"
"Nahta","743290","North 24 Parganas","Alipore","West Bengal"
"Naihati","743164","North 24 Parganas","Naihati","West Bengal"
"Naihati","743165","North 24 Parganas","Naihati","West Bengal"
"Naikuri","721630","Midnapur","Medinipur","West Bengal"
"Naksalbari","734429","Darjeeling","Darjiling","West Bengal"
"Naktala","700047","Calcutta","Kolkata","West Bengal"
"Naktala","700047","South 24 Parganas","Barast","West Bengal"
"Naktala","700047","South 24 Parganas","Barast","West Bengal"
"Nalhati","731220","Birbhum","Suri","West Bengal"
"Nalhati Township","731243","Birbhum","Suri","West Bengal"
"Nalikul","712407","Hooghly","Chinsurah","West Bengal"
"Nalini Ranjan Avenue","700053","Calcutta","Kolkata","West Bengal"
"Nalna","743605","South 24 Parganas","Barast","West Bengal"
"Namkhana","743357","South 24 Parganas","Barast","West Bengal"
"Namopara","723103","Purulia","Puruliya","West Bengal"
"Nanachandanpukur","743102","North 24 Parganas","Alipore","West Bengal"
"Nanachandanpukur","743102","North 24 Parganas","Alipore","West Bengal"
"Nandakumar","721632","Midnapur","Medinipur","West Bengal"
"Nandan Nagar","700083","North 24 Parganas","Alipore","West Bengal"
"Nandanghat","741312","Nadiad","Krishnagar","West Bengal"
"Nandannagar","700083","South 24 Parganas","24 Parganas","West Bengal"
"Nandi","713344","Bardhaman","Bardhaman","West Bengal"
"Nandigram","721631","Midnapur","Medinipur","West Bengal"
"Naoginda Bazar","721444","Midnapur","Medinipur","West Bengal"
"Narayan Bazar","733142","West Dinajpur","West Dinajpur","West Bengal"
"Narayanagarh","721437","Midnapur","Medinipur","West Bengal"
"Narayanpur","731239","Birbhum","Suri","West Bengal"
"Narayanpur","713512","Bardhaman","Bardhaman","West Bengal"
"Narayanpur","732141","Malda","English Bazar","West Bengal"
"Narendrapur","743508","South 24 Parganas","Barast","West Bengal"
"Narghat","721633","Midnapur","Medinipur","West Bengal"
"Narghat L/S","721669","Midnapur","Medinipur","West Bengal"
"Narkeldanga","700011","Calcutta","Kolkata","West Bengal"
"Narsinghbandh","713325","Bardhaman","Bardhaman","West Bengal"
"Nashipur Balagachi","742169","Murshidabad","Berhampore","West Bengal"
"Nashipur Rajbati","742160","Murshidabad","Berhampore","West Bengal"
"Nasigram","713165","Bardhaman","Bardhaman","West Bengal"
"Nasra","741202","Nadiad","Nasra","West Bengal"
"Natagarh","743175","North 24 Parganas","Alipore","West Bengal"
"Nathuahat","735233","Jalpaiguri","Jalpaiguri","West Bengal"
"Natibpur","712416","Hooghly","Natibpur","West Bengal"
"National Library","700027","Calcutta","Kolkata","West Bengal"
"Natsal","721660","Midnapur","Medinipur","West Bengal"
"Navapalli","743203","North 24 Parganas","Alipore","West Bengal"
"Nawabpur","712703","Hooghly","Chinsurah","West Bengal"
"Nawadapara","700057","South 24 Parganas","24 Parganas","West Bengal"
"Nayabasat","721257","Midnapur","Medinipur","West Bengal"
"Nayagram","721138","Bankura","Bankura","West Bengal"
"Nayagram","721138","Midnapur","Medinipur","West Bengal"
"Nayasarai","712513","Hooghly","Chinsurah","West Bengal"
"Nazathkhola","743442","North 24 Parganas","Alipore","West Bengal"
"Nazipur","741165","Nadiad","Krishnagar","West Bengal"
"Neamatpur","713359","Bardhaman","Bardhaman","West Bengal"
"Nekursini","721451","Midnapur","Medinipur","West Bengal"
"Nengha","713370","Bardhaman","Bardhaman","West Bengal"
"Neradaul","721260","Midnapur","Medinipur","West Bengal"
"Netaji Colony","700090","South 24 Parganas","24 Parganas","West Bengal"
"Netaji Subhas","711108","Howrah","Howrah","West Bengal"
"Netaji Subhas Sanitorium","741251","Nadiad","Krishnagar","West Bengal"
"Netajigarh","711108","Howrah","Howrah","West Bengal"
"Netajinagar","700040","Calcutta","Kolkata","West Bengal"
"Neturia","723150","Purulia","Puruliya","West Bengal"
"New Alipore","700053","Calcutta","Kolkata","West Bengal"
"New Barrackpore","743276","North 24 Parganas","Alipore","West Bengal"
"New Lands","736203","Jalpaiguri","Jalpaiguri","West Bengal"
"New Market","700087","Calcutta","Kolkata","West Bengal"
"New Sadlichak","732159","Malda","English Bazar","West Bengal"
"New Secretariate Bldg","700001","Calcutta","Kolkata","West Bengal"
"Nibhuji Bazar","713434","Bardhaman","Bardhaman","West Bengal"
"Nigamnagar","736150","Coochbehar","Koch Bihar","West Bengal"
"Niganj Bazar","743120","North 24 Parganas","Alipore","West Bengal"
"Nilkuthi","736156","Coochbehar","Koch Bihar","West Bengal"
"Nimpith Ramakrishna Mission Ashram","743338","South 24 Parganas","Barast","West Bengal"
"Nimpith Ramkrishna","736156","Coochbehar","Koch Bihar","West Bengal"
"Nimpura","721304","Midnapur","Medinipur","West Bengal"
"Nimta","700049","Calcutta","Kolkata","West Bengal"
"Nimta","700049","North 24 Parganas","Alipore","West Bengal"
"Nimtita","742224","Murshidabad","Berhampore","West Bengal"
"Niramay Sanatorium","713370","Bardhaman","Bardhaman","West Bengal"
"Nischintapur","722147","Bankura","Bankura","West Bengal"
"Nischintapur","743374","South 24 Parganas","Barast","West Bengal"
"Noada","742183","Murshidabad","Berhampore","West Bengal"
"Noanpara","743707","North 24 Parganas","Alipore","West Bengal"
"Noanpara Barasat","743202","North 24 Parganas","Alipore","West Bengal"
"Noapara","700090","Bardhaman","Bardhaman","West Bengal"
"Nolbana","721259","Midnapur","Medinipur","West Bengal"
"Norghat","721663","Midnapur","Medinipur","West Bengal"
"North Bengal University","734430","Darjeeling","Darjiling","West Bengal"
"North Point","734103","Darjeeling","Darjiling","West Bengal"
"Northern Avenue","700037","Calcutta","Kolkata","West Bengal"
"Nutan Bazar","721101","Bankura","Bankura","West Bengal"
"Nutan Bazar","741101","Hooghly","Chinsurah","West Bengal"
"Nutan Bazar","735224","Jalpaiguri","Jalpaiguri","West Bengal"
"Nutanbazar","712601","Hooghly","Chinsurah","West Bengal"
"Nutanchati","722101","Bankura","Bankura","West Bengal"
"Nutandanga","713381","Bardhaman","Bardhaman","West Bengal"
"Nutanganj","713102","Bardhaman","Bardhaman","West Bengal"
"Nutanhat","713147","Bardhaman","Bardhaman","West Bengal"
"Nutanpalli","713101","Bardhaman","Bardhaman","West Bengal"
"Olabibitala","711104","Howrah","Howrah","West Bengal"
"Old Jagacha","711311","Howrah","Howrah","West Bengal"
"Old Jagacha","711321","Howrah","Howrah","West Bengal"
"Old Khargtpur","721307","Midnapur","Medinipur","West Bengal"
"Old Malda","732128","Malda","English Bazar","West Bengal"
"Onda","722144","Bankura","Bankura","West Bengal"
"Ordnance Factory","700028","Calcutta","Kolkata","West Bengal"
"Orgram","713167","Bardhaman","Bardhaman","West Bengal"
"Oyaria","713345","Bardhaman","Bardhaman","West Bengal"
"Pachal Bazar","711101","Howrah","Howrah","West Bengal"
"Paglachandi","741181","Nadiad","Krishnagar","West Bengal"
"Paharhati","713168","Bardhaman","Bardhaman","West Bengal"
"Paharpur Garden","700024","Calcutta","Kolkata","West Bengal"
"Paichak","721667","Midnapur","Medinipur","West Bengal"
"Paigara","731138","Birbhum","Suri","West Bengal"
"Paikar","731221","Birbhum","Suri","West Bengal"
"Paikpara","700002","Calcutta","Kolkata","West Bengal"
"Paikpari","721134","Bankura","Bankura","West Bengal"
"Pakhanna","722208","Bankura","Bankura","West Bengal"
"Pakhuria","732213","Malda","English Bazar","West Bengal"
"Paknahat","732138","Malda","English Bazar","West Bengal"
"Palas Bagan","713202","Medinipur","Medinipur","West Bengal"
"Palashipara","741155","Nadiad","Krishnagar","West Bengal"
"Palla","743701","North 24 Parganas","Alipore","West Bengal"
"Palpara","712136","Hooghly","Chinsurah","West Bengal"
"Palpara","721167","Midnapur","Medinipur","West Bengal"
"Panabasti","735226","Jalpaiguri","Jalpaiguri","West Bengal"
"Panagarh","713420","Bardhaman","Bardhaman","West Bengal"
"Panagarh Bazar","713148","Bardhaman","Bardhaman","West Bengal"
"Panchakotraj","723132","Purulia","Puruliya","West Bengal"
"Panchanastala","711101","Howrah","Howrah","West Bengal"
"Pancharule","711225","Howrah","Howrah","West Bengal"
"Panchetgarh","721438","Midnapur","Medinipur","West Bengal"
"Panchhiara","731140","Birbhum","Suri","West Bengal"
"Panchla","711322","Howrah","Panchla","West Bengal"
"Panchmura","722156","Bankura","Bankura","West Bengal"
"Panchpota","743516","South 24 Parganas","Barast","West Bengal"
"Panchrahat","731133","Birbhum","Suri","West Bengal"
"Panchrol","721447","Midnapur","Medinipur","West Bengal"
"Panchsowa","731255","Birbhum","Suri","West Bengal"
"Panchthupai","742161","Murshidabad","Berhampore","West Bengal"
"Pandapra Kalibari","735132","Jalpaiguri","Jalpaiguri","West Bengal"
"Pandaveswar","713346","Bardhaman","Bardhaman","West Bengal"
"Pandua","712149","Hooghly","Pandua","West Bengal"
"Panihati","743176","North 24 Parganas","Panihati","West Bengal"
"Panihati","743176","North 24 Parganas","Panihati","West Bengal"
"Paniparul","721448","Midnapur","Medinipur","West Bengal"
"Panitras","711325","Howrah","Howrah","West Bengal"
"Panjipara","733208","West Dinajpur","West Dinajpur","West Bengal"
"Pankhabari","734217","Darjeeling","Darjiling","West Bengal"
"Panpara","735101","Jalpaiguri","Jalpaiguri","West Bengal"
"Pansila","743180","North 24 Parganas","Alipore","West Bengal"
"Panskura","721139","Bankura","Bankura","West Bengal"
"Panskura R S","721152","Bankura","Bankura","West Bengal"
"Panskurah R.S.","721152","Midnapur","Medinipur","West Bengal"
"Pantihal","711415","Howrah","Howrah","West Bengal"
"Panuhat","713516","Bardhaman","Panuhat","West Bengal"
"Panuria","731135","Birbhum","Suri","West Bengal"
"Panwarbasti","735221","Jalpaiguri","Jalpaiguri","West Bengal"
"Pappakudi","712906","Hooghly","Chinsurah","West Bengal"
"Para","723155","Purulia","Puruliya","West Bengal"
"Paramanandapur","721644","Midnapur","Medinipur","West Bengal"
"Paranpur","732204","Malda","English Bazar","West Bengal"
"Parascole","713382","Bardhaman","Bardhaman","West Bengal"
"Parasea","713384","Bardhaman","Bardhaman","West Bengal"
"Parchanantala","700034","Calcutta","Kolkata","West Bengal"
"Pargopalnagar","712418","Hooghly","Chinsurah","West Bengal"
"Park Circus","700017","Calcutta","Kolkata","West Bengal"
"Park Street H O","700016","Calcutta","Kolkata","West Bengal"
"Parnasripally","700060","Calcutta","Kolkata","West Bengal"
"Parnasripally","700060","South 24 Parganas","Barast","West Bengal"
"Paschim Barisha","700063","South 24 Parganas","24 Parganas","West Bengal"
"Paschim Putiary","700041","South 24 Parganas","Barast","West Bengal"
"Paschim Putuary","700041","Calcutta","Kolkata","West Bengal"
"Patadanga","731139","Birbhum","Suri","West Bengal"
"Patakura","736101","Coochbehar","Koch Bihar","West Bengal"
"Pataspur","721439","Midnapur","Medinipur","West Bengal"
"Pathankhali","743611","South 24 Parganas","Barast","West Bengal"
"Pathar Pratima","743371","South 24 Parganas","Barast","West Bengal"
"Pathuriaghata","700006","Calcutta","Kolkata","West Bengal"
"Patipukur","700048","Calcutta","Kolkata","West Bengal"
"Patiram","733133","West Dinajpur","West Dinajpur","West Bengal"
"Patkabari","732162","Malda","English Bazar","West Bengal"
"Patrasayer","722206","Bankura","Bankura","West Bengal"
"Patrika","700003","Calcutta","Kolkata","West Bengal"
"Pausi","721465","Midnapur","Medinipur","West Bengal"
"Peardola","722145","Bankura","Bankura","West Bengal"
"Pedong","734311","Darjeeling","Darjiling","West Bengal"
"Petrapole","743705","North 24 Parganas","Alipore","West Bengal"
"Petuli","713512","Bardhaman","Bardhaman","West Bengal"
"Phansidewa","734434","Darjeeling","Darjiling","West Bengal"
"Phuguri","734218","Darjeeling","Darjiling","West Bengal"
"Phulbagan","700054","Calcutta","Kolkata","West Bengal"
"Picnic Garden","700039","Calcutta","Kolkata","West Bengal"
"Pilgrim Road","722101","Bankura","Bankura","West Bengal"
"Pingla","721140","Bankura","Bankura","West Bengal"
"Pingla","721140","Midnapur","Medinipur","West Bengal"
"Pipulpati","712103","Hooghly","Chinsurah","West Bengal"
"Piyali Town","743387","South 24 Parganas","Barast","West Bengal"
"Plant Durgapur","713210","Medinipur","Medinipur","West Bengal"
"Plassey","741156","Nadiad","Krishnagar","West Bengal"
"Plassey Sugar Mill","741157","Nadiad","Krishnagar","West Bengal"
"Pokhriabong","734216","Darjeeling","Darjiling","West Bengal"
"Polba","712154","Hooghly","Chinsurah","West Bengal"
"Postal Stores Depot","700002","Calcutta","Kolkata","West Bengal"
"Power Project","721134","Bankura","Bankura","West Bengal"
"Pownan","712307","Hooghly","Chinsurah","West Bengal"
"Pradhannagar","734403","Darjeeling","Darjiling","West Bengal"
"Prafullakhanan","743511","North 24 Parganas","Alipore","West Bengal"
"Pranabanandapalli","731101","Birbhum","Suri","West Bengal"
"Prasadpur","712426","Hooghly","Chinsurah","West Bengal"
"Prasannanagar","735133","Jalpaiguri","Jalpaiguri","West Bengal"
"Pratapdighi","721440","Midnapur","Medinipur","West Bengal"
"Pratapnagar","712422","Hooghly","Chinsurah","West Bengal"
"Pratappur","712101","Hooghly","Chinsurah","West Bengal"
"Pravashnagar","712149","Hooghly","Chinsurah","West Bengal"
"Prince Golam","700032","Calcutta","Kolkata","West Bengal"
"Princeep Street","700072","Calcutta","Kolkata","West Bengal"
"Priti Nagar","741247","Nadiad","Krishnagar","West Bengal"
"Protisthan","700026","Calcutta","Kolkata","West Bengal"
"Pubrun","732215","Malda","English Bazar","West Bengal"
"Puinan","712305","Hooghly","Chinsurah","West Bengal"
"Pulrita","721154","Midnapur","Medinipur","West Bengal"
"Pulsita","721154","Bankura","Bankura","West Bengal"
"Puncha","723151","Purulia","Puruliya","West Bengal"
"Pundi","742228","Murshidabad","Berhampore","West Bengal"
"Pundibari","736165","Coochbehar","Koch Bihar","West Bengal"
"Purandarpur","731129","Birbhum","Suri","West Bengal"
"Purandarpur","742171","Murshidabad","Berhampore","West Bengal"
"Purba Barisha","700008","Calcutta","Kolkata","West Bengal"
"Purba Pitiary","700093","South 24 Parganas","Barast","West Bengal"
"Purbasthali","713513","Bardhaman","Bardhaman","West Bengal"
"Purbe Sinthee","700030","Calcutta","Kolkata","West Bengal"
"Purulia Ho.","723101","Purulia","Puruliya","West Bengal"
"Purulia Ho.","723101","Purulia","Puruliya","West Bengal"
"Purulia Ho.","723101","Purulia","Puruliya","West Bengal"
"Purulia Ho.","723101","Purulia","Puruliya","West Bengal"
"Purulia Ho.","723101","Purulia","Puruliya","West Bengal"
"Putadanga","731139","Birbhum","Suri","West Bengal"
"Qumaresh","711106","Howrah","Howrah","West Bengal"
"R G Kar M C Hospital","700004","Calcutta","Kolkata","West Bengal"
"R N Mukherjee Road","700001","Calcutta","Kolkata","West Bengal"
"Rabindra Nagar","700065","North 24 Parganas","Alipore","West Bengal"
"Rabindra Nagar","700065","North 24 Parganas","Alipore","West Bengal"
"Rabindra Sarani","734406","Darjeeling","Darjiling","West Bengal"
"Rabindranagar","700065","South 24 Parganas","24 Parganas","West Bengal"
"Rabindranagar","700018","Calcutta","Kolkata","West Bengal"
"Rabindranagar","712150","Hooghly","Chinsurah","West Bengal"
"Racecoursepara","735101","Jalpaiguri","Jalpaiguri","West Bengal"
"Radha Bazar","700001","Calcutta","Kolkata","West Bengal"
"Radha Nagar","741104","Nadiad","Krishnagar","West Bengal"
"Radhamohanpur","721160","Bankura","Bankura","West Bengal"
"Radhanagar Rly Colony","713372","Bardhaman","Bardhaman","West Bengal"
"Radharghat","742187","Murshidabad","Berhampore","West Bengal"
"Radhmohanpur","721160","Midnapur","Medinipur","West Bengal"
"Raghunathbari","721634","Midnapur","Medinipur","West Bengal"
"Raghunathganj Ho.","742225","Murshidabad","Berhampore","West Bengal"
"Raghunathganj Ho.","742225","Murshidabad","Berhampore","West Bengal"
"Raghunathganj Ho.","742225","Murshidabad","Berhampore","West Bengal"
"Raghunathpur","712247","Hooghly","Raghunathpur","West Bengal"
"Raghunathpur","723133","Purulia","Raghunathpur","West Bengal"
"Rahamatdanga","713325","Bardhaman","Bardhaman","West Bengal"
"Rahara","743186","North 24 Parganas","Alipore","West Bengal"
"Raichak","721667","Midnapur","Medinipur","West Bengal"
"Raidak","736201","Jalpaiguri","Jalpaiguri","West Bengal"
"Raidighi","743383","South 24 Parganas","Barast","West Bengal"
"Raiendra Avenue","712258","Hooghly","Chinsurah","West Bengal"
"Raiganj","733134","West Dinajpur","Raiganj","West Bengal"
"Raijamna","712151","Hooghly","Chinsurah","West Bengal"
"Railpar","713202","Medinipur","Medinipur","West Bengal"
"Raina","713421","Bardhaman","Bardhaman","West Bengal"
"Raja Bhat Khawa","735227","Jalpaiguri","Jalpaiguri","West Bengal"
"Raja Janakinath","700023","Calcutta","Kolkata","West Bengal"
"Rajabagan","700028","Calcutta","Kolkata","West Bengal"
"Rajabagan Dok Yeard","700044","Calcutta","Kolkata","West Bengal"
"Rajabazar","712125","Hooghly","Chinsurah","West Bengal"
"Rajagram","722146","Bankura","Bankura","West Bengal"
"Rajarampur","742151","Murshidabad","Berhampore","West Bengal"
"Rajarhat","743510","North 24 Parganas","Alipore","West Bengal"
"Rajarhat Gopalpur","743518","North 24 Parganas","Rajarhat Gopalpur","West Bengal"
"Rajbalhat","712408","Hooghly","Chinsurah","West Bengal"
"Rajbari Colony","700081","South 24 Parganas","24 Parganas","West Bengal"
"Rajbari Colony","700081","North 24 Parganas","Alipore","West Bengal"
"Rajgaon","731222","Birbhum","Suri","West Bengal"
"Rajharipara","735101","Jalpaiguri","Jalpaiguri","West Bengal"
"Rajhati Bandar","712417","Hooghly","Chinsurah","West Bengal"
"Rajibpur","743702","North 24 Parganas","Alipore","West Bengal"
"Rajnagar","731130","Birbhum","Suri","West Bengal"
"Rajpur","743358","South 24 Parganas","Barast","West Bengal"
"Rajpur","743358","South 24 Parganas","Barast","West Bengal"
"Ram Krishan Sikshapith","731223","Midnapur","Medinipur","West Bengal"
"Ram Krishna Samadhi Rd","700054","Calcutta","Kolkata","West Bengal"
"Ramachandrapur Ashram","723144","Purulia","Puruliya","West Bengal"
"Rambandh","713325","Bardhaman","Bardhaman","West Bengal"
"Rambandhutala","713303","Bardhaman","Bardhaman","West Bengal"
"Ramchandrapur","721647","Midnapur","Ramchandrapur","West Bengal"
"Ramesagar","722147","Bankura","Bankura","West Bengal"
"Rameswarpur","712152","Hooghly","Chinsurah","West Bengal"
"Ramganj","733207","West Dinajpur","West Dinajpur","West Bengal"
"Ramgarh","721141","Bankura","Bankura","West Bengal"
"Ramgarh","721141","Midnapur","Medinipur","West Bengal"
"Ramjhora","735228","Jalpaiguri","Jalpaiguri","West Bengal"
"Ramjibanpur","721242","Midnapur","Ramjibanpur","West Bengal"
"Ramkanali","723160","Purulia","Puruliya","West Bengal"
"Ramkanta Nagar","743381","South 24 Parganas","Barast","West Bengal"
"Ramkrishna Park","700025","Calcutta","Kolkata","West Bengal"
"Ramkrishna Seva","700026","Calcutta","Kolkata","West Bengal"
"Ramkrishnapur","711101","Howrah","Howrah","West Bengal"
"Ramlakhi Basti Lane","743194","North 24 Parganas","Alipore","West Bengal"
"Ramnagar","712411","Hooghly","Ramnagar","West Bengal"
"Ramnagar","721441","Midnapur","Ramnagar","West Bengal"
"Ramnathpur","712153","Hooghly","Chinsurah","West Bengal"
"Rampur","733140","West Dinajpur","West Dinajpur","West Bengal"
"Rampurhat H O","731224","Birbhum","Suri","West Bengal"
"Rampurhat Railpur","731224","Birbhum","Suri","West Bengal"
"Ramrajatala","711104","Howrah","Howrah","West Bengal"
"Ramtarakhat","721142","Bankura","Bankura","West Bengal"
"Ramtarakhat","721142","Midnapur","Medinipur","West Bengal"
"Ranabandh","741190","Nadiad","Krishnagar","West Bengal"
"Ranaghat Ho.","741201","Nadiad","Krishnagar","West Bengal"
"Ranaghat Ho.","741201","Nadiad","Krishnagar","West Bengal"
"Ranaghat Ho.","741201","Nadiad","Krishnagar","West Bengal"
"Ranaghat Ho.","741201","Nadiad","Krishnagar","West Bengal"
"Ranaghat Ho.","741201","Nadiad","Krishnagar","West Bengal"
"Ranaghat Ho.","741201","Nadiad","Krishnagar","West Bengal"
"Ranaghat Ho.","741201","Nadiad","Krishnagar","West Bengal"
"Rangabelia","743602","South 24 Parganas","Barast","West Bengal"
"Rangadip","723143","Purulia","Puruliya","West Bengal"
"Rangli Rangliot","734226","Darjeeling","Darjiling","West Bengal"
"Ranibandh","722148","Bankura","Bankura","West Bengal"
"Raniganj H O","713347","Bardhaman","Bardhaman","West Bengal"
"Raninagar","742308","Murshidabad","Berhampore","West Bengal"
"Ranirhat","735236","Jalpaiguri","Jalpaiguri","West Bengal"
"Ranisayar","713101","Bardhaman","Bardhaman","West Bengal"
"Ranshet Wadi","700025","Calcutta","Kolkata","West Bengal"
"Rash Behari Avenue","700029","Calcutta","Kolkata","West Bengal"
"Rashkhwahat","733212","West Dinajpur","West Dinajpur","West Bengal"
"Rasikganj","722122","Bankura","Bankura","West Bengal"
"Rasorah","742139","Murshidabad","Berhampore","West Bengal"
"Rasulpur","713151","Bardhaman","Bardhaman","West Bengal"
"Rathkhola","734401","Darjeeling","Darjiling","West Bengal"
"Rathtala","700056","South 24 Parganas","24 Parganas","West Bengal"
"Ratna","732205","Malda","English Bazar","West Bengal"
"Rauth Khana","712429","Hooghly","Chinsurah","West Bengal"
"Reach","700024","Calcutta","Kolkata","West Bengal"
"Reapara","721650","Midnapur","Medinipur","West Bengal"
"Regent Estate","700092","South 24 Parganas","24 Parganas","West Bengal"
"Regent Estate","700092","South 24 Parganas","Barast","West Bengal"
"Regent Park","700040","Calcutta","Kolkata","West Bengal"
"Regent Park","700040","South 24 Parganas","Barast","West Bengal"
"Regent Park","700040","South 24 Parganas","Barast","West Bengal"
"Renishiganj","736257","Coochbehar","Koch Bihar","West Bengal"
"Reserve Bank Building","700001","Calcutta","Kolkata","West Bengal"
"Rishra","712248","Hooghly","Rishra","West Bengal"
"Rohini","721148","Bankura","Bankura","West Bengal"
"Rohini","721148","Midnapur","Medinipur","West Bengal"
"Rosa Road","711101","Howrah","Howrah","West Bengal"
"Rosanbagh","742164","Murshidabad","Berhampore","West Bengal"
"Rose Bank","734101","Darjeeling","Darjiling","West Bengal"
"Roypara","741101","Hooghly","Chinsurah","West Bengal"
"Rudra Nagar","743373","South 24 Parganas","Barast","West Bengal"
"Rungamatti","735238","Jalpaiguri","Jalpaiguri","West Bengal"
"Rupnarayanpur Bazar","713364","Bardhaman","Bardhaman","West Bengal"
"Russa","700040","Calcutta","Kolkata","West Bengal"
"Russel Street","700071","Calcutta","Kolkata","West Bengal"
"S B Gorai Road","713301","Bardhaman","Bardhaman","West Bengal"
"S D Hospital","713303","Bardhaman","Bardhaman","West Bengal"
"Sabdalpur","743295","North 24 Parganas","Alipore","West Bengal"
"Sabdarnagar","742175","Murshidabad","Berhampore","West Bengal"
"Sabong","721144","Bankura","Bankura","West Bengal"
"Sabrakone","722149","Bankura","Bankura","West Bengal"
"Sadarghat","713103","Bardhaman","Bardhaman","West Bengal"
"Sadhana Aushadhalaya Road","700048","Calcutta","Kolkata","West Bengal"
"Sadhanpur","713101","Bardhaman","Bardhaman","West Bengal"
"Sagar Bhanga Colony","722149","Bankura","Bankura","West Bengal"
"Sagardighi","742226","Murshidabad","Berhampore","West Bengal"
"Sagareswar","721446","Midnapur","Medinipur","West Bengal"
"Sagarpara","742306","Murshidabad","Berhampore","West Bengal"
"Sahabad","734431","Darjeeling","Darjiling","West Bengal"
"Sahaganj","712104","Hooghly","Chinsurah","West Bengal"
"Sahannagar","700026","Calcutta","Kolkata","West Bengal"
"Sahapur","700038","Calcutta","Sahapur","West Bengal"
"Sahapur","700038","South 24 Parganas","Sahapur","West Bengal"
"Sahitya Parisad","700006","Calcutta","Kolkata","West Bengal"
"Saidpur","712415","Hooghly","Chinsurah","West Bengal"
"Sainthia","731234","Birbhum","Sainthia","West Bengal"
"Sainthia Bazar","731234","Birbhum","Suri","West Bengal"
"Sainthia Rakshakalitala","731234","Birbhum","Suri","West Bengal"
"Sajnapara","735237","Jalpaiguri","Jalpaiguri","West Bengal"
"Saktigarh","713149","Bardhaman","Bardhaman","West Bengal"
"Saktigarh","734405","Darjeeling","Darjiling","West Bengal"
"Saktinagar","741102","Nadiad","Krishnagar","West Bengal"
"Saktipur","742163","Murshidabad","Berhampore","West Bengal"
"Salanpur","713357","Bardhaman","Bardhaman","West Bengal"
"Salar","742401","Murshidabad","Berhampore","West Bengal"
"Salbani","721147","Bankura","Bankura","West Bengal"
"Salbani","721147","Midnapur","Medinipur","West Bengal"
"Sales Tax Building","700015","Calcutta","Kolkata","West Bengal"
"Salka H O","711106","Howrah","Howrah","West Bengal"
"Sallihat","735229","Jalpaiguri","Jalpaiguri","West Bengal"
"Salsalabari","736208","Jalpaiguri","Jalpaiguri","West Bengal"
"Saltora","722158","Bankura","Bankura","West Bengal"
"Salua","721145","Bankura","Bankura","West Bengal"
"Salua","722145","Midnapur","Medinipur","West Bengal"
"Sambay Pallay","711205","Howrah","Howrah","West Bengal"
"Samitipara","735101","Jalpaiguri","Jalpaiguri","West Bengal"
"Samssi","732139","Malda","English Bazar","West Bengal"
"Samta","711324","Howrah","Howrah","West Bengal"
"Samudragarh","741314","Nadiad","Krishnagar","West Bengal"
"Sanatorium Digri","721252","Midnapur","Medinipur","West Bengal"
"Sandeswartola Jatis","712101","Hooghly","Chinsurah","West Bengal"
"Sankaripukur","713104","Bardhaman","Bardhaman","West Bengal"
"Sankaritala","700012","Calcutta","Kolkata","West Bengal"
"Sankrail","711313","Howrah","Sankrail","West Bengal"
"Santaldih Thermal Plant","723146","Purulia","Puruliya","West Bengal"
"Santaldoh","723145","Purulia","Puruliya","West Bengal"
"Santinagar","713325","Bardhaman","Bardhaman","West Bengal"
"Santipur","741404","Nadiad","Santipur","West Bengal"
"Santipur","741404","Nadiad","Santipur","West Bengal"
"Santipur","741404","Nadiad","Santipur","West Bengal"
"Santipur","741404","Nadiad","Santipur","West Bengal"
"Santoshpur","700075","South 24 Parganas","Santoshpur","West Bengal"
"Santoshpur","700075","South 24 Parganas","Santoshpur","West Bengal"
"Santoshpur","700075","South 24 Parganas","Santoshpur","West Bengal"
"Santoshpur","700075","South 24 Parganas","Santoshpur","West Bengal"
"Santoshpur","743612","South 24 Parganas","Santoshpur","West Bengal"
"Santoshpur Avenue","700075","South 24 Parganas","24 Parganas","West Bengal"
"Santragachi","711104","Howrah","Howrah","West Bengal"
"Santuri","723157","Purulia","Puruliya","West Bengal"
"Saontalpur","736206","Jalpaiguri","Jalpaiguri","West Bengal"
"Sapjola","741178","Nadiad","Krishnagar","West Bengal"
"Sarani","700085","Calcutta","Kolkata","West Bengal"
"Sarani Rarsibagan","700009","Calcutta","Kolkata","West Bengal"
"Sarat Bose Road","700029","Calcutta","Kolkata","West Bengal"
"Sarat Chatterjee Road","711104","Howrah","Howrah","West Bengal"
"Sarbamangalabari","713104","Bardhaman","Bardhaman","West Bengal"
"Sarbangapur","742174","Murshidabad","Berhampore","West Bengal"
"Sarberia","743385","South 24 Parganas","Barast","West Bengal"
"Sarenga","722150","Bankura","Sarenga","West Bengal"
"Sarisha","743368","South 24 Parganas","Barast","West Bengal"
"Sarkarpool","743382","South 24 Parganas","Barast","West Bengal"
"Sarsoona","700061","South 24 Parganas","24 Parganas","West Bengal"
"Sarsoona","700061","South 24 Parganas","Barast","West Bengal"
"Sarsoona","700061","South 24 Parganas","Barast","West Bengal"
"Sasoti","711326","Howrah","Howrah","West Bengal"
"Sat Bankura","721253","Midnapur","Medinipur","West Bengal"
"Satchasipara","700002","Calcutta","Kolkata","West Bengal"
"Satgachia","713422","Bardhaman","Bardhaman","West Bengal"
"Satgram","713383","Bardhaman","Bardhaman","West Bengal"
"Satitara","742170","Murshidabad","Berhampore","West Bengal"
"Satmite","721452","Midnapur","Medinipur","West Bengal"
"Satni","742405","Murshidabad","Berhampore","West Bengal"
"Sauri","721466","Midnapur","Medinipur","West Bengal"
"School Board","721101","Bankura","Bankura","West Bengal"
"School Board","722101","Bankura","Bankura","West Bengal"
"School Board","713101","Bardhaman","Bardhaman","West Bengal"
"Seal Lane","700015","Calcutta","Kolkata","West Bengal"
"Sealdah","700014","Calcutta","Kolkata","West Bengal"
"Searsol Rajbari","713358","Bardhaman","Bardhaman","West Bengal"
"Sech Bhavan","700091","South 24 Parganas","24 Parganas","West Bengal"
"Sech Bhawan","700091","North 24 Parganas","Alipore","West Bengal"
"Seema Nagar","741166","Nadiad","Krishnagar","West Bengal"
"Sehara","713423","Bardhaman","Bardhaman","West Bengal"
"Sekandari","721146","Bankura","Bankura","West Bengal"
"Sekandari","721146","Midnapur","Medinipur","West Bengal"
"Serampore Court","712201","Hooghly","Chinsurah","West Bengal"
"Serampore H O","712201","Hooghly","Chinsurah","West Bengal"
"Serhati","700034","Calcutta","Kolkata","West Bengal"
"Sethbagan","700030","Calcutta","Kolkata","West Bengal"
"Sevayatan","721514","Midnapur","Medinipur","West Bengal"
"Seventh Mile","734301","Darjeeling","Darjiling","West Bengal"
"Seyoke Road","734401","Darjeeling","Darjiling","West Bengal"
"Shakespeare Sarani","700017","Calcutta","Kolkata","West Bengal"
"Shalimar","711103","Howrah","Howrah","West Bengal"
"Sheekhala","712706","Hooghly","Chinsurah","West Bengal"
"Sheoraphuli","712223","Hooghly","Chinsurah","West Bengal"
"Shibpur","711102","Howrah","Ghatal","West Bengal"
"Shibpur","741191","Nadiad","Krishnagar","West Bengal"
"Shibpur Bansberia","712502","Hooghly","Chinsurah","West Bengal"
"Shibtala","711204","Howrah","Howrah","West Bengal"
"Shikherejee","741158","Nadiad","Krishnagar","West Bengal"
"Shilampur","713169","Bardhaman","Bardhaman","West Bengal"
"Shree Bhumi","700048","North 24 Parganas","Alipore","West Bengal"
"Shree Bhumi","700048","North 24 Parganas","Alipore","West Bengal"
"Shree Bhumi","700048","North 24 Parganas","Alipore","West Bengal"
"Shyam Bazar","741179","Malda","English Bazar","West Bengal"
"Shyam Bazar","743127","North 24 Parganas","Alipore","West Bengal"
"Shyam Bazar","743127","North 24 Parganas","Alipore","West Bengal"
"Shyam Bazar","743127","North 24 Parganas","Alipore","West Bengal"
"Shyambazar","700004","Calcutta","Kolkata","West Bengal"
"Shyambazar Market","700004","Calcutta","Kolkata","West Bengal"
"Shyamnagar Dum Dum","700055","Calcutta","Kolkata","West Bengal"
"Shyampur","711314","Howrah","Howrah","West Bengal"
"Shyamsundar","713424","Bardhaman","Bardhaman","West Bengal"
"Shyamsundar Patna","721169","Midnapur","Medinipur","West Bengal"
"Shyamsundarpur","713424","Bardhaman","Bardhaman","West Bengal"
"Siddha","721168","Midnapur","Medinipur","West Bengal"
"Silda","721515","Midnapur","Medinipur","West Bengal"
"Siliguri Bazar","734405","Darjeeling","Darjiling","West Bengal"
"Siliguri H O","734401","Darjeeling","Darjiling","West Bengal"
"Siliguri Junction","734401","Darjeeling","Darjiling","West Bengal"
"Siliguri New Market","734401","Darjeeling","Darjiling","West Bengal"
"Siliguri Road","734401","Darjeeling","Darjiling","West Bengal"
"Siliguri Town","734404","Darjeeling","Darjiling","West Bengal"
"Simla","700006","Calcutta","Simla","West Bengal"
"Simlagarh","712158","Hooghly","Chinsurah","West Bengal"
"Simlapal","722151","Bankura","Bankura","West Bengal"
"Simlon","713425","Bardhaman","Bardhaman","West Bengal"
"Simurali","741248","Nadiad","Krishnagar","West Bengal"
"Sindrani","743297","North 24 Parganas","Alipore","West Bengal"
"Singabd","732148","Malda","English Bazar","West Bengal"
"Singerkone","713170","Bardhaman","Bardhaman","West Bengal"
"Singhi","713514","Bardhaman","Bardhaman","West Bengal"
"Singhia","732161","Malda","English Bazar","West Bengal"
"Singur","712409","Hooghly","Singur","West Bengal"
"Sinithee","700050","North 24 Parganas","Alipore","West Bengal"
"Sinjuri","713331","Bardhaman","Bardhaman","West Bengal"
"Sinthee","700050","Calcutta","Kolkata","West Bengal"
"Sirkabad","723154","Purulia","Puruliya","West Bengal"
"Sitaihat","736167","Coochbehar","Koch Bihar","West Bengal"
"Sitalkuchi","736158","Coochbehar","Koch Bihar","West Bengal"
"Sitarampur","713359","Bardhaman","Bardhaman","West Bengal"
"Sodepur","743178","North 24 Parganas","Alipore","West Bengal"
"Sodepur","743178","North 24 Parganas","Alipore","West Bengal"
"Sodepur","743178","North 24 Parganas","Alipore","West Bengal"
"Sodepur","743178","North 24 Parganas","Alipore","West Bengal"
"Sodepur","743178","North 24 Parganas","Alipore","West Bengal"
"Sonada","734219","Darjeeling","Darjiling","West Bengal"
"Sonadanga","741182","Nadiad","Krishnagar","West Bengal"
"Sonai","700043","Calcutta","Kolkata","West Bengal"
"Sonakania","721459","Midnapur","Medinipur","West Bengal"
"Sonakhali","721170","Midnapur","Medinipur","West Bengal"
"Sonakhali","721170","Midnapur","Medinipur","West Bengal"
"Sonamukhi","722207","Bankura","Sonamukhi","West Bengal"
"Sonamukhi Rathtala","722207","Bankura","Bankura","West Bengal"
"Sonarpur","743369","South 24 Parganas","Barast","West Bengal"
"Sonarpurhat","733214","West Dinajpur","West Dinajpur","West Bengal"
"Sonatore","731101","Birbhum","Suri","West Bengal"
"Sonpara","735101","Jalpaiguri","Jalpaiguri","West Bengal"
"Sooterkeen Street","700072","Calcutta","Kolkata","West Bengal"
"South Belgharia","700056","South 24 Parganas","24 Parganas","West Bengal"
"South Bishnupur","743395","South 24 Parganas","Barast","West Bengal"
"South Eastern Rly","700043","Calcutta","Kolkata","West Bengal"
"South Garia","743613","South 24 Parganas","Barast","West Bengal"
"South Sinthee","700050","Calcutta","Kolkata","West Bengal"
"Southern Market","700026","Calcutta","Kolkata","West Bengal"
"Sova Nagar","732209","Malda","English Bazar","West Bengal"
"Sree Bhumi","700048","Calcutta","Kolkata","West Bengal"
"Sree Mayapur","741313","Nadiad","Krishnagar","West Bengal"
"Sri Rampur","741316","Nadiad","Krishnagar","West Bengal"
"Sri Rampur Midnapur","721651","Midnapur","Medinipur","West Bengal"
"Srikhanda","713150","Bardhaman","Bardhaman","West Bengal"
"Sriniketan","731236","Birbhum","Suri","West Bengal"
"Sripalli","713103","Bardhaman","Bardhaman","West Bengal"
"Sripur Bazar","713373","Bardhaman","Bardhaman","West Bengal"
"Sripur Bazar","712514","Hooghly","Chinsurah","West Bengal"
"St Marys Hill","734220","Darjeeling","Darjiling","West Bengal"
"Strand Road","700007","Calcutta","Kolkata","West Bengal"
"Suata","713171","Bardhaman","Bardhaman","West Bengal"
"Subarnapur","741249","Nadiad","Krishnagar","West Bengal"
"Subeng","721144","Midnapur","Medinipur","West Bengal"
"Subhas Nagar","700065","South 24 Parganas","24 Parganas","West Bengal"
"Subhas Sarobar","700010","Calcutta","Kolkata","West Bengal"
"Subhaspally","734401","Darjeeling","Darjiling","West Bengal"
"Sudpur","713517","Bardhaman","Bardhaman","West Bengal"
"Sujapur","732206","Malda","English Bazar","West Bengal"
"Sukchar","743179","North 24 Parganas","Alipore","West Bengal"
"Sukhia Pokhri","734221","Darjeeling","Darjiling","West Bengal"
"Sukna","734225","Darjeeling","Darjiling","West Bengal"
"Sultan Nagar","732160","Malda","English Bazar","West Bengal"
"Sundarchak","713360","Bardhaman","Bardhaman","West Bengal"
"Suri Bazar","731101","Birbhum","Suri","West Bengal"
"Suri College","731101","Birbhum","Suri","West Bengal"
"Suri H O","731101","Birbhum","Suri","West Bengal"
"Surjanagar","713361","Bardhaman","Bardhaman","West Bengal"
"Surl D S B","731101","Birbhum","Suri","West Bengal"
"Sushrutanagar","734432","Darjeeling","Darjiling","West Bengal"
"Sutahata","721635","Midnapur","Medinipur","West Bengal"
"Swarup Ganj","741315","Nadiad","Krishnagar","West Bengal"
"Swarup Nagar","743286","North 24 Parganas","Alipore","West Bengal"
"Taherpur","741159","Nadiad","Taherpur","West Bengal"
"Taigole Bazar","735221","Jalpaiguri","Jalpaiguri","West Bengal"
"Taj Nagr","721662","Midnapur","Medinipur","West Bengal"
"Takdah","734222","Darjeeling","Darjiling","West Bengal"
"Taki","743429","North 24 Parganas","Taki","West Bengal"
"Tala","700002","Calcutta","Kolkata","West Bengal"
"Taldangra","722152","Bankura","Bankura","West Bengal"
"Taldi","743376","South 24 Parganas","Barast","West Bengal"
"Talibpur","742402","Murshidabad","Berhampore","West Bengal"
"Tallygunge H O","700033","Calcutta","Kolkata","West Bengal"
"Taltala","700014","Calcutta","Kolkata","West Bengal"
"Talukhuda","741193","Nadiad","Krishnagar","West Bengal"
"Talupukur","743187","North 24 Parganas","Alipore","West Bengal"
"Tamluk Ho.","721636","Midnapur","Medinipur","West Bengal"
"Tamluk Ho.","721636","Midnapur","Medinipur","West Bengal"
"Tamluk Ho.","721636","Midnapur","Medinipur","West Bengal"
"Tamluk Ho.","721636","Midnapur","Medinipur","West Bengal"
"Tamluk Ho.","721636","Midnapur","Medinipur","West Bengal"
"Tamluk Ho.","721636","Midnapur","Medinipur","West Bengal"
"Tantigeria","721101","Bankura","Bankura","West Bengal"
"Tantipara","731131","Birbhum","Suri","West Bengal"
"Tapan","733127","Dakshin Dinajpur","Balurghat","West Bengal"
"Taratala Road","700088","South 24 Parganas","24 Parganas","West Bengal"
"Tehatta","741160","Nadiad","Krishnagar","West Bengal"
"Tekhali Bazar","721646","Midnapur","Medinipur","West Bengal"
"Telecom Factory","700088","South 24 Parganas","24 Parganas","West Bengal"
"Telephone Bhavan","700001","Calcutta","Kolkata","West Bengal"
"Telinipara","712125","Hooghly","Chinsurah","West Bengal"
"Temata","712136","Hooghly","Chinsurah","West Bengal"
"Tengra","700015","Calcutta","Kolkata","West Bengal"
"Tentulia","743703","North 24 Parganas","Alipore","West Bengal"
"Teor","733145","West Dinajpur","West Dinajpur","West Bengal"
"Terapakhia","721656","Midnapur","Medinipur","West Bengal"
"Texmaco","700056","South 24 Parganas","24 Parganas","West Bengal"
"Thakur Nagar","743287","North 24 Parganas","Alipore","West Bengal"
"Thakur Pukurhat","733151","West Dinajpur","West Dinajpur","West Bengal"
"Thakurpukur","700063","South 24 Parganas","24 Parganas","West Bengal"
"Thakurpukur","700063","South 24 Parganas","Barast","West Bengal"
"Tiljala","700039","Calcutta","Kolkata","West Bengal"
"Tiljalabazar","700039","Calcutta","Kolkata","West Bengal"
"Tiluri","722153","Bankura","Bankura","West Bengal"
"Tindharia","734223","Darjeeling","Darjiling","West Bengal"
"Tiretta Bazar","700073","South 24 Parganas","24 Parganas","West Bengal"
"Tista Bridge","734312","Darjeeling","Darjiling","West Bengal"
"Titagarh","743188","North 24 Parganas","Titagarh","West Bengal"
"Titagarh","743188","North 24 Parganas","Titagarh","West Bengal"
"Titagarh","743188","North 24 Parganas","Titagarh","West Bengal"
"Tollygunge Circular Road","700033","Calcutta","Kolkata","West Bengal"
"Topkhana","734316","Darjeeling","Darjiling","West Bengal"
"Toposi","713362","Bardhaman","Bardhaman","West Bengal"
"Topsia","700039","Calcutta","Kolkata","West Bengal"
"Topsia","721577","Midnapur","Medinipur","West Bengal"
"Township","731132","Birbhum","Suri","West Bengal"
"Treasury Building","700001","Calcutta","Kolkata","West Bengal"
"Trenching Grand Road","700024","Calcutta","Kolkata","West Bengal"
"Tribeni","712503","Hooghly","Chinsurah","West Bengal"
"Tuanganj","736159","Coochbehar","Koch Bihar","West Bengal"
"Tufanganj New Town","736160","Coochbehar","Koch Bihar","West Bengal"
"Tulin","723212","Purulia","Puruliya","West Bengal"
"Tulsi Mitra","711102","Howrah","Howrah","West Bengal"
"Tulsihata","732140","Malda","English Bazar","West Bengal"
"Tumlipara","712103","Hooghly","Chinsurah","West Bengal"
"Tung","734224","Darjeeling","Darjiling","West Bengal"
"Uchalon","713427","Bardhaman","Bardhaman","West Bengal"
"Udaipur","700049","Calcutta","Kolkata","West Bengal"
"Udayanarayanpur","711226","Howrah","Howrah","West Bengal"
"Ukhra","713363","Bardhaman","Ukhra","West Bengal"
"Ukhra Puratan Hattala","713363","Bardhaman","Bardhaman","West Bengal"
"Ukilpara","741101","Hooghly","Chinsurah","West Bengal"
"Ultadanga","700004","Calcutta","Kolkata","West Bengal"
"Ultadanga Main Road","700067","Calcutta","Kolkata","West Bengal"
"Uluberia","711315","Howrah","Uluberia","West Bengal"
"Uluberia R S","711315","Howrah","Howrah","West Bengal"
"Uniatatarpur","713173","Bardhaman","Bardhaman","West Bengal"
"Upper Chellidanga","713304","Bardhaman","Bardhaman","West Bengal"
"Ura","713433","Bardhaman","Bardhaman","West Bengal"
"Ushagram","713303","Bardhaman","Bardhaman","West Bengal"
"Usthi","743375","South 24 Parganas","Barast","West Bengal"
"Uttar Raipur","743389","South 24 Parganas","Barast","West Bengal"
"Uttar Santan Chak","721147","Midnapur","Medinipur","West Bengal"
"Uttarpara","712258","Hooghly","Chinsurah","West Bengal"
"Uttarpara Bazar","712258","Hooghly","Chinsurah","West Bengal"
"V C Mills","711107","Howrah","Howrah","West Bengal"
"V K Nagar","713210","Medinipur","Medinipur","West Bengal"
"Vidyasagar University","721102","Midnapur","Medinipur","West Bengal"
"Vishyasabha","700007","Calcutta","Kolkata","West Bengal"
"Vivekananda Pally","734401","Darjeeling","Darjiling","West Bengal"
"Viviekanagar","700075","South 24 Parganas","24 Parganas","West Bengal"
"W B Assembly","700001","Calcutta","Kolkata","West Bengal"
"W B G S Camp","700062","Calcutta","Kolkata","West Bengal"
"Watgunge","700023","Calcutta","Kolkata","West Bengal"
"West Congresspara","735101","Jalpaiguri","Jalpaiguri","West Bengal"
"Writers Building","700001","Calcutta","Kolkata","West Bengal"
"Zone Colony","713201","Medinipur","Medinipur","West Bengal"
,,,,
,,,,""